pic: 1
3.0
0.21244688
347.1319368
223.3543968
236.4275952
504.4284384
pic: 2
3.0
0.24193214
461.6275968
49.1326464
79.16120064
169.6541712
3.0
0.22836612
551.1592944
93.4434432
266.0946768
222.0625728
pic: 3
pic: 4
3.0
0.87997234
142.1533296
7.17691392
187.4446224
282.92442368
pic: 5
pic: 6
pic: 7
pic: 8
1.0
0.95714235
122.42637
512.119152
361.972494
271.9532
pic: 9
3.0
0.8653204
161.6507712
113.0143168
117.08727264
108.607752
pic: 10
1.0
0.6645244
463.0672896
240.4221624
822.6049024
467.6296896
pic: 11
3.0
0.24567711
14.45330016
0.988879232
67.37791968
180.449485568
pic: 12
pic: 13
3.0
0.40732473
274.30272
890.098048
446.685048
383.735168
pic: 14
5.0
0.6479054
-12.66041304
23.4537216
656.06274504
607.6699584
pic: 15
3.0
0.42099196
190.4494176
377.158284
154.1503584
156.79386
3.0
0.20185897
201.914892
356.0891904
227.7186408
288.9220896
pic: 16
pic: 17
3.0
0.42950618
231.733248
335.35704672
149.8884192
170.933328
pic: 18
3.0
0.27086157
263.9942784
162.4837464
178.6513176
273.5130456
pic: 19
pic: 20
1.0
0.35665482
0.5273180064
-0.3367424016
140.276424874
175.985710402
pic: 21
1.0
0.43191218
222.8241216
297.393056
248.0590464
328.265888
3.0
0.9254815
31.2414048
200.311936
108.6275136
201.5178624
pic: 22
3.0
0.26088142
535.133056
125.9986032
192.292864
319.0174128
pic: 23
3.0
0.29067454
743.4891936
133.072128
85.4965152
168.731952
3.0
0.2096334
460.465776
323.679744
107.6989824
125.500368
pic: 24
1.0
0.24977133
65.97785664
160.75429568
138.71359296
99.80654816
pic: 25
1.0
0.33443412
551.3813376
235.6056
717.0378624
446.6626272
pic: 26
3.0
0.23709989
52.97713488
44.77729344
22.80365712
75.16004848
3.0
0.2104362
70.99280208
0.709306928
31.73220432
71.325284272
pic: 27
3.0
0.40908808
-2.056213584
127.3743648
91.366392384
147.82032
pic: 28
3.0
0.20333207
159.440976
527.393664
45.376224
207.599832
pic: 29
3.0
0.26646492
596.9901696
404.662176
137.6762752
307.2948048
pic: 30
3.0
0.2009123
198.791118
1199.22432
757.130166
484.913184
pic: 31
pic: 32
3.0
0.26747683
165.7795392
-0.191436768
156.9290624
172.132476768
pic: 33
1.0
0.4411183
746.6655936
344.7897624
558.6798144
721.3556196
pic: 34
pic: 35
pic: 36
pic: 37
5.0
0.22768773
66.19594032
99.777568
25.73626608
20.6298488
5.0
0.22666137
74.5104672
100.66456752
31.8093696
20.88914608
pic: 38
1.0
0.39973566
249.7644072
264.5475456
499.740408
603.0290304
pic: 39
pic: 40
pic: 41
3.0
0.4118921
343.34874
694.3715568
352.670652
675.5455152
pic: 42
3.0
0.24172962
10.16284032
153.5295492
652.97044608
632.8464552
pic: 43
5.0
0.45510253
258.3659304
449.568864
408.6277848
261.486216
pic: 44
pic: 45
pic: 46
3.0
0.44332886
501.890304
11.87787312
742.6086016
685.68102288
pic: 47
1.0
0.3408638
61.7782032
224.7847104
386.1361008
551.368128
pic: 48
5.0
0.34833714
866.6472204
758.929824
137.0600676
321.748128
pic: 49
3.0
0.24944994
78.45304896
19.85293008
39.4386608
102.76432848
pic: 50
1.0
0.3069659
63.74106816
34.12434528
187.78255232
93.48796512
3.0
0.23116177
169.66995584
138.7282608
39.94435456
44.01950688
pic: 51
pic: 52
pic: 53
pic: 54
pic: 55
1.0
0.29177222
3.09349536
59.1127872
263.58170784
273.5173568
pic: 56
1.0
0.26123294
74.66904
16.583152256
186.257952
162.051053824
pic: 57
3.0
0.24239887
30.68170272
65.6603992
12.16286208
19.426396
pic: 58
1.0
0.24932978
653.18976
396.76716
638.6787264
408.629394
3.0
0.21075866
1727.876928
56.73687984
167.028096
526.74975216
pic: 59
3.0
0.37192363
0.1598575104
82.5831952
23.1345847296
41.09727424
3.0
0.29228118
56.1250512
53.89699568
32.6033856
52.06615568
pic: 60
3.0
0.24625573
238.1972096
116.1284208
160.023232
294.9712752
pic: 61
pic: 62
1.0
0.959622
64.3383
140.0624512
634.0621104
771.080128
pic: 63
4.0
0.7160804
361.890432
504.850968
718.5618432
204.8630832
pic: 64
1.0
0.92317
29.75030208
93.3078608
78.89212512
82.50605968
pic: 65
pic: 66
3.0
0.8338785
301.8587712
131.2502816
817.8816384
526.16342592
pic: 67
2.0
0.3444452
490.243456
385.529616
172.760704
122.831784
3.0
0.5085129
461.0880256
255.0055104
230.6586624
266.3758656
pic: 68
pic: 69
3.0
0.60473746
365.056608
97.8378
223.505952
240.595176
pic: 70
5.0
0.37542275
94.4461392
192.416992
114.4774848
102.8672768
pic: 71
1.0
0.29423648
24.92454528
11.144138368
169.28258112
171.155816832
pic: 72
pic: 73
3.0
0.99187475
425.1307248
496.83744
330.854652
1234.386816
pic: 74
1.0
0.34707832
238.9611744
718.9852928
456.9054336
515.7522432
pic: 75
3.0
0.9146477
49.01464512
6.496232864
146.83010688
122.060654496
pic: 76
1.0
0.9541195
19.04467104
305.767296
669.69411696
414.39312
pic: 77
1.0
0.65332705
-0.546835896
33.175296
144.101213496
142.0890064
pic: 78
3.0
0.26097664
59.30190288
74.667736
85.33845072
58.8642384
pic: 79
3.0
0.21082577
512.3510784
11.61235584
450.0134272
365.82586416
pic: 80
1.0
0.47587207
8.87545104
20.84002992
281.39019696
244.68223824
pic: 81
pic: 82
pic: 83
3.0
0.48567832
106.65139392
67.0665952
137.82457728
140.0963872
pic: 84
1.0
0.9904332
168.2235144
564.1005696
500.4585576
372.1447104
pic: 85
1.0
0.9027589
67.0056984
69.94472448
431.5825368
393.23676672
pic: 86
5.0
0.27273798
5.032424928
40.23774864
662.516919072
675.15228576
pic: 87
1.0
0.94740254
196.0924224
62.7433792
282.2174304
395.2330688
pic: 88
1.0
0.20571221
0.5618476872
1287.8252736
889.812724313
645.4380864
pic: 89
1.0
0.31155142
-0.363593088
68.92087936
478.588457088
567.83243264
pic: 90
3.0
0.2471654
62.74828512
139.49064096
33.67065888
46.37161056
pic: 91
pic: 92
3.0
0.28073502
132.481368
152.4764032
85.4209584
73.3088928
5.0
0.23482847
85.98828096
-3.400783584
103.64603904
132.839068384
pic: 93
pic: 94
pic: 95
1.0
0.21147545
14.18092488
1054.874688
1059.89181912
780.896064
pic: 96
pic: 97
3.0
0.9869668
179.01302464
1215.5205888
735.29060416
712.7334912
pic: 98
1.0
0.5392898
11.786652
48.60117504
110.3907096
96.78925696
pic: 99
5.0
0.40135726
13.02444216
19.23574464
714.15467784
521.83139136
pic: 100
3.0
0.5580434
419.714208
309.6760192
49.46112
143.2468352
3.0
0.21082224
396.329112
273.7825024
47.016432
182.6400768
