pic: 1
3.0
0.203095
344.89044
223.6032
232.97328
502.58688
pic: 2
3.0
0.230713
554.538528
88.49232
261.732384
222.4296
3.0
0.221005
461.534976
52.88352
80.825472
166.22736
pic: 3
pic: 4
3.0
0.879972
142.66416
7.69664
186.46608
281.44704
pic: 5
pic: 6
pic: 7
pic: 8
1.0
0.958063
122.8806
513.1888
362.172
271.5072
pic: 9
3.0
0.901086
161.426016
113.1328
117.339552
108.456832
pic: 10
1.0
0.77012
456.59648
236.49192
835.168
474.15456
pic: 11
pic: 12
pic: 13
3.0
0.343611
275.40432
891.136
445.17312
382.57408
pic: 14
5.0
0.668355
-9.1656
25.7568
645.354
597.76224
pic: 15
3.0
0.43971
189.71208
380.35656
152.09064
148.53528
3.0
0.217952
198.83736
353.9232
230.38488
293.26104
pic: 16
pic: 17
3.0
0.430556
230.96592
338.180832
152.8584
167.730912
pic: 18
3.0
0.270862
264.99456
164.54088
176.79024
270.66456
pic: 19
pic: 20
1.0
0.388888
0.482832
-0.146784
140.326272
176.015664
pic: 21
1.0
0.425922
242.72064
311.52192
231.1464
323.66656
3.0
0.933418
31.39968
200.51328
107.41152
200.47232
pic: 22
3.0
0.22731
536.0384
130.7232
184.31744
313.70688
pic: 23
3.0
0.275845
744.25824
134.36064
84.673728
165.52752
3.0
0.211249
465.03936
323.90928
103.143456
123.61488
pic: 24
1.0
0.244937
65.649024
160.48384
139.81824
99.495616
pic: 25
1.0
0.334434
552.59776
236.51136
714.90304
445.33368
pic: 26
3.0
0.272407
53.221536
45.584
22.48848
74.673456
3.0
0.226516
70.943472
0.989648
31.593744
70.66752
pic: 27
3.0
0.381857
-1.5012
127.70928
91.55016
144.432
pic: 28
3.0
0.205382
159.74496
529.26696
43.89408
203.99688
pic: 29
3.0
0.287216
597.46176
406.83312
135.37664
303.80832
pic: 30
3.0
0.234345
201.64464
1200.672
754.15212
481.98144
pic: 31
pic: 32
3.0
0.275767
163.485696
0.063936
158.95088
171.669312
3.0
0.202433
121.292512
128.107872
113.749856
139.097376
pic: 33
1.0
0.465753
743.86752
348.33456
561.85536
720.75528
pic: 34
pic: 35
pic: 36
pic: 37
5.0
0.239253
74.733984
100.84096
31.375296
20.677184
5.0
0.219379
66.61728
99.826848
24.826464
20.554688
pic: 38
1.0
0.448938
247.60512
265.82976
507.31812
598.18176
pic: 39
pic: 40
pic: 41
1.0
0.200073
268.71588
715.80816
755.98596
668.82384
3.0
0.492186
334.34748
690.37488
352.8738
674.59536
pic: 42
3.0
0.200756
13.4496
151.9074
647.89632
642.96936
pic: 43
5.0
0.394569
259.80192
449.93016
405.65808
259.24752
pic: 44
pic: 45
3.0
0.205465
632.11904
67.58568
201.01248
225.20736
pic: 46
3.0
0.406744
505.33504
13.15656
737.1072
671.15088
pic: 47
1.0
0.380423
60.14952
221.05824
389.56104
561.67968
pic: 48
5.0
0.382884
867.105
758.77488
136.0152
324.50112
pic: 49
3.0
0.268451
79.723072
20.639376
41.186816
96.978096
3.0
0.202944
131.014048
46.527696
38.791632
53.573472
pic: 50
1.0
0.304795
63.850336
35.473824
189.371776
91.372896
3.0
0.234924
169.955104
138.325536
38.974144
44.008704
pic: 51
pic: 52
pic: 53
pic: 54
pic: 55
1.0
0.233541
2.89056
58.65536
263.02608
274.72448
pic: 56
1.0
0.24708
74.516256
16.72704
184.872672
161.767584
pic: 57
3.0
0.240887
30.523104
65.513008
12.296016
19.745616
pic: 58
1.0
0.308338
619.50336
401.91876
689.43552
489.7314
pic: 59
3.0
0.415784
0.440208
82.208016
22.349664
41.636496
3.0
0.325539
56.420928
53.972336
31.742496
51.728512
pic: 60
3.0
0.242515
242.30784
116.40912
157.08928
295.24272
pic: 61
pic: 62
1.0
0.967388
65.56536
140.38784
633.50136
768.9088
pic: 63
4.0
0.747439
363.73376
501.1236
714.3232
208.67832
pic: 64
1.0
0.933506
29.753712
93.648368
78.997536
82.396864
pic: 65
pic: 66
3.0
0.83006
295.536
129.95616
819.504
522.859072
pic: 67
2.0
0.296744
489.21216
386.82576
173.6576
119.09304
3.0
0.464988
459.81568
259.76736
238.00064
262.8936
pic: 68
pic: 69
3.0
0.603804
364.24256
98.42976
223.15968
239.89536
pic: 70
5.0
0.344869
93.54864
193.11936
116.49312
102.87872
pic: 71
1.0
0.274432
26.364384
10.52832
168.186528
172.098784
pic: 72
pic: 73
3.0
0.992537
423.93672
498.95232
332.86356
1225.92576
pic: 74
1.0
0.340103
237.11904
720.14848
458.37504
518.90048
pic: 75
3.0
0.914648
49.01472
6.49616
146.830176
122.060576
pic: 76
1.0
0.954704
17.54712
306.94824
668.10744
412.1316
pic: 77
1.0
0.62894
0.00936
33.768064
143.6256
140.997648
pic: 78
3.0
0.234467
58.91544
74.07576
85.38984
59.733344
pic: 79
3.0
0.22902
513.5616
10.94904
448.0384
367.30656
pic: 80
1.0
0.449712
7.63824
22.060512
282.576
240.39072
pic: 81
pic: 82
pic: 83
3.0
0.377984
107.574912
67.070784
136.494144
139.22128
pic: 84
1.0
0.990845
171.20088
570.42528
495.23256
364.20192
pic: 85
1.0
0.902762
69.31008
69.60128
425.93472
394.6496
pic: 86
5.0
0.265952
5.65536
45.11376
657.0336
670.32576
pic: 87
1.0
0.938931
194.73936
63.12192
283.59456
393.3504
pic: 88
pic: 89
1.0
0.257043
1.82592
68.88896
476.31744
568.03392
pic: 90
3.0
0.281455
63.198432
139.759136
33.61968
45.650528
pic: 91
pic: 92
3.0
0.235524
131.72112
153.346336
87.30864
71.912544
5.0
0.205739
87.990912
-2.277792
101.660256
133.207008
pic: 93
pic: 94
pic: 95
pic: 96
1.0
0.209783
92.11644
103.86
615.45636
633.49344
pic: 97
3.0
0.988009
180.627584
1218.49728
732.720128
709.04832
pic: 98
1.0
0.545243
11.253888
47.763408
111.917808
97.2356
pic: 99
5.0
0.460876
15.94944
17.89248
710.03592
524.18784
pic: 100
3.0
0.607346
420.12288
307.89248
47.73816
142.87232
3.0
0.215051
396.19224
271.5968
46.82088
182.49088
