1.0
0.940261
0.345721
0.511263
0.539042
0.8277
1.0
0.0598364
0.763839
0.0742079
0.809036
0.142083
1.0
0.0459822
-0.0208588
0.626732
0.295518
1.02287
1.0
0.0375394
0.76109
0.0272382
0.805352
0.0915847
1.0
0.0372627
0.457722
0.440543
0.56314
0.60288
1.0
0.0349727
-0.0123775
0.724706
0.144773
0.962542
1.0
0.0324288
0.261127
0.315877
0.521081
0.662084
1.0
0.0295286
0.439281
0.544733
0.492866
0.621656
1.0
0.0292865
0.742842
0.00837468
0.782253
0.0560278
1.0
0.028124
0.09086
0.462345
0.485686
0.982103
1.0
0.0276893
0.719678
0.0529337
0.757523
0.111321
1.0
0.0275653
0.734081
0.681795
1.00662
0.999697
1.0
0.0257326
0.781773
0.057946
0.825219
0.122914
1.0
0.0252564
0.400915
0.490839
0.518784
0.668465
1.0
0.0251305
0.719203
0.00641716
0.758398
0.0548144
1.0
0.0237541
0.436048
0.408136
0.644976
0.728086
1.0
0.0231041
0.014948
0.750953
0.06072
0.821209
1.0
0.0223146
0.449889
0.701975
0.510694
0.800648
1.0
0.0211777
0.0728836
0.725972
0.180253
0.867187
1.0
0.0204458
0.459877
0.477703
0.512076
0.556119
1.0
0.0202805
0.745953
0.0504304
0.790751
0.115539
1.0
0.0196882
0.543969
0.422437
0.937324
0.991148
1.0
0.0186526
0.511588
0.417276
0.596869
0.563884
1.0
0.0185758
0.519105
0.4496
0.561603
0.51859
1.0
0.0182723
0.00458131
0.698451
0.0936528
0.849793
1.0
0.0181324
0.308302
0.473328
0.435735
0.64362
1.0
0.0180144
0.78839
0.00628963
0.828204
0.0530065
1.0
0.0178796
0.75305
0.0627121
0.838522
0.184904
1.0
0.0178517
0.114649
0.749839
0.161122
0.816101
1.0
0.0177952
0.0140177
0.809033
0.0619449
0.882853
1.0
0.0177022
0.700242
0.025638
0.739714
0.0850344
1.0
0.0172088
0.782296
0.107925
0.828584
0.172941
1.0
0.0171155
0.696874
0.00515624
0.735402
0.0507202
1.0
0.0170443
0.457086
0.573218
0.511186
0.652272
1.0
0.0166103
0.476623
0.864067
0.571914
0.984602
1.0
0.0165543
0.0114372
0.941036
0.0589943
0.995919
1.0
0.0165506
0.464599
0.94905
0.510309
0.995994
1.0
0.0165456
0.455061
0.643364
0.510883
0.729151
1.0
0.0164903
0.274826
0.550091
0.375245
0.686533
1.0
0.0164872
0.48838
0.447248
0.538408
0.519784
1.0
0.0160188
0.825975
0.431479
0.862485
0.478345
1.0
0.0158894
0.392736
0.778953
0.562002
1.00925
1.0
0.015809
0.374815
0.410362
0.502047
0.58087
1.0
0.0157411
0.408388
0.660442
0.519068
0.862947
1.0
0.0155556
0.80795
0.0559754
0.847152
0.114679
1.0
0.0154921
0.319968
0.688386
0.432227
0.850612
1.0
0.0154354
0.403021
-0.00559145
0.888791
0.754014
1.0
0.015315
0.659379
0.953095
0.705416
0.997772
1.0
0.0151012
0.00327312
0.723988
0.0368982
0.78338
1.0
0.0150635
0.747957
0.114121
0.78985
0.170552
1.0
0.0149712
0.0617593
0.755038
0.107634
0.822176
1.0
0.0148827
0.240787
0.37195
0.358851
0.554902
1.0
0.0146439
0.819819
0.455045
0.858343
0.502575
1.0
0.014562
0.514008
0.952447
0.557735
0.998528
1.0
0.0143649
0.412181
0.480735
0.465038
0.553365
1.0
0.0143442
0.267116
0.642709
0.376286
0.785518
1.0
0.0143221
0.708432
0.00478268
0.783374
0.102229
1.0
0.0141894
0.0475222
0.847024
0.160364
0.99192
1.0
0.0140673
0.54049
0.356482
0.624442
0.504327
1.0
0.0139843
0.480964
0.547854
0.532717
0.62242
1.0
0.0139304
0.541334
0.425574
0.577642
0.485169
1.0
0.0136887
0.697809
0.0841562
0.73613
0.139581
1.0
0.013688
0.504286
0.495667
0.609841
0.667034
1.0
0.0136731
0.38852
0.550717
0.442192
0.622765
1.0
0.0136517
0.61682
0.956313
0.661388
0.998429
1.0
0.0134352
0.459767
0.767216
0.508325
0.845665
1.0
0.013418
0.389727
0.701027
0.446385
0.78315
1.0
0.0134119
0.00289906
0.786247
0.0392116
0.849552
1.0
0.0133876
0.438536
0.453829
0.490104
0.527238
1.0
0.0133723
0.0884536
0.780122
0.13467
0.848559
1.0
0.0132923
0.810627
0.117507
0.852086
0.175207
1.0
0.0132179
0.366834
0.747174
0.412877
0.812409
1.0
0.0132115
0.427699
0.350252
0.538982
0.524447
1.0
0.0130081
0.311299
0.583389
0.360938
0.650927
1.0
0.0129939
0.787925
0.149476
0.830028
0.206512
1.0
0.0129797
0.695601
0.1169
0.732737
0.170047
1.0
0.0129795
0.56556
0.955121
0.607259
0.997063
1.0
0.0129736
0.811123
0.0217021
0.853011
0.0818917
1.0
0.0129554
0.790418
0.446334
0.88209
0.557304
1.0
0.0128475
0.0912772
0.728977
0.137437
0.791185
1.0
0.0127797
0.479853
0.317907
0.575361
0.482015
1.0
0.0127531
0.762923
0.892342
0.853883
1.00609
1.0
0.0125744
0.717276
0.117334
0.755241
0.171495
1.0
0.0125296
0.404636
0.666897
0.466614
0.754975
1.0
0.0124468
0.483107
0.610715
0.538154
0.692053
1.0
0.0124183
0.770159
0.00657963
0.855893
0.127625
1.0
0.0123869
0.363168
0.641034
0.42686
0.729025
1.0
0.0123851
0.0368223
0.780563
0.0846304
0.853694
1.0
0.0123812
0.259257
0.250374
0.399758
0.431734
1.0
0.0123255
0.794555
0.37121
0.883895
0.497942
1.0
0.0123118
0.0122491
0.684146
0.0527102
0.746362
1.0
0.0122896
0.341748
0.712364
0.389471
0.777163
1.0
0.0122836
0.219733
0.467865
0.324874
0.618857
1.0
0.0122392
0.41354
0.735734
0.468075
0.815845
1.0
0.0121472
0.436066
0.613236
0.490038
0.695927
1.0
0.0119878
0.541737
0.954057
0.585059
0.998621
1.0
0.0118218
0.0131431
0.585459
0.0559505
0.652643
1.0
0.0117976
0.391498
0.242796
0.51602
0.389946
1.0
0.0117799
0.0395772
0.732561
0.0813794
0.790656
1.0
0.0117691
0.790599
0.184948
0.830894
0.237209
1.0
0.0117526
0.631216
0.724167
0.754266
0.884126
1.0
0.0117475
0.0121766
0.884401
0.0551886
0.955742
1.0
0.0115951
0.564352
0.390311
0.602338
0.449788
1.0
0.0115803
0.18653
0.723511
0.228623
0.778822
1.0
0.0115713
0.658964
0.913407
0.754401
1.00977
1.0
0.0114413
0.0031392
0.649108
0.0351231
0.712728
1.0
0.0113942
0.71424
0.955872
0.757643
1.0019
1.0
0.0113689
0.457055
0.227611
0.653323
0.570867
1.0
0.0113426
0.13708
0.729752
0.184103
0.790803
1.0
0.0113007
0.461373
0.555966
0.574898
0.750188
1.0
0.011296
0.816284
0.484246
0.855936
0.53364
1.0
0.0111977
0.513412
0.508447
0.559337
0.581357
1.0
0.0111804
0.536351
0.475289
0.579014
0.545658
1.0
0.0110895
0.0884938
0.849017
0.133036
0.917556
1.0
0.0109783
0.591919
0.95778
0.636163
0.999282
1.0
0.0109734
0.322813
0.595598
0.453146
0.77097
1.0
0.0109308
0.493103
0.875431
0.540507
0.945826
1.0
0.0109044
0.666649
0.777164
0.856019
1.01817
1.0
0.0108814
0.0601595
0.81209
0.107069
0.884923
1.0
0.0108368
0.562466
0.421038
0.600382
0.479902
1.0
0.010772
-0.00224365
0.647732
0.0654901
0.776468
1.0
0.0107622
0.36157
0.581832
0.41733
0.654687
1.0
0.0107581
0.466061
0.419859
0.513026
0.490382
1.0
0.0107186
0.678188
0.68401
0.805483
0.835174
1.0
0.0106995
0.00194601
0.853963
0.0362535
0.916013
1.0
0.0106669
0.823181
0.402484
0.860472
0.452435
1.0
0.0106504
0.211011
0.688022
0.318492
0.816715
1.0
0.0106499
0.51573
0.396026
0.557388
0.461596
1.0
0.0106426
0.812899
0.662955
0.854948
0.719137
1.0
0.0106114
0.781097
0.109227
0.864245
0.232549
1.0
0.0105854
0.799601
0.465273
0.837077
0.510799
1.0
0.0105824
0.466435
0.684443
0.57804
0.86369
1.0
0.0105583
0.0354239
0.652847
0.135503
0.812658
1.0
0.0105531
0.15414
0.724377
0.253972
0.844327
1.0
0.010544
0.787802
0.280978
0.878352
0.416867
1.0
0.0105339
0.562336
0.453168
0.600827
0.513886
1.0
0.0105246
0.531368
0.567332
0.633414
0.725585
1.0
0.0104668
0.511276
0.582863
0.557752
0.655066
1.0
0.0103104
0.763434
0.260075
0.802711
0.312915
1.0
0.0102588
0.814871
0.187454
0.854375
0.241786
1.0
0.0102546
0.701716
0.0662461
0.786432
0.189896
1.0
0.010241
0.490121
0.39069
0.537372
0.459809
1.0
0.0101544
0.785254
0.686139
0.836733
0.754601
1.0
0.0100737
0.00216965
0.857472
0.0931671
0.990538
