1.0
0.220041
0.261879
0.522796
0.569825
0.905203
1.0
0.20582
0.380546
0.707736
0.516505
0.850261
1.0
0.0605335
-0.0323134
0.613531
0.28615
1.03603
1.0
0.0446048
0.763536
0.0769946
0.808573
0.138891
1.0
0.0434396
0.457451
0.870685
0.556734
0.98273
1.0
0.0374638
0.441961
0.622289
0.566403
0.781078
1.0
0.0356224
0.186311
0.0339205
0.705891
0.852284
1.0
0.0356084
-0.00993327
0.734267
0.14029
0.959347
1.0
0.0344686
0.76122
0.0264922
0.804669
0.0858075
1.0
0.033554
0.349571
0.795837
0.534646
0.994729
1.0
0.0299557
0.745602
0.00890088
0.784138
0.0530492
1.0
0.0278069
0.392289
0.447571
0.855533
0.992028
1.0
0.0273377
0.742433
0.668568
1.00768
1.00017
1.0
0.0257264
0.661349
0.952935
0.707036
0.996428
1.0
0.0251549
0.828235
0.430155
0.864991
0.480066
1.0
0.0249409
0.463045
0.947165
0.51506
0.997556
1.0
0.0248067
0.0138192
0.750391
0.0622302
0.825397
1.0
0.0244945
0.326359
0.667077
0.446527
0.803481
1.0
0.0223609
0.476823
0.556065
0.584042
0.716939
1.0
0.0217209
0.342134
0.711663
0.396808
0.783336
1.0
0.0209555
0.783264
0.0594966
0.826329
0.12085
1.0
0.0209017
0.719525
0.00645527
0.760119
0.0529377
1.0
0.0207147
0.784933
0.0275381
0.829148
0.0868093
1.0
0.0205925
0.732015
0.037798
0.81662
0.150802
1.0
0.0199766
0.396773
0.398286
0.614672
0.757282
1.0
0.0197824
0.0137498
0.806857
0.0638777
0.883909
1.0
0.0197556
0.616257
0.957954
0.660673
0.998517
1.0
0.0192436
0.0678101
0.726762
0.17907
0.869571
1.0
0.0191835
0.45544
0.687198
0.515221
0.762623
1.0
0.0186643
0.445635
0.772816
0.508886
0.850847
1.0
0.0186221
0.719086
0.0546755
0.757356
0.110303
1.0
0.0183311
0.787677
0.0072716
0.827748
0.0517331
1.0
0.0182847
0.79684
0.371435
0.880934
0.501478
1.0
0.0177626
0.408505
0.549631
0.528662
0.714285
1.0
0.0173923
0.519369
0.608398
0.627215
0.758478
1.0
0.0169377
0.508269
0.94613
0.560346
0.998681
1.0
0.016776
0.465364
0.85908
0.517787
0.924488
1.0
0.0167654
0.681901
0.685576
0.80045
0.831871
1.0
0.0162745
0.459808
0.790544
0.574664
0.925192
1.0
0.0162018
0.474836
0.710735
0.543789
0.792214
1.0
0.0161877
0.257821
0.26343
0.539579
0.651912
1.0
0.0161417
0.012085
0.917711
0.0612221
0.985405
1.0
0.0161387
0.000445604
0.944598
0.0365221
0.996618
1.0
0.0160067
0.27442
0.708855
0.382828
0.853185
1.0
0.0158166
0.506382
0.675745
0.563758
0.757102
1.0
0.015791
0.537801
0.953415
0.585422
0.999806
1.0
0.0157875
0.431046
0.805604
0.490699
0.874152
1.0
0.0156517
0.582512
0.710605
0.701523
0.856312
1.0
0.0155956
0.363012
0.73714
0.422106
0.813882
1.0
0.0155462
0.114019
0.750043
0.159224
0.81431
1.0
0.0151892
0.659152
0.919953
0.750394
1.00822
1.0
0.0151697
0.059647
0.754015
0.107405
0.822368
1.0
0.0150806
0.435924
0.655873
0.490924
0.725362
1.0
0.0150458
0.785246
0.280848
0.872586
0.421826
1.0
0.0150416
0.497776
0.905351
0.594729
1.0025
1.0
0.0149987
0.784285
0.109883
0.828235
0.168391
1.0
0.0149712
0.713855
0.956003
0.75675
1.00098
1.0
0.0148179
0.301514
0.262967
0.430372
0.415742
1.0
0.0146313
0.478585
0.451046
0.58907
0.62966
1.0
0.0146273
0.807421
0.0566924
0.847314
0.113908
1.0
0.0143062
0.0122246
0.683092
0.0530106
0.745964
1.0
0.0142351
0.48524
0.649721
0.54659
0.726434
1.0
0.0142157
0.00308188
0.724004
0.0380335
0.78572
1.0
0.0141703
0.415671
0.956322
0.462797
0.998535
1.0
0.014144
0.739781
0.315388
0.830408
0.466609
1.0
0.0140379
0.823738
0.403077
0.860271
0.455066
1.0
0.0140224
0.39935
0.908347
0.496374
1.00337
1.0
0.0140123
0.765198
0.892389
0.853463
1.00468
1.0
0.0139126
0.570116
0.675295
0.79819
0.941462
1.0
0.0138458
0.00287479
0.785653
0.0408217
0.851456
1.0
0.0138016
0.408034
0.689335
0.466133
0.761974
1.0
0.0136228
0.81152
0.118961
0.852359
0.172897
1.0
0.0136197
0.216975
0.714699
0.318297
0.851483
1.0
0.0134356
0.626112
0.765155
0.743153
0.917411
1.0
0.0134241
0.790897
0.18775
0.830186
0.238425
1.0
0.0133712
0.508919
0.781971
0.559629
0.847814
1.0
0.0133061
0.706531
0.196906
0.904033
0.564598
1.0
0.0132782
0.810426
0.022801
0.852813
0.0802306
1.0
0.0131455
0.801766
0.427758
0.839697
0.478251
1.0
0.013122
0.462325
0.614337
0.514214
0.682787
1.0
0.0131157
0.829202
0.405323
0.914313
0.535229
1.0
0.0129844
0.482702
0.704693
0.610281
0.854941
1.0
0.0129792
0.274809
0.623247
0.37554
0.75473
1.0
0.0129614
0.792295
0.358272
0.829407
0.411399
1.0
0.0129084
0.787111
0.684691
0.835043
0.751398
1.0
0.0128675
0.264343
0.454081
0.371584
0.626242
1.0
0.0127627
0.51348
0.616321
0.565183
0.691667
1.0
0.0127571
0.528648
0.640806
0.584942
0.718732
1.0
0.0126981
0.166619
0.720424
0.212157
0.781595
1.0
0.0126817
0.818993
0.360255
0.854933
0.410977
1.0
0.0126231
0.816285
0.257428
0.855162
0.310258
1.0
0.0125812
0.839801
0.446078
0.878753
0.500306
1.0
0.0125269
0.44121
0.848773
0.492232
0.909842
1.0
0.0124695
0.773311
0.0676964
0.860332
0.189868
1.0
0.0123767
0.0889259
0.728017
0.135531
0.788987
1.0
0.0123542
0.0347108
0.7792
0.0852816
0.857082
1.0
0.0122444
0.789176
0.153425
0.830215
0.206717
1.0
0.0121865
0.0374665
0.839949
0.0868168
0.913755
1.0
0.012178
0.0572157
0.811648
0.106249
0.887754
1.0
0.0121643
0.80031
0.460097
0.83763
0.50887
1.0
0.012065
0.790778
0.322066
0.82866
0.37486
1.0
0.0120462
0.564601
0.825141
0.769043
1.02733
1.0
0.0120348
0.796581
0.39351
0.832148
0.443752
1.0
0.0120201
0.81183
0.663115
0.851506
0.718105
1.0
0.0120129
0.0385496
0.73261
0.0827263
0.793092
1.0
0.0119665
0.0858655
0.781713
0.134738
0.851474
1.0
0.01193
0.71606
0.923203
0.759415
0.979759
1.0
0.0119148
0.388709
0.657775
0.44082
0.723134
1.0
0.0119146
0.816073
0.289989
0.854731
0.340341
1.0
0.0118605
0.819573
0.485052
0.857035
0.535464
1.0
0.0118407
0.814948
0.188845
0.854123
0.241147
1.0
0.011833
0.532794
0.51015
0.627765
0.658925
1.0
0.0118137
0.818501
0.322855
0.854667
0.373621
1.0
0.0118014
0.00221041
0.85255
0.0383074
0.91659
1.0
0.0117493
0.563981
0.925508
0.660353
1.00993
1.0
0.0116613
-0.00125408
0.655589
0.0671126
0.783188
1.0
0.0115506
0.76809
0.00779878
0.856027
0.125791
1.0
0.0115434
0.696257
0.00413951
0.736478
0.0494302
1.0
0.0115401
0.0325943
0.656777
0.133496
0.817402
1.0
0.011525
0.487211
0.586385
0.541053
0.654788
1.0
0.0115092
0.536163
0.585804
0.583876
0.654748
1.0
0.0113603
0.486043
0.34421
0.600159
0.522963
1.0
0.0113524
0.335055
0.282406
0.39152
0.355226
1.0
0.0113111
0.788994
0.215315
0.873631
0.343939
1.0
0.01126
0.06869
0.690572
0.105366
0.74702
1.0
0.0112566
0.562963
0.522274
0.606407
0.584644
1.0
0.0111804
0.787871
0.470406
0.880937
0.601494
1.0
0.0111569
0.552669
0.775983
0.671467
0.916472
1.0
0.0111224
0.0037964
0.652089
0.0361634
0.71582
1.0
0.0111172
0.764709
0.950151
0.811043
1.00165
1.0
0.0110986
0.662467
0.713894
0.712985
0.781094
1.0
0.0110607
0.766556
0.261029
0.804649
0.313833
1.0
0.0110263
0.816475
0.223285
0.856688
0.276865
1.0
0.0110013
0.74732
0.115916
0.789049
0.16779
1.0
0.0109634
0.930204
0.399674
0.999534
0.564942
1.0
0.0109357
0.780191
0.657691
0.870235
0.794561
1.0
0.0109284
0.250605
0.337168
0.358397
0.500484
1.0
0.0108717
0.33887
0.660936
0.389397
0.725972
1.0
0.0108515
0.761319
0.148946
0.848521
0.27674
1.0
0.010837
0.138471
0.725643
0.187158
0.788526
1.0
0.0107843
0.67016
0.380513
0.762403
0.512098
1.0
0.0107484
0.787302
0.260284
0.828403
0.312535
1.0
0.0106458
0.860773
0.425143
0.898342
0.477566
1.0
0.0105999
0.29392
0.71644
0.337122
0.775071
1.0
0.010581
0.674899
0.786456
0.858397
1.01693
1.0
0.0104724
0.319837
0.747553
0.365185
0.810674
1.0
0.0104597
0.768382
0.319478
0.805031
0.374274
1.0
0.0104453
0.617326
0.386523
0.709569
0.515819
1.0
0.0104168
0.962479
0.447002
0.997009
0.518816
1.0
0.0103983
0.706635
0.00297947
0.785928
0.0976091
1.0
0.0103793
0.74384
0.40405
0.847136
0.548622
1.0
0.0103772
0.769034
0.355213
0.805931
0.409599
1.0
0.0103396
0.390148
0.764309
0.459714
0.846178
1.0
0.0103329
0.509874
0.466398
0.724873
0.777081
1.0
0.0102992
0.219301
0.548423
0.311348
0.690821
1.0
0.0102939
0.614119
0.715127
0.663798
0.781614
1.0
0.0102175
0.812392
0.153624
0.854291
0.208617
1.0
0.0101865
0.316307
0.656887
0.363052
0.719777
1.0
0.0101524
0.0627986
0.949699
0.107317
1.00047
1.0
0.0101499
0.669403
0.284064
0.759708
0.418408
1.0
0.0101385
0.718817
0.424031
0.755527
0.473519
1.0
0.0101382
0.482758
0.819843
0.53642
0.882586
1.0
0.0101109
0.440465
0.58322
0.492264
0.651963
1.0
0.0100994
0.530511
0.706141
0.586074
0.779897
1.0
0.0100962
0.720598
0.252526
0.807128
0.386606
