1.0
0.97246
0.476527
0.267809
0.630435
0.491844
1.0
0.134394
0.3588
0.294642
0.775996
0.920819
1.0
0.0502
0.790371
0.044469
0.833119
0.112344
1.0
0.0484442
0.0161588
0.524555
0.42613
1.08232
1.0
0.0406738
0.767848
0.021044
0.812108
0.0889655
1.0
0.03227
0.618052
0.471409
0.964789
1.04632
1.0
0.0295233
0.788443
0.00903492
0.832235
0.061838
1.0
0.0227939
0.174244
0.623538
0.209705
0.676336
1.0
0.0226098
0.218176
0.622276
0.256931
0.677821
1.0
0.0222254
0.121163
0.559394
0.203279
0.680206
1.0
0.0219315
0.242327
0.758075
0.281504
0.812691
1.0
0.0214279
0.194466
0.62148
0.233123
0.676812
1.0
0.0213991
0.120203
0.484203
0.196544
0.61072
1.0
0.0209413
0.748465
0.00559064
0.788335
0.0536652
1.0
0.0208922
0.559245
0.256505
0.611789
0.329139
1.0
0.0206499
0.176114
0.694734
0.20986
0.745674
1.0
0.0204777
0.17374
0.620428
0.260747
0.740137
1.0
0.0204535
0.128113
0.52526
0.160395
0.578624
1.0
0.0202527
0.805055
0.0243024
0.848997
0.0881916
1.0
0.0201292
0.0753932
0.558484
0.154202
0.686143
1.0
0.0200607
0.756953
0.0258648
0.835466
0.158097
1.0
0.019775
0.0604757
0.0693167
0.499416
0.812276
1.0
0.0196173
0.211743
0.690138
0.290439
0.807911
1.0
0.0196047
0.0990806
0.595514
0.130486
0.646374
1.0
0.0194678
0.142267
0.595128
0.176029
0.64356
1.0
0.019088
0.121876
0.407083
0.202765
0.54934
1.0
0.0190793
0.126398
0.699929
0.214055
0.827818
1.0
0.0186699
0.221908
0.692554
0.2582
0.74446
1.0
0.0186313
0.240325
0.693229
0.279777
0.748144
1.0
0.01858
0.122816
0.593512
0.15512
0.645074
1.0
0.018539
0.466926
0.511674
0.575877
0.667845
1.0
0.0181779
0.769208
0.0689375
0.812007
0.133732
1.0
0.018092
0.489519
0.313698
0.546388
0.391157
1.0
0.0180191
0.463517
0.356039
0.649801
0.678258
1.0
0.0178908
0.174783
0.652713
0.207925
0.70499
1.0
0.0178188
0.1959
0.695432
0.231469
0.746056
1.0
0.0175577
0.222126
0.653921
0.257555
0.706994
1.0
0.0175312
0.0179872
0.559099
0.0533061
0.61761
1.0
0.0174753
0.117118
0.204022
0.200559
0.361868
1.0
0.0174672
0.144608
0.623256
0.179623
0.675937
1.0
0.0173325
0.318656
0.594468
0.356133
0.647309
1.0
0.017201
0.240536
0.656236
0.278529
0.710916
1.0
0.0171971
0.294336
0.598772
0.333153
0.650404
1.0
0.016945
0.234564
0.62245
0.320199
0.74087
1.0
0.0169403
0.360702
0.585012
0.463384
0.719059
1.0
0.016808
0.196089
0.652869
0.231279
0.706015
1.0
0.0164268
0.142802
0.271005
0.238674
0.432578
1.0
0.0163006
0.0968452
0.609249
0.180923
0.738801
1.0
0.0161242
0.0746333
0.408906
0.156729
0.554032
1.0
0.0161204
0.147265
0.757448
0.181539
0.809473
1.0
0.0161161
0.12547
0.455637
0.158056
0.508543
1.0
0.0160212
0.0715985
0.235201
0.16022
0.398143
1.0
0.015903
0.17219
0.759156
0.206588
0.809752
1.0
0.0158953
0.138731
0.550533
0.174537
0.604306
1.0
0.0158413
0.587467
0.690404
0.690004
0.820835
1.0
0.0157975
0.000967812
0.646613
0.0574381
0.776198
1.0
0.0157951
0.263146
0.692637
0.300384
0.745021
1.0
0.0157724
0.122891
0.784213
0.219376
0.918427
1.0
0.0157488
0.195493
0.787846
0.228672
0.83286
1.0
0.0157053
0.238073
0.622245
0.280072
0.679213
1.0
0.0156448
0.534018
0.284689
0.593683
0.367109
1.0
0.0156313
0.147531
0.652789
0.178703
0.701598
1.0
0.0156228
0.219149
0.521297
0.254893
0.573215
1.0
0.0155741
0.268331
0.57447
0.354977
0.6868
1.0
0.0154687
0.0149148
0.617092
0.0532534
0.685985
1.0
0.0154549
0.195177
0.723787
0.228995
0.772337
1.0
0.0154339
0.292634
0.648906
0.329878
0.704873
1.0
0.0153361
0.147316
0.730031
0.18009
0.779201
1.0
0.0152733
0.320577
0.563524
0.356341
0.61397
1.0
0.0152384
0.165621
0.479335
0.255641
0.610917
1.0
0.015163
0.0048754
0.652324
0.0367307
0.718705
1.0
0.0151421
0.26777
0.621946
0.307926
0.677477
1.0
0.0150972
0.653419
0.593149
0.772878
0.749185
1.0
0.0150048
0.101773
0.344524
0.18041
0.492185
1.0
0.0149497
0.508338
0.569405
0.565437
0.652666
1.0
0.014785
0.293229
0.6107
0.380955
0.732207
1.0
0.0147392
0.0938013
0.140927
0.27004
0.472942
1.0
0.0146685
0.00570795
0.589974
0.0360028
0.649595
1.0
0.0145974
0.174043
0.725847
0.207383
0.775173
1.0
0.0145364
0.104209
0.560142
0.285986
0.85533
1.0
0.014518
0.114748
0.114323
0.204675
0.275637
1.0
0.0145127
0.578614
0.313062
0.63537
0.389329
1.0
0.0143975
0.222535
0.761918
0.257511
0.811021
1.0
0.0143845
0.125405
0.755022
0.159782
0.80972
1.0
0.0143416
0.241398
0.825843
0.279615
0.874011
1.0
0.0143286
0.68082
0.861019
0.792961
0.999138
1.0
0.0143149
0.000979591
0.535972
0.062728
0.652889
1.0
0.0142675
0.0969939
0.649663
0.128923
0.703206
1.0
0.0142314
0.156597
0.877507
0.272273
0.99101
1.0
0.0142274
0.266478
0.653537
0.304476
0.708697
1.0
0.0141639
0.219545
0.559852
0.255066
0.609495
1.0
0.0141082
0.511567
0.255102
0.565541
0.326503
1.0
0.0140903
0.142243
0.391511
0.176522
0.444602
1.0
0.0140676
0.125328
0.49344
0.157871
0.548848
1.0
0.0139939
0.744388
0.860999
0.840182
0.994123
1.0
0.013971
0.210959
0.921327
0.26348
0.980561
1.0
0.0139456
0.125139
0.322781
0.157519
0.37668
1.0
0.0139298
0.272059
0.520903
0.30703
0.571477
1.0
0.0137411
0.26302
0.72397
0.2993
0.775768
1.0
0.0135895
0.168766
0.336614
0.267941
0.490088
1.0
0.0135826
0.124536
0.726587
0.15779
0.779339
1.0
0.013574
0.735514
0.590141
0.838478
0.765474
1.0
0.013491
0.6466
0.679927
0.757417
0.825124
1.0
0.0134596
0.0794757
0.715145
0.170424
0.855783
1.0
0.0134303
0.791109
0.192976
0.830071
0.244724
1.0
0.0134199
0.220357
0.458101
0.256205
0.508618
1.0
0.0133925
0.318512
0.649833
0.355359
0.705803
1.0
0.0133691
0.273292
0.559171
0.308109
0.607844
1.0
0.0133559
-0.00177099
0.0154823
0.0805426
0.145273
1.0
0.0133408
0.562899
0.659462
0.607547
0.723283
1.0
0.0133172
0.174216
0.207635
0.268346
0.363372
1.0
0.0132784
0.193659
0.523031
0.230866
0.576003
1.0
0.0132367
0.604863
0.541108
0.827763
0.830479
1.0
0.0132079
0.813725
0.117408
0.85438
0.175596
1.0
0.0131936
0.258469
0.686355
0.345611
0.813959
1.0
0.0131641
0.0980292
0.457065
0.130207
0.508359
1.0
0.0131641
0.00508992
0.526052
0.0334189
0.581039
1.0
0.0131459
0.220022
0.829782
0.255693
0.875184
1.0
0.013136
0.214571
0.853427
0.255766
0.902329
1.0
0.0131181
0.165465
0.522824
0.202023
0.576699
1.0
0.0131133
0.0981316
0.390997
0.13079
0.442537
1.0
0.0131101
0.167784
0.556361
0.203739
0.606822
1.0
0.0130984
0.102027
0.525681
0.133576
0.575462
1.0
0.0130924
0.0407637
0.589299
0.0722155
0.641878
1.0
0.0130862
0.0716719
0.622224
0.10399
0.676446
1.0
0.0130739
0.148597
0.695418
0.181188
0.745673
1.0
0.0129762
0.141267
0.422893
0.176763
0.477986
1.0
0.0128873
0.262829
0.787801
0.298622
0.835924
1.0
0.0127531
0.0115831
0.583764
0.0874642
0.722763
1.0
0.0127218
0.194007
0.560288
0.230017
0.609986
1.0
0.012719
0.0696128
0.136752
0.160367
0.304758
1.0
0.012626
-0.00132741
0.462675
0.0595202
0.579144
1.0
0.0126059
0.071965
0.592984
0.102455
0.643948
1.0
0.0126059
0.122415
0.650612
0.154991
0.703999
1.0
0.01256
0.418089
0.571846
0.5252
0.713631
1.0
0.0125531
0.137129
0.415941
0.32324
0.724167
1.0
0.0125207
0.101827
0.562889
0.132354
0.612325
1.0
0.0125173
0.168374
0.32465
0.204009
0.377977
1.0
0.0124781
0.219434
0.481726
0.309442
0.608849
1.0
0.0124434
0.167612
0.455139
0.203128
0.507413
1.0
0.0124236
0.465163
0.580082
0.513287
0.646065
1.0
0.0123795
0.789581
0.110597
0.832644
0.172906
1.0
0.0123425
0.268783
0.484296
0.358152
0.612654
1.0
0.0123401
0.194041
0.391811
0.229266
0.441731
1.0
0.0123343
0.172645
0.826924
0.207887
0.873631
1.0
0.0122857
0.167486
0.390679
0.202715
0.442748
1.0
0.0122724
0.164196
0.746541
0.255125
0.872448
1.0
0.0122615
0.0148
0.491561
0.0481998
0.545048
1.0
0.0122578
0.814586
0.188688
0.854107
0.242131
1.0
0.0122299
0.169862
0.854766
0.210033
0.904239
1.0
0.0121948
0.0991711
0.322965
0.132122
0.375466
1.0
0.0121947
0.220081
0.492131
0.255084
0.542684
1.0
0.0121715
-0.000730595
0.778797
0.05685
0.918478
1.0
0.0121306
0.145292
0.827541
0.181354
0.875521
1.0
0.0120898
0.194749
0.458028
0.231063
0.508458
1.0
0.0120346
0.807707
0.0718
0.850701
0.135318
1.0
0.012007
-0.000454402
0.288904
0.0623153
0.407541
1.0
0.0119692
0.0041279
0.717365
0.0351296
0.783409
1.0
0.0119556
0.239013
0.851685
0.279416
0.90142
1.0
0.0119409
0.206737
0.783662
0.296793
0.909198
1.0
0.0118605
0.125206
0.355699
0.157834
0.411399
1.0
0.0118389
0.716042
0.955532
0.759276
1.00105
1.0
0.0118386
0.765271
0.736776
0.852586
0.89936
1.0
0.0118337
0.19586
0.324642
0.23105
0.375831
1.0
0.0118283
0.0988594
0.252845
0.133609
0.309181
1.0
0.0117906
0.0988301
0.723602
0.130746
0.774478
1.0
0.0117875
0.515039
0.587536
0.613211
0.739024
1.0
0.0117713
0.0996607
0.493682
0.130678
0.543593
1.0
0.0117681
0.222548
0.721762
0.257456
0.771134
1.0
0.0117397
0.293341
0.522332
0.328251
0.573945
1.0
0.0116858
0.295789
0.561601
0.332433
0.611848
1.0
0.0116853
0.120756
0.188445
0.158151
0.252278
1.0
0.0116835
0.318561
0.688947
0.354602
0.742424
1.0
0.0116569
0.122765
0.69234
0.156372
0.746501
1.0
0.0116199
0.00425133
0.457722
0.0316508
0.510832
1.0
0.0116035
0.788337
0.220871
0.828515
0.271893
1.0
0.0115855
0.292605
0.723851
0.326867
0.773348
1.0
0.0115634
0.274322
0.456227
0.309251
0.508636
1.0
0.0115397
0.652782
0.772359
0.769499
0.934887
1.0
0.011524
0.122745
0.251911
0.156614
0.310749
1.0
0.0114909
0.245762
0.521813
0.2816
0.573257
1.0
0.0114413
0.00466196
0.322227
0.0340538
0.379072
1.0
0.0114413
0.391913
0.587804
0.434656
0.647681
1.0
0.0114411
0.274791
0.491459
0.308706
0.541429
1.0
0.0114202
0.167995
0.356799
0.203503
0.41082
1.0
0.0113654
0.0982152
0.426591
0.131482
0.478307
1.0
0.0113576
0.59431
0.751014
0.64161
0.809099
1.0
0.0113261
0.763198
0.0944783
0.849826
0.241246
1.0
0.0113013
0.0042913
0.387818
0.0325851
0.442611
1.0
0.0112882
0.717458
0.0226919
0.759372
0.0815674
1.0
0.0112859
0.191678
0.855693
0.233377
0.906114
1.0
0.0112545
0.00311779
0.81397
0.0357869
0.884165
1.0
0.011254
0.613774
0.73036
0.664258
0.790639
1.0
0.0112443
0.490772
0.610849
0.542748
0.68156
1.0
0.0112395
0.0695769
0.564232
0.0992114
0.612866
1.0
0.0112386
0.221904
0.318752
0.258016
0.3735
1.0
0.0112343
0.168199
0.491786
0.203801
0.544695
1.0
0.0112258
0.220079
0.391123
0.255088
0.441105
1.0
0.0112166
0.144033
0.855864
0.183425
0.904967
1.0
0.011213
0.123572
0.786235
0.15783
0.839036
1.0
0.0111983
0.192492
0.40505
0.286485
0.54109
1.0
0.0111828
0.79407
0.896883
0.881036
1.00839
1.0
0.0111707
0.749702
0.0466798
0.793143
0.113263
1.0
0.0111549
0.292413
0.69091
0.329381
0.744497
1.0
0.0111346
0.0984147
0.358454
0.131797
0.412515
1.0
0.0111172
0.124309
0.289032
0.157334
0.346096
1.0
0.0110817
0.165493
0.954884
0.210844
0.998404
1.0
0.0110713
0.0901002
0.876245
0.204546
0.99548
1.0
0.0110663
0.0993151
0.290291
0.133625
0.345947
1.0
0.0110615
0.16578
0.422758
0.202431
0.476136
1.0
0.0109811
0.0157275
0.351583
0.052636
0.411423
1.0
0.0109728
0.0103361
0.703857
0.0884321
0.864392
1.0
0.0109628
-0.00110788
0.386366
0.0599362
0.503211
1.0
0.0109459
-9.23835e-05
0.218424
0.0648831
0.343886
1.0
0.0109193
0.713712
0.0541768
0.886274
0.374305
1.0
0.0109063
0.122629
0.82535
0.157581
0.876785
1.0
0.0108465
0.0171401
0.339286
0.0981438
0.480935
1.0
0.0108122
0.0112308
0.746697
0.0487462
0.815671
1.0
0.0107773
0.577666
0.575491
0.690377
0.725917
1.0
0.0107337
0.098419
0.789883
0.130323
0.839099
1.0
0.0107335
0.264847
0.82526
0.300809
0.872605
1.0
0.0107308
0.194646
0.827365
0.232109
0.875825
1.0
0.0106798
0.224748
0.287497
0.260599
0.342229
1.0
0.0106459
0.488034
0.440829
0.540376
0.513852
1.0
0.010607
0.768063
0.22269
0.805969
0.272827
1.0
0.010607
0.815095
0.221583
0.855057
0.274322
1.0
0.0106051
0.0535666
0.413579
0.219055
0.72886
1.0
0.010599
0.768921
0.113881
0.808901
0.17269
1.0
0.0105748
0.723461
0.702197
0.820269
0.85814
1.0
0.0105517
0.246583
0.457613
0.280977
0.506905
1.0
0.0105411
0.767011
0.909842
0.816623
0.980115
1.0
0.0105079
0.189047
0.950894
0.238201
0.998007
1.0
0.0104676
0.466173
0.615887
0.511786
0.680469
1.0
0.0104597
0.317626
0.722219
0.352894
0.773844
1.0
0.0104562
0.343699
0.473458
0.554854
0.759422
1.0
0.0104149
0.194421
0.491375
0.231863
0.543549
1.0
0.010363
0.609444
0.287181
0.655242
0.355314
1.0
0.010349
0.294161
0.4556
0.328166
0.508539
1.0
0.0103437
0.292247
0.717302
0.379851
0.846407
1.0
0.0103321
0.0413364
0.484756
0.125617
0.624689
1.0
0.010332
0.0993662
0.757514
0.132374
0.810375
1.0
0.010308
0.418131
0.586572
0.460137
0.645367
1.0
0.0103066
0.744092
0.11684
0.783342
0.172447
1.0
0.0102756
0.0897966
0.0165649
0.137997
0.0806766
1.0
0.0102662
0.000478551
0.948068
0.0336663
0.997938
1.0
0.0102404
0.0408532
0.645421
0.1283
0.79357
1.0
0.0102401
0.0717424
0.390994
0.101952
0.440093
1.0
0.010234
0.342028
0.650262
0.380603
0.705852
1.0
0.0101942
0.815613
0.153091
0.855556
0.209543
1.0
0.0101895
0.0743687
0.494607
0.103209
0.541981
1.0
0.0101447
0.319544
0.525618
0.35598
0.57918
1.0
0.0101262
0.520242
0.64985
0.561715
0.709275
1.0
0.0100411
0.56021
0.442477
0.610812
0.5153
1.0
0.0100255
0.235207
0.94964
0.284615
0.997578
1.0
0.0100182
0.167589
0.253879
0.205237
0.311194
