1.0
0.9977
0.280787
0.306453
0.502543
0.66019
1.0
0.0534144
0.765171
0.0753214
0.809681
0.1398
1.0
0.0430628
-0.0385273
0.570986
0.352274
1.08157
1.0
0.038041
0.254775
0.480507
0.65577
1.0106
1.0
0.0332174
0.762086
0.0285947
0.804944
0.0884382
1.0
0.0278919
0.737798
0.67291
1.01001
1.00053
1.0
0.0270716
0.744902
0.00915409
0.782218
0.0530812
1.0
0.0260709
-0.0142444
0.739387
0.127262
0.958395
1.0
0.0254038
0.473986
0.359766
0.559736
0.533283
1.0
0.0242333
0.0179747
0.755651
0.0598109
0.819413
1.0
0.021763
0.0527049
0.735783
0.152593
0.868968
1.0
0.0213802
0.655021
0.947255
0.707027
0.996982
1.0
0.0213709
0.49521
0.389912
0.539351
0.464824
1.0
0.0211016
0.784981
0.0287008
0.828572
0.0880566
1.0
0.0210357
0.823765
0.431526
0.862153
0.484246
1.0
0.0194543
0.0642244
0.757069
0.104167
0.81544
1.0
0.0191402
0.118583
0.755282
0.157702
0.809827
1.0
0.0186981
0.719529
0.056159
0.75544
0.111473
1.0
0.0186105
0.0456834
0.861896
0.151203
0.990322
1.0
0.0185674
0.720217
0.00602241
0.758234
0.0514111
1.0
0.0182938
0.788956
0.00735102
0.827794
0.0515513
1.0
0.0174831
0.0914028
0.75806
0.131805
0.813979
1.0
0.0171877
0.753159
0.0402354
0.83482
0.159104
1.0
0.0171217
0.396989
0.567152
0.523277
0.751676
1.0
0.0168681
0.797302
0.401753
0.882058
0.526567
1.0
0.0166707
0.00696033
0.700728
0.0866348
0.834809
1.0
0.0166185
0.00435314
0.724686
0.0353741
0.780321
1.0
0.0165731
0.013593
0.813795
0.0579732
0.883267
1.0
0.016485
0.463033
0.427027
0.924065
1.00928
1.0
0.0158885
0.314265
0.537517
0.372602
0.619767
1.0
0.0157022
0.617191
0.952974
0.667046
0.999015
1.0
0.0155423
0.641644
0.896497
0.75242
1.00108
1.0
0.0154395
0.115735
0.728501
0.209176
0.848652
1.0
0.0151802
0.748556
0.0522393
0.791865
0.114417
1.0
0.015128
0.682567
0.685163
0.805061
0.83245
1.0
0.0151078
0.721123
0.0273072
0.759769
0.083153
1.0
0.0150328
0.0421966
0.735564
0.0797118
0.788294
1.0
0.0148493
0.462679
0.952862
0.5072
0.998013
1.0
0.0148044
0.307495
0.522761
0.431932
0.700667
1.0
0.0148024
0.783966
0.108257
0.828167
0.168566
1.0
0.0147246
0.00107948
0.945576
0.0357115
0.995615
1.0
0.0142638
0.607372
0.689589
0.726167
0.824425
1.0
0.0140922
0.35462
0.569616
0.414843
0.65403
1.0
0.0140385
0.59312
0.956972
0.639436
1.00075
1.0
0.0139469
0.0382555
0.781833
0.0780691
0.843031
1.0
0.013861
0.365164
0.657138
0.483554
0.818117
1.0
0.0138477
0.806774
0.057134
0.846734
0.114884
1.0
0.0138389
0.141266
0.752835
0.184168
0.809221
1.0
0.0137005
0.0125787
0.918784
0.0595936
0.984216
1.0
0.0136828
0.516131
0.954811
0.559255
0.999491
1.0
0.0135561
0.0909125
0.854827
0.129886
0.914098
1.0
0.0134663
0.00319577
0.685613
0.0339998
0.742093
1.0
0.0134596
0.810783
0.117532
0.852373
0.173537
1.0
0.0134423
0.114458
0.952607
0.155927
0.998228
1.0
0.0133438
0.507213
0.854669
0.552573
0.917751
1.0
0.0132749
0.0581561
0.337485
0.147138
0.480139
1.0
0.013242
0.713811
0.956632
0.757805
1.00213
1.0
0.0131761
0.79047
0.187143
0.82898
0.237193
1.0
0.0131551
0.443392
0.923513
0.486984
0.980234
1.0
0.0131399
0.818237
0.478069
0.858333
0.530678
1.0
0.0130652
0.0655582
0.614747
0.156702
0.749207
1.0
0.0130644
0.762917
0.891135
0.853573
1.00411
1.0
0.0129409
0.0699956
0.422165
0.158428
0.564236
1.0
0.0128522
0.171571
0.730108
0.213099
0.783941
1.0
0.0127971
0.140761
0.452708
0.226644
0.586275
1.0
0.0127717
0.837816
0.449987
0.878812
0.507264
1.0
0.0127629
0.00394567
0.789477
0.0376209
0.848319
1.0
0.01269
0.489776
0.955395
0.536802
1.00153
1.0
0.0125178
0.527712
0.336058
0.624533
0.501535
1.0
0.0125155
0.0957942
0.655426
0.130011
0.708303
1.0
0.0124478
0.0675073
0.689954
0.266608
0.957096
1.0
0.0123795
0.147474
0.461593
0.179972
0.515306
1.0
0.0123537
0.756754
0.675303
0.855169
0.827441
1.0
0.0123209
0.433916
0.286499
0.618522
0.597972
1.0
0.0122615
0.0710954
0.692555
0.103695
0.742798
1.0
0.0120475
0.815182
0.188323
0.854023
0.240974
1.0
0.0120127
0.810025
0.0238316
0.852205
0.0816183
1.0
0.0119393
0.488996
0.429654
0.536965
0.512513
1.0
0.0119387
0.788051
0.15343
0.828864
0.207928
1.0
0.0119192
0.362581
0.649863
0.416074
0.723222
1.0
0.0118659
0.314819
0.606796
0.366941
0.68204
1.0
0.0118634
0.748668
0.116178
0.789514
0.169334
1.0
0.011833
0.828394
0.435428
0.918461
0.576503
1.0
0.011803
0.472524
0.854373
0.512998
0.909332
1.0
0.0117847
0.0917054
0.820694
0.131642
0.880334
1.0
0.0116852
0.465699
0.901447
0.560458
1.00885
1.0
0.0116517
0.00378214
0.855603
0.0372845
0.915695
1.0
0.0115697
0.802601
0.460367
0.84092
0.51003
1.0
0.0115581
0.0724664
0.653768
0.104639
0.706126
1.0
0.0114853
0.121637
0.542816
0.208795
0.678364
1.0
0.0114391
0.569584
0.833001
0.776771
1.02847
1.0
0.0114254
0.118367
0.822482
0.154315
0.876771
1.0
0.011422
0.821916
0.403163
0.859858
0.456862
1.0
0.0113965
0.539527
0.956809
0.583783
1.00085
1.0
0.0113908
0.576298
0.920402
0.678327
1.00954
1.0
0.0113683
0.565356
0.958318
0.608451
1.00044
1.0
0.0113037
0.308376
0.474338
0.365299
0.553619
1.0
0.0112674
0.785463
0.685752
0.836325
0.756907
1.0
0.0112617
0.860433
0.452954
0.897825
0.509342
1.0
0.0112247
0.567935
0.682732
0.809772
0.947138
1.0
0.0111934
0.120174
0.691394
0.15604
0.742628
1.0
0.0111623
0.010557
0.219443
0.324538
0.751278
1.0
0.0111138
0.658204
0.770228
0.774631
0.920532
1.0
0.0110663
0.418219
0.408984
0.535248
0.628209
1.0
0.0110611
0.742005
0.10336
0.827061
0.227411
1.0
0.0110305
0.119838
0.655569
0.154545
0.706838
1.0
0.0110079
0.361197
0.756797
0.473275
0.92119
1.0
0.0109162
0.0128641
0.883138
0.053726
0.949403
1.0
0.0108721
0.720556
0.277387
0.914911
0.600106
1.0
0.0108671
0.189832
0.336861
0.382101
0.634974
1.0
0.0108163
-0.0012645
0.65177
0.0644218
0.771951
1.0
0.0107284
0.243471
0.282333
0.361792
0.463456
1.0
0.0106678
0.145496
0.590418
0.179237
0.642863
1.0
0.0106571
0.117423
0.655916
0.212795
0.787053
1.0
0.0106536
0.390737
0.797171
0.571256
1.01434
1.0
0.0106474
0.170561
0.458806
0.204342
0.514634
1.0
0.0106023
0.0988663
0.464613
0.129733
0.515685
1.0
0.010597
0.788481
0.284097
0.877766
0.428472
1.0
0.0105635
0.173245
0.694962
0.211163
0.745433
1.0
0.0104893
0.292024
0.505738
0.344317
0.579535
1.0
0.0104533
0.065505
0.820574
0.104775
0.883235
1.0
0.0104152
0.816417
0.223131
0.85566
0.276073
1.0
0.0103878
0.536388
-0.0103063
0.946367
0.69895
1.0
0.0103552
0.815438
0.257181
0.85426
0.308893
1.0
0.0101708
0.406963
0.70786
0.519693
0.874776
1.0
0.010154
0.714876
0.922784
0.759885
0.981233
1.0
0.010129
0.738332
0.793493
0.846983
0.964107
1.0
0.0101031
0.963015
0.448745
0.997682
0.521731
1.0
0.010025
0.717802
0.117281
0.754888
0.169837
1.0
0.0100189
0.81233
0.152816
0.854285
0.209264
1.0
0.0100099
0.143151
0.654709
0.179793
0.706821
