1.0
0.958833
0.427711
0.432846
0.596736
0.682359
1.0
0.0440535
0.0224876
0.495588
0.422045
1.0684
1.0
0.0413264
0.763432
0.0223695
0.809415
0.0922823
1.0
0.03872
0.415325
0.40006
0.786202
0.939721
1.0
0.0303116
0.463582
0.335935
0.599509
0.55692
1.0
0.025577
0.747224
0.00578447
0.788401
0.056054
1.0
0.025324
0.382971
0.355758
0.524292
0.553836
1.0
0.0251756
0.37251
0.496433
0.491676
0.656769
1.0
0.0245188
0.784623
0.047858
0.829839
0.114395
1.0
0.0243043
0.717404
0.0260741
0.760379
0.0876683
1.0
0.0238649
0.541498
0.39943
0.647352
0.568964
1.0
0.0226663
0.480844
0.56415
0.547625
0.658685
1.0
0.0215161
0.787136
0.00657881
0.83086
0.0575198
1.0
0.0208278
0.728458
0.664786
1.00555
0.992832
1.0
0.0208169
0.55868
0.658221
0.603149
0.723152
1.0
0.0205099
0.0728555
0.125294
0.478465
0.836856
1.0
0.020271
0.76597
0.0675941
0.81051
0.132542
1.0
0.0201609
0.533688
0.607022
0.62619
0.746245
1.0
0.0196884
0.117209
0.479691
0.195632
0.617365
1.0
0.0196854
0.381028
0.229418
0.596468
0.467755
1.0
0.0194895
0.175605
0.621278
0.212642
0.677231
1.0
0.0190194
0.41809
0.547202
0.466154
0.614683
1.0
0.0190061
0.659163
0.595649
0.770104
0.752159
1.0
0.0187744
0.126129
0.520945
0.160389
0.579798
1.0
0.0182935
0.561115
0.408595
0.608672
0.486371
1.0
0.0177987
0.152349
0.615721
0.241026
0.748642
1.0
0.0175709
0.503725
0.604568
0.558186
0.677728
1.0
0.0175188
0.748731
0.0501832
0.832305
0.184455
1.0
0.0171929
0.0177625
0.556873
0.0545819
0.616554
1.0
0.0171692
0.0765284
0.546563
0.160743
0.682347
1.0
0.0170915
0.599054
0.691512
0.700547
0.822909
1.0
0.0169864
0.71473
0.567338
0.821503
0.727515
1.0
0.0168876
0.215695
0.607487
0.307799
0.73698
1.0
0.0168598
-0.00107074
0.0124735
0.0816522
0.151443
1.0
0.0168042
0.440625
0.571253
0.497006
0.651524
1.0
0.0164223
0.507841
0.44711
0.568514
0.533941
1.0
0.0163526
0.125442
0.551744
0.213039
0.68402
1.0
0.0162601
0.256036
0.571977
0.347089
0.695394
1.0
0.0160409
0.74751
0.0451957
0.793444
0.112634
1.0
0.0157948
0.309797
0.553493
0.405784
0.685868
1.0
0.015745
0.175116
0.694762
0.210697
0.749362
1.0
0.0155874
0.0745042
0.441868
0.16008
0.596272
1.0
0.0155385
0.0971384
0.244714
0.177633
0.402057
1.0
0.0155141
0.766425
0.738132
0.852654
0.895011
1.0
0.015479
0.127775
0.687138
0.22126
0.825685
1.0
0.0154757
0.215278
0.618467
0.257929
0.678963
1.0
0.0154746
0.00145833
0.601603
0.059924
0.720516
1.0
0.0154479
0.583363
0.442904
0.630389
0.514306
1.0
0.0154229
0.0719739
0.617036
0.157733
0.755782
1.0
0.0153222
0.530875
0.570584
0.586097
0.65221
1.0
0.0152826
0.174536
0.651911
0.209346
0.706135
1.0
0.0151559
0.465524
0.604013
0.521703
0.677254
1.0
0.0151493
0.00597559
0.589627
0.0355026
0.647346
1.0
0.0151252
0.43975
0.520052
0.493816
0.594988
1.0
0.0150732
0.0689407
0.348322
0.152563
0.50115
1.0
0.0149776
0.748407
0.865507
0.839927
0.993008
1.0
0.0149565
0.124592
0.587983
0.157259
0.641599
1.0
0.0148765
0.147212
0.655477
0.179477
0.704987
1.0
0.0148628
0.766033
0.223977
0.804445
0.272614
1.0
0.0147681
0.285158
0.614511
0.331766
0.682126
1.0
0.0147621
0.242765
0.72319
0.282804
0.778932
1.0
0.0146752
0.744803
0.119117
0.783753
0.172013
1.0
0.0145419
0.0116433
0.548269
0.0873202
0.682113
1.0
0.0143777
-0.000410654
0.751337
0.0549624
0.897283
1.0
0.0143461
0.677751
0.52473
0.867934
0.837597
1.0
0.0143124
0.493981
0.661405
0.589615
0.796763
1.0
0.0142543
0.718613
0.080341
0.757322
0.135107
1.0
0.0142513
0.526938
0.505264
0.587833
0.597284
1.0
0.0142286
0.00485191
0.652639
0.0358729
0.717816
1.0
0.0142195
0.564178
0.427657
0.778965
0.704101
1.0
0.0141951
0.767224
0.115413
0.80746
0.171498
1.0
0.0141571
0.544945
0.67372
0.644815
0.802009
1.0
0.0141468
0.812636
0.00322041
0.854374
0.0516026
1.0
0.0140775
0.144013
0.591107
0.180471
0.644584
1.0
0.0140455
0.693516
0.12363
0.729149
0.173263
1.0
0.0140415
0.674469
0.704953
0.782245
0.853977
1.0
0.0140038
0.0122769
0.679292
0.0504873
0.750806
1.0
0.0139659
0.643483
0.0537232
0.680282
0.108584
1.0
0.013959
0.575582
0.344215
0.677656
0.512048
1.0
0.0139526
0.241276
0.755204
0.28316
0.813177
1.0
0.0139403
0.416412
0.612867
0.463575
0.678276
1.0
0.01388
0.210483
0.686696
0.295301
0.815214
1.0
0.0138673
0.57378
0.470188
0.678372
0.635122
1.0
0.0138572
0.719123
0.120186
0.756534
0.171255
1.0
0.0138547
0.119332
0.343193
0.203877
0.496886
1.0
0.013783
0.790745
0.194702
0.828494
0.243011
1.0
0.013763
0.517242
0.648631
0.561252
0.708456
1.0
0.0137512
-0.000431299
0.500782
0.0624007
0.615101
1.0
0.0136773
0.691159
0.0689883
0.880049
0.383469
1.0
0.0136383
0.40994
0.445446
0.466623
0.524129
1.0
0.0136086
0.00515074
0.5269
0.0332557
0.581105
1.0
0.0135166
0.129741
0.556164
0.324265
0.862466
1.0
0.0134941
0.321701
0.482855
0.420674
0.62275
1.0
0.0134847
0.0875523
0.0143297
0.13822
0.0804315
1.0
0.0134394
0.390982
0.582683
0.438265
0.648465
1.0
0.0134364
0.0965017
0.724683
0.128439
0.776203
1.0
0.0133286
0.117423
0.110608
0.209609
0.270101
1.0
0.0133207
0.00398953
0.38972
0.0321661
0.444966
1.0
0.0133207
0.0992214
0.588659
0.130599
0.640033
1.0
0.01329
-0.00104597
0.359902
0.0594538
0.473191
1.0
0.0132693
0.148988
0.72586
0.181847
0.775253
1.0
0.013242
0.0670534
0.560544
0.0989414
0.612238
1.0
0.0131666
0.365102
0.598378
0.474154
0.751861
1.0
0.0131496
0.10237
0.133635
0.28093
0.479241
1.0
0.0131366
0.147081
0.623379
0.183437
0.678236
1.0
0.0131222
0.00295845
0.843849
0.0372362
0.920524
1.0
0.013116
0.124644
0.621889
0.157907
0.677084
1.0
0.0130912
0.203631
0.910763
0.298808
1.00264
1.0
0.0130793
0.313922
0.588636
0.3555
0.648586
1.0
0.0130441
0.141704
0.241048
0.234003
0.404152
1.0
0.0130116
0.13869
0.5491
0.177
0.608173
1.0
0.0129343
0.0086155
0.64153
0.0866679
0.80048
1.0
0.0128521
0.0787245
0.711468
0.170034
0.854259
1.0
0.0127918
0.522366
0.681498
0.566237
0.741829
1.0
0.012756
0.12439
0.724956
0.156658
0.777378
1.0
0.0126876
0.0940724
0.391387
0.129225
0.447856
1.0
0.0126819
0.0962424
0.65478
0.127774
0.706779
1.0
0.0126761
0.100827
0.522665
0.134295
0.576692
1.0
0.0126728
0.255372
0.676211
0.346177
0.815993
1.0
0.0126703
0.788872
0.113693
0.83139
0.172477
1.0
0.0126703
0.746631
0.195944
0.783806
0.244397
1.0
0.0126577
0.813899
0.120024
0.854423
0.174704
1.0
0.0126519
0.767638
0.197859
0.805154
0.246862
1.0
0.0126473
0.190434
0.722009
0.228498
0.776612
1.0
0.012626
0.0730587
0.391744
0.104291
0.442749
1.0
0.0126126
0.174585
0.756057
0.210487
0.808354
1.0
0.0125951
-0.0010734
0.421497
0.0601168
0.535794
1.0
0.012583
0.12375
0.454011
0.159329
0.514092
1.0
0.0124582
0.74452
0.653669
0.834215
0.818869
1.0
0.0124547
0.721546
0.774296
0.819084
0.925104
1.0
0.0124434
0.612316
0.575639
0.718231
0.72457
1.0
0.0124353
0.700382
0.1204
0.783814
0.248476
1.0
0.0123671
0.61675
0.0575878
0.654842
0.111008
1.0
0.0123171
0.148546
0.694198
0.181979
0.745844
1.0
0.0122833
0.796186
0.898661
0.883044
1.00778
1.0
0.0122667
0.243948
0.692912
0.284875
0.750395
1.0
0.0121549
0.816303
0.190014
0.855333
0.241048
1.0
0.0121306
0.0385842
0.480846
0.124773
0.622728
1.0
0.0121113
0.690016
0.868919
0.792923
0.998516
1.0
0.012103
0.439265
0.664764
0.539216
0.811403
1.0
0.0120815
0.693581
0.00468006
0.733774
0.0516118
1.0
0.012065
0.19201
0.60283
0.232416
0.657586
1.0
0.0120563
0.26051
0.488214
0.357893
0.630215
1.0
0.0120291
0.0158622
0.490271
0.0506163
0.545672
1.0
0.0119472
0.124159
0.756273
0.157462
0.809101
1.0
0.0119409
0.266912
0.644436
0.308066
0.705694
1.0
0.0119083
0.12423
0.654721
0.15658
0.707496
1.0
0.0118737
0.165008
0.479976
0.26194
0.628341
1.0
0.011852
0.478698
0.279692
0.544337
0.360237
1.0
0.0117761
0.212532
0.53065
0.314859
0.670992
1.0
0.0117743
0.265208
0.689226
0.303258
0.74501
1.0
0.0117391
0.00067392
0.946603
0.0334709
0.997437
1.0
0.011737
0.700635
0.0514545
0.737891
0.106057
1.0
0.0117333
0.671063
0.126552
0.704957
0.174132
1.0
0.0117208
0.717426
0.955079
0.759627
1.00052
1.0
0.0116938
0.788345
0.22331
0.828117
0.272191
1.0
0.0116516
0.0735871
0.423335
0.104586
0.473665
1.0
0.0116358
0.244466
0.647579
0.286403
0.707679
1.0
0.0116093
0.0976737
0.45388
0.132159
0.510353
1.0
0.0116039
0.815393
0.224019
0.854641
0.274172
1.0
0.0115988
0.637448
0.730066
0.689099
0.793805
1.0
0.0115781
0.519473
0.565197
0.71179
0.838386
1.0
0.0115724
0.0040294
0.45531
0.0319053
0.509879
1.0
0.0115718
0.100486
0.558549
0.133158
0.611837
1.0
0.0115517
0.0646174
0.651502
0.253121
0.960494
1.0
0.0115196
0.26895
0.556503
0.311896
0.615638
1.0
0.0115087
0.0954432
0.422085
0.130456
0.477786
1.0
0.01147
0.492288
0.641264
0.537487
0.701279
1.0
0.0114454
0.0698833
0.525679
0.100723
0.576382
1.0
0.0114072
0.667228
0.0265762
0.706527
0.0821973
1.0
0.011397
0.392212
0.512304
0.440526
0.581278
1.0
0.0113685
0.0039867
0.717076
0.0354103
0.785331
1.0
0.0113292
0.148313
0.757982
0.182379
0.808625
1.0
0.0113217
0.124512
0.691302
0.157673
0.745878
1.0
0.0113011
0.122529
0.421953
0.157938
0.482187
1.0
0.0112437
0.663732
0.526296
0.767683
0.664367
1.0
0.0112037
0.167647
0.555952
0.205907
0.611919
1.0
0.0111931
0.0978409
0.624687
0.131007
0.680115
1.0
0.0111805
-0.0015786
0.293934
0.0598702
0.412241
1.0
0.0111748
0.164685
0.521746
0.202955
0.579815
1.0
0.0111448
0.311972
0.670966
0.41213
0.823586
1.0
0.0111447
0.0404612
0.560235
0.0737343
0.614289
1.0
0.0111172
0.0695287
0.626469
0.101861
0.681626
1.0
0.0110003
0.0705929
0.163786
0.158187
0.333208
1.0
0.0109184
0.138157
0.488346
0.17682
0.552184
1.0
0.0109104
0.122293
0.389058
0.157435
0.447933
1.0
0.0108955
0.712658
0.717958
0.757306
0.779816
1.0
0.0108789
0.459569
0.537742
0.52349
0.6254
1.0
0.0108566
0.0724221
0.494492
0.102967
0.54528
1.0
0.0108365
0.0976633
0.757537
0.130019
0.809153
1.0
0.0108099
0.14111
0.387727
0.177931
0.446042
1.0
0.0107892
0.0694133
0.587569
0.100434
0.639901
1.0
0.0106993
0.218565
0.694113
0.256489
0.747783
1.0
0.0106824
0.689533
0.582749
0.736214
0.648259
1.0
0.0106605
0.444691
0.645914
0.488081
0.707534
1.0
0.0106599
0.637673
0.124642
0.723295
0.253164
1.0
0.0106144
0.291259
0.72119
0.327766
0.774405
1.0
0.0105925
0.216859
0.557809
0.259283
0.616077
1.0
0.0105806
0.595439
0.120994
0.633439
0.174312
1.0
0.0105689
0.555913
0.192212
0.772559
0.537925
1.0
0.0105536
0.515111
0.281465
0.629216
0.451931
1.0
0.01053
0.586422
0.516043
0.634236
0.584777
1.0
0.0105295
0.0994027
0.492188
0.1328
0.547308
1.0
0.0105147
0.518577
0.716599
0.559834
0.77084
1.0
0.010506
0.00320119
0.786081
0.0358726
0.858163
1.0
0.0104988
0.0969913
0.321376
0.132225
0.378059
1.0
0.0104487
0.584976
0.580216
0.635044
0.647923
1.0
0.0104482
0.745046
0.157326
0.783759
0.209964
1.0
0.0104391
0.785273
0.911735
0.835709
0.980371
1.0
0.0104296
0.00401821
0.325572
0.0313956
0.378249
1.0
0.010422
0.290014
0.409692
0.385968
0.558052
1.0
0.0104192
0.609589
0.447004
0.655353
0.514117
1.0
0.0103812
0.0112364
0.910794
0.0544437
0.981206
1.0
0.0103394
0.81481
0.953276
0.859838
1.00153
1.0
0.0103363
0.121943
0.320112
0.157521
0.379556
1.0
0.0103339
0.0740312
0.454678
0.104835
0.505915
1.0
0.0103253
0.765216
0.949955
0.810852
1.00119
1.0
0.0103206
0.0142744
0.420059
0.0496152
0.476672
1.0
0.0103184
0.23999
0.599914
0.284607
0.65898
1.0
0.0103113
0.335789
0.581698
0.378223
0.6426
1.0
0.0102777
0.201438
0.664549
0.725209
1.00777
1.0
0.0102546
0.54728
0.735991
0.656302
0.885125
1.0
0.0102455
0.816464
0.155216
0.857108
0.209472
1.0
0.0102032
0.198491
0.257372
0.297954
0.419266
1.0
0.0101981
0.263135
0.785085
0.300753
0.836929
1.0
0.0101802
0.723058
0.225056
0.759657
0.27437
1.0
0.010173
0.786524
0.800491
0.875444
0.961474
1.0
0.0101479
0.388249
0.315577
0.442852
0.393118
1.0
0.010134
0.642395
0.123621
0.678446
0.173421
1.0
0.0101198
0.784068
-0.00568768
0.86083
0.0958797
1.0
0.0101062
0.766824
0.154503
0.806416
0.208644
1.0
0.0101016
0.559526
0.615878
0.606748
0.686993
1.0
0.0100897
0.0971514
0.691212
0.129852
0.745771
1.0
0.0100814
0.625183
0.780351
0.821184
1.02086
1.0
0.0100783
0.418808
0.578611
0.534505
0.73983
1.0
0.0100732
0.50797
0.382275
0.567076
0.465773
1.0
0.0100601
0.823114
0.361009
0.861917
0.41174
1.0
0.0100439
0.608337
0.0742913
0.692214
0.208768
1.0
0.0100411
0.267482
0.598336
0.312662
0.661316
1.0
0.010005
0.167804
0.334712
0.267713
0.489899
