1.0
0.961827
0.552814
0.292489
0.736017
0.575718
1.0
0.121009
0.0593046
0.401077
0.575856
1.03926
1.0
0.0662026
0.43106
0.345884
0.854292
0.927148
1.0
0.0509728
0.785959
0.0236945
0.832871
0.0953365
1.0
0.0306508
0.76637
0.00637649
0.810816
0.0615798
1.0
0.0302425
0.768677
0.0432253
0.813436
0.115895
1.0
0.0288028
0.566919
0.655422
0.60881
0.713269
1.0
0.0265495
0.74546
0.652895
1.00697
0.985958
1.0
0.0263061
0.601298
0.398733
0.819981
0.68985
1.0
0.0249293
0.123497
0.682724
0.226176
0.821212
1.0
0.0242165
0.207502
0.607508
0.30289
0.729585
1.0
0.024168
0.0147739
0.612974
0.0568729
0.689128
1.0
0.0239562
0.00997142
0.695199
0.316723
0.996422
1.0
0.0239346
0.236253
0.619075
0.285728
0.686289
1.0
0.0238647
0.64787
0.283967
0.766551
0.44966
1.0
0.0237105
0.747127
0.00552902
0.787261
0.0554506
1.0
0.0233017
0.670453
0.427212
0.788537
0.588316
1.0
0.023043
0.118769
0.581277
0.327438
0.870523
1.0
0.0230162
0.683026
0.377714
0.733069
0.448486
1.0
0.0226918
0.680646
0.317192
0.735089
0.394608
1.0
0.0221004
0.144886
0.618618
0.24524
0.755385
1.0
0.0216565
0.157521
0.731199
0.264795
0.866294
1.0
0.0210779
0.494373
0.482841
0.602239
0.628042
1.0
0.0209079
0.607916
0.466166
0.669514
0.549608
1.0
0.0208611
0.144435
0.722624
0.180952
0.775439
1.0
0.0207805
0.764179
0.727371
0.850237
0.88817
1.0
0.0203996
0.655575
0.341506
0.711964
0.425472
1.0
0.0200555
0.65601
0.515176
0.77804
0.656049
1.0
0.0199796
0.571554
0.532092
0.692231
0.691604
1.0
0.0198048
0.717689
0.0257214
0.76
0.0875911
1.0
0.0197958
0.663871
0.407579
0.713775
0.480417
1.0
0.0194178
0.811529
0.00435612
0.853184
0.0543176
1.0
0.0191795
0.144367
0.652274
0.180304
0.707098
1.0
0.0191448
0.190061
0.721328
0.231574
0.776131
1.0
0.0190022
0.171545
0.693229
0.211508
0.751498
1.0
0.0189836
0.12622
0.590889
0.161231
0.647991
1.0
0.0188775
0.093572
0.27364
0.172973
0.430174
1.0
0.0188737
0.168723
0.621248
0.208728
0.680858
1.0
0.0188092
0.238054
0.755399
0.281846
0.810725
1.0
0.018581
0.127521
0.563473
0.213738
0.690777
1.0
0.0185296
0.122768
0.777602
0.227417
0.913381
1.0
0.0183425
0.141727
0.241316
0.235964
0.398279
1.0
0.0183145
0.240553
0.724097
0.282459
0.778261
1.0
0.0182807
0.120408
0.478895
0.203117
0.618616
1.0
0.0181067
0.000886358
0.707281
0.0559733
0.850071
1.0
0.0180709
0.0677994
0.339475
0.151608
0.49375
1.0
0.0177064
0.0721653
0.616962
0.159048
0.753557
1.0
0.0175896
0.172542
0.786155
0.209595
0.834544
1.0
0.0175816
0.211904
0.925653
0.261611
0.981005
1.0
0.0173372
0.139798
0.882278
0.254315
0.992203
1.0
0.0172314
0.142049
0.619001
0.181823
0.679543
1.0
0.0171615
0.119435
0.343306
0.204468
0.500147
1.0
0.0170574
0.192153
0.783977
0.232245
0.832752
1.0
0.0170366
0.010934
0.913408
0.0532951
0.979583
1.0
0.016938
0.0960086
0.653013
0.129208
0.708869
1.0
0.0167874
0.12357
0.720588
0.159466
0.778282
1.0
0.0167805
0.144944
0.75342
0.182552
0.807735
1.0
0.0167281
0.635229
0.371015
0.695962
0.455698
1.0
0.0165278
0.659333
0.594496
0.776481
0.747466
1.0
0.0165201
0.784641
0.0633931
0.83183
0.136285
1.0
0.0164303
0.726483
0.558009
0.838782
0.729228
1.0
0.0164081
0.635222
0.28479
0.693787
0.366995
1.0
0.016402
0.0898828
0.0720222
0.263529
0.420253
1.0
0.0164007
0.194237
0.619989
0.238257
0.682821
1.0
0.0162604
0.166358
0.953718
0.212051
0.996991
1.0
0.0162233
0.118191
0.143881
0.202307
0.300878
1.0
0.0160261
0.016318
0.563154
0.0523246
0.622554
1.0
0.0159569
0.00528745
0.60214
0.080394
0.749414
1.0
0.0159466
0.00600214
0.592377
0.0385361
0.655592
1.0
0.0157879
0.0108162
0.67452
0.0523448
0.753619
1.0
0.0157236
0.17193
0.755388
0.210962
0.809486
1.0
0.0156879
0.214987
0.758409
0.257172
0.811727
1.0
0.0156441
0.217124
0.856023
0.25739
0.902147
1.0
0.0156379
0.0730533
0.211342
0.15604
0.364758
1.0
0.0155815
0.122175
0.751925
0.157687
0.809088
1.0
0.0155782
0.146336
0.78658
0.182102
0.833072
1.0
0.0155704
0.00146899
0.944401
0.0339966
0.995119
1.0
0.0155563
0.189515
0.951607
0.239677
0.997734
1.0
0.0155274
0.505376
0.515715
0.564574
0.5943
1.0
0.0153879
0.53517
0.613584
0.625789
0.734307
1.0
0.0153696
-0.00190345
0.0142671
0.0825663
0.146314
1.0
0.0153669
0.0821383
0.73994
0.172893
0.877709
1.0
0.0153591
0.122773
0.651796
0.157687
0.710536
1.0
0.0153487
0.262143
0.643109
0.306579
0.705809
1.0
0.0153355
0.723806
0.34168
0.84187
0.499031
1.0
0.0153043
0.0767917
0.481033
0.156189
0.620356
1.0
0.0152108
0.0698216
0.880983
0.173583
0.999037
1.0
0.0151486
0.219004
0.685915
0.312116
0.816055
1.0
0.0150964
0.124838
0.520006
0.158905
0.577186
1.0
0.0150293
0.685862
0.446981
0.73276
0.511981
1.0
0.0150259
0.0999734
0.590518
0.132994
0.644595
1.0
0.0147621
0.0997737
0.720289
0.133563
0.774524
1.0
0.0147482
0.76751
0.862662
0.858563
0.992957
1.0
0.0147284
0.218409
0.828533
0.257572
0.875863
1.0
0.0147246
0.794998
0.34408
0.889976
0.468538
1.0
0.0146939
0.515722
0.579253
0.562583
0.641975
1.0
0.0146613
0.648009
0.675341
0.75555
0.822807
1.0
0.0146552
0.00493795
0.647036
0.0390143
0.718491
1.0
0.0145147
0.221851
0.644904
0.262865
0.703089
1.0
0.0144456
0.124453
0.456312
0.159727
0.512721
1.0
0.0144303
0.558626
0.546017
0.610329
0.617641
1.0
0.0144278
0.680146
0.222201
0.902825
0.526836
1.0
0.0144041
0.124739
0.557365
0.159399
0.614578
1.0
0.0143384
0.241109
0.690001
0.283807
0.746452
1.0
0.0143352
0.597194
0.239643
0.721296
0.409155
1.0
0.0142416
0.00324001
0.781394
0.0366407
0.854087
1.0
0.014209
0.0727828
0.494821
0.103493
0.544135
1.0
0.0141893
0.750335
0.0444587
0.837087
0.192056
1.0
0.0141757
0.659334
0.443874
0.707962
0.513233
1.0
0.0141055
0.577503
0.640939
0.688977
0.786097
1.0
0.0140576
0.587995
0.287689
0.642661
0.365172
1.0
0.0140301
0.702561
0.0619869
0.8848
0.374117
1.0
0.0140283
0.120255
0.78504
0.155256
0.836254
1.0
0.0139657
0.216474
0.691279
0.257638
0.746653
1.0
0.013895
0.65952
0.515889
0.713083
0.586916
1.0
0.0138357
0.140357
0.954227
0.185753
0.997883
1.0
0.0138267
0.171838
0.825423
0.209113
0.87264
1.0
0.0137955
0.0991835
0.79006
0.132141
0.839038
1.0
0.013723
0.101169
0.410354
0.177889
0.553694
1.0
0.0136725
0.0739595
0.458683
0.105359
0.508764
1.0
0.0136388
0.790267
0.257351
0.882669
0.394595
1.0
0.0135343
0.11738
0.951479
0.160294
0.996969
1.0
0.0135302
0.123425
0.389166
0.158318
0.446952
1.0
0.0134545
0.0685532
0.560947
0.0993701
0.612927
1.0
0.0133651
0.170147
0.855569
0.209419
0.903288
1.0
0.0133632
0.238375
0.785897
0.280222
0.836062
1.0
0.0133353
0.23963
0.82742
0.279542
0.874774
1.0
0.0132778
0.285104
0.618588
0.329454
0.683114
1.0
0.0132661
0.705204
0.350081
0.752143
0.42132
1.0
0.0131839
0.214669
0.724491
0.256149
0.77819
1.0
0.0131509
0.119319
0.320501
0.155979
0.380705
1.0
0.0131306
0.637407
0.549958
0.690126
0.616335
1.0
0.0131101
0.123926
0.48825
0.158429
0.54594
1.0
0.0130686
0.00442904
0.459493
0.031987
0.510995
1.0
0.0130033
0.0938164
0.322881
0.129921
0.380808
1.0
0.0130031
0.708509
0.286088
0.755529
0.354031
1.0
0.0129854
0.0654692
0.624236
0.0998994
0.683628
1.0
0.0129708
0.19216
0.856721
0.234178
0.903858
1.0
0.012962
0.0967133
0.457904
0.131278
0.511968
1.0
0.0128853
0.70757
0.409674
0.756053
0.478311
1.0
0.0128236
0.727914
0.65336
0.827489
0.820514
1.0
0.0127067
0.726633
0.772703
0.820346
0.927317
1.0
0.0126634
0.0727435
0.387117
0.104982
0.439464
1.0
0.0126528
0.263416
0.68738
0.303047
0.741267
1.0
0.0126497
0.253493
0.582563
0.344472
0.697557
1.0
0.0126467
0.146625
0.826939
0.18368
0.873527
1.0
0.0125973
0.220785
0.602817
0.263309
0.661746
1.0
0.0125801
0.665132
0.583027
0.713681
0.648204
1.0
0.0125658
0.00923457
0.844017
0.0484217
0.916001
1.0
0.0125465
-0.000281259
0.429664
0.0583171
0.535142
1.0
0.0125269
0.145268
0.859419
0.182577
0.90505
1.0
0.012523
0.0675919
0.590541
0.0994306
0.645123
1.0
0.0125201
0.519812
0.722403
0.554155
0.769216
1.0
0.0124984
0.0950032
0.386461
0.130694
0.443394
1.0
0.0124814
0.00440784
0.526356
0.0314059
0.57902
1.0
0.0123906
0.120805
0.354271
0.156509
0.4141
1.0
0.0123592
0.00387444
0.489021
0.0312075
0.539016
1.0
0.0123265
0.865292
0.00359508
0.976147
0.169393
1.0
0.0122913
0.570084
0.71858
0.607567
0.767446
1.0
0.0122639
0.10074
0.755975
0.135152
0.810632
1.0
0.0122282
0.0039382
0.322053
0.0322127
0.37615
1.0
0.0122282
0.0965531
0.920383
0.13762
0.97863
1.0
0.0122104
0.121346
0.252317
0.158379
0.313769
1.0
0.0122058
0.124997
0.422646
0.160109
0.480886
1.0
0.012178
0.0729787
0.425916
0.104652
0.477087
1.0
0.0121722
-0.000615586
0.285572
0.0629532
0.402051
1.0
0.0121229
0.585085
0.582706
0.633484
0.648566
1.0
0.0121224
-0.000789832
0.357783
0.0609339
0.469184
1.0
0.0119963
0.0701712
0.355826
0.104232
0.411185
1.0
0.0119763
0.0714516
0.324703
0.105043
0.378813
1.0
0.0118769
0.542645
0.579206
0.591339
0.644162
1.0
0.0118763
0.0974939
0.491247
0.131097
0.544904
1.0
0.0118299
0.19508
0.774234
0.300675
0.912425
1.0
0.0118179
0.101244
0.264534
0.266169
0.596076
1.0
0.0116883
0.0389268
0.529896
0.119381
0.665314
1.0
0.0116356
0.520895
0.352986
0.561281
0.416154
1.0
0.011625
0.963194
0.94736
0.999195
0.997708
1.0
0.0116136
0.66079
0.257809
0.71149
0.329344
1.0
0.0116067
0.0970747
0.255415
0.133896
0.313771
1.0
0.0115776
0.0367012
0.591634
0.0711376
0.651556
1.0
0.0115318
0.81155
0.188854
0.853715
0.246644
1.0
0.0115302
0.693653
0.00470508
0.733898
0.0531928
1.0
0.0115056
0.767749
0.8478
0.813204
0.914934
1.0
0.0114883
0.0038493
0.390274
0.0308809
0.441374
1.0
0.0114533
0.167498
0.32151
0.20606
0.378319
1.0
0.0114411
0.82262
0.356524
0.866091
0.414196
1.0
0.0113659
0.140142
0.319897
0.17782
0.378253
1.0
0.0113597
0.607386
0.653187
0.655293
0.71392
1.0
0.0113343
0.192351
0.82613
0.232959
0.874377
1.0
0.0113166
0.519592
0.620912
0.559359
0.675844
1.0
0.0113163
0.596467
0.756658
0.634821
0.805795
1.0
0.0112905
0.0994087
0.560705
0.1316
0.613559
1.0
0.0112546
0.51695
0.285454
0.630156
0.450221
1.0
0.0112546
-0.00127112
0.506406
0.0594542
0.620258
1.0
0.0112544
0.728233
0.251859
0.834273
0.39602
1.0
0.011185
0.612083
0.583689
0.661217
0.648431
1.0
0.0111138
0.812473
0.115384
0.854307
0.175078
1.0
0.011087
0.0978533
0.521366
0.131015
0.575659
1.0
0.0110733
0.470557
0.576005
0.573049
0.709513
1.0
0.0110713
0.703448
0.0158531
0.788786
0.138861
1.0
0.0110712
0.550546
0.706345
0.644731
0.838159
1.0
0.0110688
0.139619
0.409415
0.229375
0.553575
1.0
0.0110666
0.573451
0.758273
0.610548
0.804654
1.0
0.0110363
0.766899
0.94794
0.812433
0.999287
1.0
0.0110355
0.0046047
0.763719
0.0813279
0.925363
1.0
0.0110254
0.661382
0.777817
0.768433
0.932546
1.0
0.0109713
0.787503
0.108388
0.833345
0.174847
1.0
0.0109708
0.0954746
0.289529
0.132421
0.348168
1.0
0.0109633
0.685983
0.553928
0.738159
0.615825
1.0
0.0109613
0.595722
0.726541
0.633993
0.775949
1.0
0.0109578
0.0715859
0.522951
0.102016
0.573836
1.0
0.0109508
0.63871
0.0250263
0.683299
0.0899742
1.0
0.0109129
0.315835
0.594503
0.353897
0.648576
1.0
0.0109104
0.714367
0.718237
0.758282
0.778132
1.0
0.0108583
0.618332
0.727545
0.661296
0.781461
1.0
0.0108064
0.612966
0.253792
0.664483
0.327114
1.0
0.0107679
0.71779
0.0800097
0.757013
0.138142
1.0
0.010745
0.264127
0.602509
0.307617
0.661194
1.0
0.010743
0.785439
0.751138
0.832737
0.81986
1.0
0.0107156
0.16723
0.529658
0.267757
0.672679
1.0
0.0107088
0.442102
0.407178
0.537104
0.545164
1.0
0.0107042
0.119279
0.823802
0.155025
0.874145
1.0
0.0106869
0.0457433
0.413217
0.127858
0.550963
1.0
0.0106017
0.044921
0.701399
0.133701
0.856043
1.0
0.0105806
0.545804
0.717277
0.583154
0.765003
1.0
0.0105392
0.0976778
0.825277
0.131471
0.874308
1.0
0.0105348
0.588845
0.508336
0.642179
0.579702
1.0
0.010496
0.684646
0.480189
0.735657
0.55051
1.0
0.0104821
0.0976265
0.857241
0.130666
0.906488
1.0
0.0104628
0.219889
0.558839
0.259921
0.613997
1.0
0.0104395
0.705783
0.524828
0.90565
0.865097
1.0
0.0103486
0.0903015
0.0713442
0.181805
0.234528
1.0
0.0103368
0.0964086
0.425053
0.131106
0.479605
1.0
0.0103297
0.00400963
0.880051
0.0346555
0.947407
1.0
0.0102736
0.222907
0.286619
0.261709
0.344715
1.0
0.0102051
0.120443
0.857202
0.156309
0.908037
1.0
0.0101846
0.494077
0.619621
0.536259
0.678013
1.0
0.010166
0.831408
0.855142
0.945492
1.00165
1.0
0.0101595
0.64011
0.727753
0.686877
0.784443
1.0
0.0101474
0.200852
0.248683
0.285267
0.387588
1.0
0.0101151
0.140307
0.3566
0.177302
0.41429
1.0
0.0101105
0.13914
0.285371
0.177399
0.345584
1.0
0.0101031
0.76428
0.711848
0.813402
0.787072
1.0
0.0100785
0.0690684
0.957555
0.106705
1.00123
1.0
0.0100654
0.0890861
-0.123732
0.535898
0.759869
1.0
0.0100418
0.717492
0.955399
0.758369
0.999348
1.0
0.0100052
0.166381
0.558341
0.206391
0.614615
