1.0
0.997577
0.464774
0.278712
0.621601
0.53669
1.0
0.168273
0.238652
0.309721
0.650465
0.898727
1.0
0.071493
0.0471226
0.42583
0.443651
1.01637
1.0
0.0343069
0.785274
0.0235656
0.832763
0.0927412
1.0
0.031728
0.522111
0.376707
0.907596
0.976665
1.0
0.0285864
0.0155729
0.616759
0.0589169
0.694743
1.0
0.0278573
0.764536
0.00602584
0.809267
0.0604981
1.0
0.0273868
0.766103
0.0438793
0.81155
0.113588
1.0
0.0263534
0.103738
0.569209
0.296378
0.895671
1.0
0.0247004
0.149504
0.614835
0.247747
0.762268
1.0
0.0243475
0.745407
0.657729
1.00447
0.986254
1.0
0.0220607
0.0013393
0.665342
0.0591652
0.811153
1.0
0.0220358
0.123645
0.672208
0.225538
0.826808
1.0
0.0217397
0.192913
0.680217
0.29172
0.836757
1.0
0.0210779
0.141705
0.620133
0.181206
0.682268
1.0
0.0206868
0.125708
0.563461
0.208829
0.697197
1.0
0.020654
0.744868
0.0203021
0.791377
0.0868027
1.0
0.0203622
0.191705
0.620898
0.235124
0.685248
1.0
0.0199741
0.125882
0.591406
0.159957
0.649156
1.0
0.0197363
0.20455
0.598667
0.304518
0.731737
1.0
0.0197149
0.236639
0.749307
0.283934
0.814638
1.0
0.0192443
0.169561
0.620842
0.210804
0.683632
1.0
0.0183668
0.0101564
0.91219
0.0550711
0.980669
1.0
0.0183595
0.6566
0.588759
0.776549
0.749508
1.0
0.0182559
0.0710392
0.613164
0.156522
0.756297
1.0
0.0180576
0.120652
0.773842
0.226024
0.914132
1.0
0.0172824
0.150186
0.885381
0.266171
0.996289
1.0
0.0170806
0.527518
0.435045
0.590311
0.528011
1.0
0.0169418
0.143908
0.720149
0.181318
0.776165
1.0
0.0168492
0.615795
0.690035
0.722021
0.823014
1.0
0.0167275
0.0769328
0.739415
0.165343
0.880302
1.0
0.0166897
0.703847
0.549733
0.826808
0.707667
1.0
0.0165728
0.117249
0.480633
0.19899
0.621136
1.0
0.0165389
0.491659
0.420766
0.601121
0.623868
1.0
0.0165231
0.80321
0.0510808
0.84614
0.112529
1.0
0.0164757
0.171078
0.688778
0.210788
0.751423
1.0
0.0164309
0.514032
0.217661
0.564889
0.286549
1.0
0.0164232
0.0695861
0.343283
0.155154
0.495308
1.0
0.0161124
0.125403
0.519655
0.159707
0.578082
1.0
0.015873
0.123439
0.648207
0.159033
0.709496
1.0
0.0158054
0.0994581
0.207983
0.177671
0.364391
1.0
0.015791
0.784673
0.067099
0.831684
0.134601
1.0
0.0157667
0.095966
0.652061
0.129805
0.710006
1.0
0.0157375
0.117663
0.278676
0.198682
0.427723
1.0
0.0157095
0.191673
0.718586
0.235373
0.780448
1.0
0.0157019
0.766203
0.727673
0.852876
0.892531
1.0
0.015637
0.656832
0.726573
0.700378
0.781118
1.0
0.0155105
0.747129
0.0464803
0.834936
0.185479
1.0
0.0155041
0.240334
0.646948
0.283372
0.708844
1.0
0.0154088
0.0982608
0.407058
0.178478
0.555924
1.0
0.015394
0.0753267
0.519812
0.159586
0.665121
1.0
0.0153638
0.0163201
0.558062
0.0529301
0.6183
1.0
0.0153452
0.811541
0.00330508
0.853829
0.0525194
1.0
0.0153361
0.00426435
0.647708
0.0409389
0.723734
1.0
0.0150218
0.000892231
0.943769
0.0343548
0.995295
1.0
0.0147273
0.723577
0.699167
0.818002
0.85692
1.0
0.014715
0.823589
0.358991
0.861253
0.409157
1.0
0.0147146
0.00222052
0.739016
0.0371004
0.814157
1.0
0.0146549
0.264886
0.619143
0.309269
0.683938
1.0
0.0145356
0.013725
0.487031
0.0498143
0.543022
1.0
0.0145199
0.10977
0.783536
0.309761
1.01248
1.0
0.0145026
0.171242
0.750026
0.210553
0.807655
1.0
0.0144358
0.216137
0.648098
0.257963
0.70994
1.0
0.0144106
0.124781
0.554589
0.158501
0.613133
1.0
0.0143065
0.576708
0.309891
0.633012
0.391913
1.0
0.0141095
0.143157
0.788807
0.180826
0.839378
1.0
0.0141057
0.144174
0.752637
0.182628
0.809886
1.0
0.0139596
0.0959918
0.391025
0.130105
0.445506
1.0
0.0139552
0.556955
0.660415
0.60178
0.724431
1.0
0.0138773
0.0996154
0.590183
0.13356
0.646153
1.0
0.0138206
0.00502252
0.592388
0.0387019
0.65804
1.0
0.0138131
0.215133
0.721045
0.259842
0.783881
1.0
0.013714
0.71682
0.0228993
0.762348
0.0855022
1.0
0.0137099
0.122911
0.321104
0.158045
0.381003
1.0
0.0136334
0.0952958
0.789232
0.131508
0.843582
1.0
0.0135651
0.556755
0.220239
0.608883
0.29173
1.0
0.0135456
0.121274
0.388539
0.156321
0.445504
1.0
0.0134056
0.120328
0.688427
0.157076
0.750794
1.0
0.0133815
0.0967307
0.718542
0.132256
0.776296
1.0
0.0133182
0.685969
0.573197
0.865818
0.886219
1.0
0.0132893
0.0115104
0.847574
0.049271
0.914937
1.0
0.0132681
0.0737027
0.454496
0.105755
0.506605
1.0
0.0132237
0.11672
0.140531
0.202384
0.300376
1.0
0.0132001
0.00319452
0.779625
0.0352957
0.848654
1.0
0.0131995
0.239729
0.690361
0.283135
0.751967
1.0
0.0130567
0.00426786
0.457516
0.0330876
0.513038
1.0
0.0130147
0.0686348
0.882911
0.178025
0.998216
1.0
0.0129726
0.122117
0.45332
0.158231
0.51339
1.0
0.0129255
0.2602
0.723993
0.29945
0.781053
1.0
0.0127746
0.790882
0.1948
0.829703
0.244476
1.0
0.0127511
0.0678457
0.561067
0.0993583
0.614039
1.0
0.0127443
0.000760809
0.540976
0.0634584
0.662551
1.0
0.0127096
0.618001
0.728073
0.665072
0.786154
1.0
0.0126813
0.141498
0.824973
0.182048
0.876725
1.0
0.0126586
0.0748905
0.425233
0.106581
0.477286
1.0
0.0126415
0.0046797
0.522636
0.0338337
0.579916
1.0
0.0126088
0.214015
0.925425
0.262058
0.981118
1.0
0.0126002
0.168829
0.785081
0.208611
0.837503
1.0
0.0125376
0.0440235
0.446783
0.130822
0.590017
1.0
0.0124888
0.36097
0.517799
0.46262
0.65422
1.0
0.0124842
0.0967568
0.322914
0.131988
0.379593
1.0
0.0124587
0.287063
0.642228
0.329222
0.705189
1.0
0.0124554
0.256094
0.576013
0.347396
0.694144
1.0
0.0123957
0.0300625
0.590489
0.112589
0.72905
1.0
0.0123812
0.0747919
0.389959
0.106238
0.44138
1.0
0.0123531
0.11867
0.787683
0.156295
0.843904
1.0
0.0123306
0.815064
0.192423
0.854885
0.24436
1.0
0.0123116
0.765734
0.863912
0.860408
0.993009
1.0
0.0123008
0.191664
0.783356
0.234423
0.838619
1.0
0.012284
0.0962672
0.453456
0.13062
0.510294
1.0
0.0122578
0.813152
0.117743
0.854106
0.173508
1.0
0.0122226
0.579534
0.369702
0.637435
0.454411
1.0
0.0122002
0.118365
0.950519
0.163475
0.996959
1.0
0.0121947
0.121356
0.421492
0.157038
0.481317
1.0
0.0121694
0.794478
0.337508
0.885163
0.461658
1.0
0.012166
0.466429
0.512941
0.517426
0.587095
1.0
0.0121163
0.509525
0.565323
0.568266
0.65397
1.0
0.0121006
0.0725692
0.492776
0.103641
0.543085
1.0
0.0120731
0.0620448
0.623839
0.0984127
0.685989
1.0
0.0120566
0.162446
0.952493
0.210965
0.998212
1.0
0.0120511
0.169529
0.826982
0.211456
0.879117
1.0
0.0120456
0.119093
0.822686
0.156956
0.876472
1.0
0.0120447
-0.000936812
0.763263
0.0559129
0.907853
1.0
0.0119763
0.465619
0.578632
0.513591
0.646705
1.0
0.0119633
0.00107059
0.429349
0.0614879
0.537624
1.0
0.0119529
0.240336
0.601504
0.283358
0.659222
1.0
0.0119316
0.0922307
0.0570062
0.273198
0.409407
1.0
0.0119143
0.0393898
0.663696
0.125846
0.822922
1.0
0.0119008
0.645638
0.732091
0.759316
0.892552
1.0
0.0118245
0.218014
0.602482
0.25826
0.659196
1.0
0.0118003
0.211421
0.853315
0.254489
0.904694
1.0
0.0117253
0.815571
0.529494
0.856406
0.58883
1.0
0.0117178
0.0960568
0.422946
0.130748
0.479429
1.0
0.0117154
0.119964
0.75122
0.157137
0.811645
1.0
0.0116569
0.963143
0.947858
0.999586
0.999011
1.0
0.0115776
0.788477
0.111078
0.832849
0.171867
1.0
0.0113836
0.580051
0.619004
0.696508
0.777305
1.0
0.0113271
0.142625
0.853327
0.184461
0.904074
1.0
0.0112926
0.124113
0.252825
0.159443
0.311897
1.0
0.0112518
0.0730267
-0.0703715
0.535595
0.737761
1.0
0.0112136
0.141954
0.206397
0.232106
0.363993
1.0
0.0111957
0.791379
0.221965
0.880045
0.36062
1.0
0.011168
0.318807
0.560431
0.357122
0.613607
1.0
0.0111341
0.713273
0.716887
0.757585
0.778039
1.0
0.011092
0.289388
0.597573
0.330896
0.655972
1.0
0.011079
0.756879
0.497575
0.858293
0.643259
1.0
0.0110784
0.460778
0.200902
0.576149
0.371526
1.0
0.0110688
0.0947488
0.954481
0.137227
0.998876
1.0
0.0110683
0.7667
0.113526
0.808505
0.171545
1.0
0.0110663
0.0958211
0.754896
0.132773
0.814109
1.0
0.011028
0.0742067
0.32385
0.105345
0.376769
1.0
0.0109911
0.815915
0.221619
0.855642
0.272322
1.0
0.0109703
0.764156
0.707902
0.812462
0.783618
1.0
0.0109453
0.217236
0.780164
0.261518
0.837625
1.0
0.0109411
0.0725393
0.358149
0.104248
0.410478
1.0
0.0109015
0.13396
0.924085
0.18766
0.98463
1.0
0.0108296
0.785322
0.576995
0.834227
0.65054
1.0
0.0108265
0.578591
0.422112
0.682935
0.593564
1.0
0.0108118
0.0969095
0.822847
0.133433
0.875642
1.0
0.0108074
0.00422763
0.388574
0.0318163
0.441644
1.0
0.0107798
0.100057
0.559889
0.132415
0.614374
1.0
0.0107769
0.424365
0.43082
0.530874
0.590611
1.0
0.0106304
0.765423
0.913654
0.81579
0.981702
1.0
0.0106159
0.248902
0.639895
0.346282
0.783298
1.0
0.0106139
0.188596
0.951987
0.237775
0.997863
1.0
0.0106091
0.191434
0.829557
0.234912
0.882756
1.0
0.0105941
0.663966
0.580767
0.714044
0.648046
1.0
0.0105782
0.100341
0.52099
0.133861
0.576531
1.0
0.0105758
0.0348993
0.63921
0.0715227
0.705689
1.0
0.0105729
0.14064
0.352576
0.176796
0.409988
1.0
0.0105507
0.260165
0.783201
0.299952
0.836717
1.0
0.0105493
0.584213
0.252844
0.636201
0.328536
1.0
0.0105195
0.0656925
0.591075
0.0994108
0.648818
1.0
0.0105152
0.833235
0.856622
0.947143
1.00227
1.0
0.0104992
0.676654
0.0549185
0.876348
0.384146
1.0
0.0104721
0.518787
0.227287
0.635021
0.404225
1.0
0.0104649
0.0965211
0.355472
0.131617
0.41205
1.0
0.0104628
0.557839
0.285594
0.612276
0.367017
1.0
0.010453
0.00392043
0.883788
0.0345796
0.950545
1.0
0.0104358
0.508269
0.499969
0.573189
0.600864
1.0
0.0104276
0.612131
0.432211
0.838106
0.726814
1.0
0.0104269
0.421217
0.538823
0.527538
0.678926
1.0
0.0104173
0.0991131
0.4917
0.131735
0.545353
1.0
0.0104104
0.167683
0.557701
0.205591
0.612749
1.0
0.0103253
0.0682651
0.957015
0.10735
1.00094
1.0
0.0103043
0.140868
0.451972
0.177903
0.509877
1.0
0.0102846
0.0700712
0.716955
0.104212
0.77645
1.0
0.0102783
0.0136053
0.422628
0.049314
0.479891
1.0
0.0102781
0.724166
0.803237
0.816727
0.957311
1.0
0.0102642
0.264169
0.688028
0.303094
0.745142
1.0
0.010248
0.684224
0.720929
0.730092
0.780024
1.0
0.0102293
0.141164
0.387307
0.17713
0.442928
1.0
0.0102266
0.0176949
0.488486
0.0979238
0.634035
1.0
0.0102261
0.314861
0.589573
0.354614
0.646835
1.0
0.010213
0.00401592
0.322188
0.0323466
0.377888
1.0
0.0101981
0.0705263
0.524271
0.101587
0.575855
1.0
0.0101617
0.716369
0.754028
0.758403
0.81116
1.0
0.0101383
0.0685023
0.133391
0.158055
0.297413
1.0
0.0101198
0.671262
0.0780962
0.764497
0.212049
1.0
0.0101152
-0.00061815
0.28635
0.0605607
0.404944
1.0
0.0101152
0.306916
0.556281
0.405937
0.683592
1.0
0.0101146
0.16381
0.530975
0.261523
0.67614
1.0
0.0100948
0.0372745
0.595491
0.0727687
0.658075
1.0
0.0100416
0.519769
0.593853
0.61085
0.735774
1.0
0.0100276
0.384045
0.582866
0.485536
0.717715
1.0
0.0100122
0.439561
0.514729
0.486961
0.581833
