1.0
0.301147
0.393597
0.513297
0.610512
0.850394
1.0
0.0455706
0.0044125
0.377833
0.516456
1.06778
1.0
0.0385006
0.76549
0.0754279
0.810144
0.136816
1.0
0.0364977
-0.0105698
0.730747
0.133362
0.953177
1.0
0.0340264
0.761316
0.0278561
0.805633
0.0880607
1.0
0.031317
0.469296
0.596229
0.889005
1.04616
1.0
0.0304973
0.73183
0.656775
1.01007
0.989459
1.0
0.030353
0.503381
0.885486
0.551353
0.95223
1.0
0.0295696
0.743004
0.00888185
0.782473
0.0541781
1.0
0.0293117
0.488193
0.623068
0.605574
0.778505
1.0
0.0234179
0.407394
0.487599
0.522505
0.671581
1.0
0.0229065
0.529617
0.679398
0.587213
0.75584
1.0
0.0220462
0.0162921
0.753895
0.0605541
0.821029
1.0
0.0219998
0.415116
0.247444
0.547055
0.396856
1.0
0.0219168
0.519312
0.540128
0.636182
0.700484
1.0
0.0218976
0.464001
0.749884
0.513202
0.817148
1.0
0.0215634
0.078366
0.728006
0.176631
0.854182
1.0
0.021001
0.718982
0.00538968
0.759624
0.0525895
1.0
0.020682
0.785915
0.0288881
0.829204
0.0878404
1.0
0.0205116
0.42288
0.328762
0.671946
0.712075
1.0
0.0204273
0.115118
0.75062
0.157502
0.81215
1.0
0.0203384
0.819432
0.452554
0.859328
0.506133
1.0
0.0199479
0.0895458
0.753814
0.13534
0.818221
1.0
0.0199308
0.782943
0.0598175
0.825832
0.120683
1.0
0.0196251
0.73205
0.0399822
0.817323
0.157299
1.0
0.0192919
0.538687
0.675398
0.668666
0.820038
1.0
0.0192403
0.789366
0.00796333
0.828363
0.0517327
1.0
0.0191258
0.368387
0.447912
0.465285
0.620323
1.0
0.0189964
0.606041
0.709524
0.732697
0.854186
1.0
0.0183432
0.514143
0.62012
0.562527
0.686922
1.0
0.0178348
0.801349
0.406161
0.884317
0.525201
1.0
0.0174112
0.719542
0.0538086
0.759395
0.111145
1.0
0.0173888
0.0643031
0.753092
0.10912
0.819107
1.0
0.0173802
0.434772
0.663602
0.551712
0.829501
1.0
0.0173183
0.141527
0.730497
0.183785
0.785002
1.0
0.0173167
0.370056
0.619072
0.486224
0.79978
1.0
0.0171679
0.265757
0.0779779
0.698647
0.881598
1.0
0.0170413
0.0519995
0.856939
0.159434
0.992408
1.0
0.0168687
0.465187
0.949315
0.511241
0.996823
1.0
0.0168308
0.436319
0.580036
0.488424
0.653563
1.0
0.0168077
0.509688
0.943305
0.558803
0.996542
1.0
0.0167661
0.746703
0.0508661
0.792239
0.113318
1.0
0.0165644
0.462995
0.585693
0.513639
0.658156
1.0
0.0164573
0.488113
0.705994
0.546461
0.787604
1.0
0.0164343
0.478013
0.838805
0.564858
0.968902
1.0
0.01626
0.47376
0.470749
0.604138
0.654553
1.0
0.016226
0.321886
0.639321
0.422532
0.787212
1.0
0.0161071
0.0682114
0.783821
0.269959
1.01549
1.0
0.0160613
0.265985
0.654396
0.6418
1.00394
1.0
0.0159785
0.00729423
0.695284
0.0932512
0.835747
1.0
0.0155281
0.432418
0.397444
0.556934
0.574152
1.0
0.0154269
0.582452
0.648588
0.634267
0.716885
1.0
0.0153696
0.660362
0.658725
0.781675
0.806607
1.0
0.015322
0.0120605
0.810103
0.0589849
0.883896
1.0
0.0152757
0.165025
0.726955
0.206992
0.783002
1.0
0.0149848
0.416988
0.546649
0.464056
0.619949
1.0
0.0147954
0.560327
0.619848
0.610473
0.687942
1.0
0.0147686
0.509281
0.741136
0.559743
0.810923
1.0
0.0146106
0.669163
0.245649
0.770121
0.384967
1.0
0.0145854
0.535895
0.58432
0.588357
0.6551
1.0
0.0145391
0.435004
0.521664
0.482033
0.59102
1.0
0.0144627
0.694786
0.0678512
0.787552
0.19746
1.0
0.0144391
0.613178
0.71531
0.664057
0.783188
1.0
0.0144169
0.550067
0.462608
0.666296
0.643312
1.0
0.0144101
0.696149
0.374683
0.788661
0.522071
1.0
0.0143809
0.315256
0.531746
0.414407
0.698578
1.0
0.0143684
0.488872
0.652691
0.54213
0.727284
1.0
0.0143103
0.61861
0.12612
0.826878
0.448939
1.0
0.0142766
0.000470031
0.943911
0.0362303
0.996291
1.0
0.0142475
0.391497
0.337098
0.506826
0.504795
1.0
0.0141604
0.929594
0.406147
0.999373
0.563983
1.0
0.0140698
0.502894
0.902994
0.593264
1.0034
1.0
0.0140487
0.585042
0.714127
0.63739
0.780517
1.0
0.0140485
0.461785
0.551872
0.510302
0.619257
1.0
0.0140124
0.554854
0.708401
0.607797
0.778704
1.0
0.0139749
0.787395
0.462208
0.883564
0.598713
1.0
0.0139728
0.625358
0.489615
0.836499
0.809803
1.0
0.0139208
0.571978
0.583821
0.679341
0.728484
1.0
0.013833
0.66227
0.956432
0.70783
0.999568
1.0
0.0138078
0.616656
0.957851
0.660067
0.998773
1.0
0.0137637
0.600395
0.391444
0.69473
0.559439
1.0
0.0137418
0.66223
0.551224
0.76894
0.696305
1.0
0.0136725
0.664507
0.317745
0.763987
0.470578
1.0
0.0136644
0.0383712
0.778642
0.0825698
0.847484
1.0
0.0136272
0.00327245
0.722988
0.0365594
0.781358
1.0
0.0136203
0.84222
0.430346
0.879928
0.481058
1.0
0.0135026
0.367949
0.45059
0.404846
0.509064
1.0
0.0134235
0.490412
0.553262
0.537295
0.617521
1.0
0.0134211
0.390039
0.710605
0.438135
0.780674
1.0
0.0133871
0.498439
0.724173
0.616609
0.886515
1.0
0.0132663
0.00274334
0.786899
0.0381861
0.849491
1.0
0.0132657
0.7418
0.85139
0.845765
0.988996
1.0
0.0132367
0.321086
0.429775
0.496714
0.766851
1.0
0.0131519
0.662833
0.686121
0.713117
0.749086
1.0
0.0131516
0.68738
0.72136
0.802752
0.889099
1.0
0.0130364
0.56994
0.802055
0.782368
1.02719
1.0
0.0129677
0.862629
0.426249
0.900157
0.477936
1.0
0.0129608
0.814286
0.00502388
0.854876
0.0512935
1.0
0.0128639
0.718498
0.387336
0.760151
0.446021
1.0
0.012818
0.963544
0.420255
0.99686
0.485571
1.0
0.0127567
0.00170519
0.871553
0.0690809
0.984355
1.0
0.0127502
0.4702
0.859927
0.51114
0.91766
1.0
0.0127479
0.786185
0.683235
0.836583
0.752979
1.0
0.0126727
0.707502
0.00320651
0.783313
0.0967569
1.0
0.0126535
0.679987
0.32117
0.886199
0.663959
1.0
0.0126068
0.465337
0.486896
0.510595
0.551255
1.0
0.0125381
0.516386
0.553066
0.563381
0.618596
1.0
0.0124977
0.788148
0.326656
0.87982
0.469571
1.0
0.0124871
0.0412881
0.733965
0.0823504
0.791369
1.0
0.0124757
0.78481
0.109621
0.828632
0.168752
1.0
0.0124462
0.806473
0.0570355
0.846145
0.113648
1.0
0.0124066
0.513129
0.782106
0.556966
0.843604
1.0
0.0123991
0.462829
0.677409
0.516011
0.754442
1.0
0.0123231
0.713888
0.954586
0.758252
1.00159
1.0
0.0122919
0.839346
0.362777
0.927875
0.499926
1.0
0.0121643
0.438715
0.708925
0.493691
0.785376
1.0
0.0121162
0.320167
0.437577
0.409655
0.596793
1.0
0.0121146
0.584631
0.581045
0.636995
0.650401
1.0
0.012042
0.611422
0.653142
0.659219
0.719646
1.0
0.0120102
0.386563
0.648316
0.436455
0.72266
1.0
0.0120018
0.414672
0.488201
0.460097
0.556295
1.0
0.0119845
0.811418
0.663671
0.851942
0.718938
1.0
0.0119472
0.611396
0.618088
0.657532
0.683302
1.0
0.0119413
0.770522
0.0111801
0.856181
0.125195
1.0
0.0119359
0.134651
0.72244
0.22592
0.836176
1.0
0.0119146
0.564324
0.955841
0.608046
1.0008
1.0
0.0118974
0.540347
0.252741
0.652655
0.398999
1.0
0.0118385
0.00196249
0.682089
0.0349471
0.741785
1.0
0.0117691
0.0904265
0.848876
0.132102
0.912299
1.0
0.0117445
0.593262
0.95873
0.63743
1.00027
1.0
0.011705
0.696113
0.00400371
0.735989
0.0490172
1.0
0.0116968
0.115276
0.952269
0.157624
0.998545
1.0
0.011673
0.392259
0.583303
0.436702
0.651893
1.0
0.0116719
0.60118
0.257806
0.707385
0.40441
1.0
0.0115758
0.509971
0.0178879
0.912139
0.677076
1.0
0.0115559
0.69576
0.908096
0.78729
1.00878
1.0
0.0114933
0.36936
0.482925
0.407455
0.545396
1.0
0.011435
0.548432
0.767221
0.678817
0.920918
1.0
0.0114048
0.00202182
0.853235
0.03668
0.918522
1.0
0.0113965
0.583064
0.281337
0.63612
0.353144
1.0
0.0113778
0.812083
0.118412
0.852524
0.172372
1.0
0.01137
0.268883
0.651543
0.368548
0.778826
1.0
0.0113503
0.487065
0.779134
0.53311
0.839029
1.0
0.0113447
0.388582
0.485698
0.433674
0.552512
1.0
0.0113424
0.414929
0.747886
0.462702
0.81423
1.0
0.0113183
0.368311
0.58249
0.409814
0.649043
1.0
0.0112525
0.439075
0.650539
0.491468
0.722363
1.0
0.0112258
0.414318
0.45337
0.457708
0.517077
1.0
0.0112034
0.632831
0.889858
0.737527
0.998867
1.0
0.0111273
0.116234
0.817658
0.154665
0.877176
1.0
0.011102
0.55919
0.746789
0.611012
0.814972
1.0
0.0110996
0.745546
0.116109
0.788962
0.171065
1.0
0.0110789
0.537895
0.953723
0.58322
1.00032
1.0
0.0110666
0.662875
0.746751
0.712681
0.814964
1.0
0.0110185
0.763248
0.64434
0.854256
0.773264
1.0
0.0110062
0.562548
0.548931
0.614382
0.619866
1.0
0.0109288
0.444151
0.778967
0.490562
0.843979
1.0
0.0108756
0.666218
0.114574
0.764502
0.249773
1.0
0.0108469
0.38671
0.4519
0.429268
0.513681
1.0
0.0107974
0.963413
0.549489
0.997063
0.617803
1.0
0.0105973
0.0642098
0.814124
0.107369
0.882396
1.0
0.0105796
0.715554
0.11659
0.757489
0.173177
1.0
0.0105225
0.714881
0.277721
0.809233
0.413185
1.0
0.0105195
0.370752
0.517033
0.411165
0.582279
1.0
0.0105084
0.688692
0.714458
0.739383
0.783505
1.0
0.0104963
0.965384
0.354572
0.997319
0.414039
1.0
0.0104644
0.71659
0.317371
0.759573
0.377605
1.0
0.0104485
0.120211
0.694889
0.159292
0.75126
1.0
0.0104437
0.764423
0.950103
0.811391
1.00259
1.0
0.0104177
0.633522
0.383364
0.685305
0.464807
1.0
0.0104104
0.414098
0.346968
0.462401
0.414616
1.0
0.0103698
0.698931
0.0259173
0.739522
0.0828577
1.0
0.0103583
0.719931
0.420899
0.759975
0.478507
1.0
0.0103325
0.447561
0.921949
0.491443
0.979901
1.0
0.0103159
0.711998
0.688721
0.763521
0.753283
1.0
0.0103137
0.439846
0.455812
0.482946
0.517417
1.0
0.0102992
0.75066
0.731421
0.854821
0.914289
1.0
0.010278
0.793812
0.483212
0.834418
0.536905
1.0
0.0102737
0.342931
0.715046
0.386468
0.774682
1.0
0.0102531
0.419099
0.211666
0.65617
0.48511
1.0
0.0101364
0.693747
0.116555
0.733711
0.172599
1.0
0.0101331
0.86829
0.398574
0.904431
0.451352
1.0
0.0100781
0.738162
0.106663
0.828648
0.23412
1.0
0.010046
0.78806
0.247387
0.878037
0.378078
1.0
0.0100326
0.369817
0.748171
0.411562
0.807848
1.0
0.0100045
0.0121796
0.647319
0.0538942
0.712459
