1.0
0.742131
0.264812
0.426023
0.536863
0.863372
1.0
0.042402
-0.0217111
0.605836
0.38071
1.10187
1.0
0.0420819
0.766036
0.0774255
0.808429
0.137712
1.0
0.0316384
0.462058
0.442847
0.559306
0.599245
1.0
0.0308316
0.761363
0.0288025
0.803847
0.0870606
1.0
0.0258852
0.736325
0.668848
1.01184
0.996043
1.0
0.0253468
0.363836
0.498078
0.509075
0.723704
1.0
0.0251261
0.350908
0.618793
0.482941
0.821349
1.0
0.0241529
-0.00976133
0.731698
0.123601
0.953549
1.0
0.0240328
0.743364
0.00926468
0.782169
0.0544712
1.0
0.0233552
0.0153117
0.754234
0.0567041
0.820937
1.0
0.0231657
0.747089
0.0456968
0.823844
0.157032
1.0
0.0231024
0.516212
0.458017
0.555027
0.522823
1.0
0.0223867
0.656345
0.949584
0.708118
0.997912
1.0
0.0219424
0.784102
0.0631462
0.824593
0.120611
1.0
0.0217042
0.0623211
0.732395
0.159998
0.856399
1.0
0.0213941
0.0918434
0.757269
0.134335
0.815791
1.0
0.0207287
0.786857
0.0289514
0.828253
0.0849743
1.0
0.0205145
0.492718
0.47381
0.543044
0.550986
1.0
0.0201429
0.25903
0.484405
0.373827
0.640538
1.0
0.019935
0.114942
0.753563
0.157712
0.812125
1.0
0.0197055
0.436807
0.458485
0.900164
0.987651
1.0
0.018921
0.790571
0.00839224
0.828032
0.0505814
1.0
0.0186868
0.824399
0.431724
0.865162
0.484457
1.0
0.0180549
0.0695872
0.756681
0.109091
0.816258
1.0
0.0178473
0.39819
0.70686
0.51439
0.873155
1.0
0.0177335
0.718349
0.0539172
0.757602
0.111793
1.0
0.0171109
0.82228
0.40507
0.918879
0.536019
1.0
0.0167965
0.38715
0.706152
0.446127
0.788219
1.0
0.0166532
0.285482
0.658605
0.630289
0.982629
1.0
0.0164111
0.718513
0.00564354
0.758604
0.0534146
1.0
0.0162739
0.460474
0.891946
0.556481
1.00207
1.0
0.0161489
0.650287
0.920854
0.747613
1.00792
1.0
0.0161282
0.615119
0.953584
0.665568
0.998872
1.0
0.0156897
0.0104747
0.150167
0.293474
0.751685
1.0
0.0155422
0.00728961
0.69298
0.0863489
0.831635
1.0
0.0155379
0.303775
0.437924
0.440588
0.623688
1.0
0.0152875
0.00386947
0.723456
0.0350486
0.782051
1.0
0.0152664
0.463041
0.478596
0.516335
0.557285
1.0
0.0151355
0.00432513
0.919419
0.0399574
0.986085
1.0
0.014947
0.290909
0.543684
0.421725
0.734669
1.0
0.0149063
0.0409826
0.75605
0.0817451
0.818614
1.0
0.0147648
0.591044
0.95695
0.6386
0.999942
1.0
0.0147348
0.113818
0.710602
0.20993
0.828083
1.0
0.014641
0.685291
0.705088
0.804405
0.857174
1.0
0.014638
0.00192882
0.765712
0.0712369
0.892276
1.0
0.0146084
0.462951
0.948949
0.510559
0.998274
1.0
0.0143716
0.785255
0.110972
0.82733
0.168125
1.0
0.0140359
0.437258
0.779084
0.486279
0.845115
1.0
0.0140193
0.137176
0.749818
0.183809
0.811672
1.0
0.013915
0.409097
0.737455
0.46352
0.815323
1.0
0.0139089
0.79231
0.188132
0.831083
0.238568
1.0
0.0138037
0.471541
0.862408
0.517191
0.922979
1.0
0.0138013
0.422421
0.806509
0.536374
0.953609
1.0
0.0137535
0.764731
0.889819
0.853551
1.00293
1.0
0.0136539
0.814746
0.188958
0.853421
0.241315
1.0
0.0135431
0.785359
0.686098
0.835604
0.756254
1.0
0.0135035
0.215442
0.347574
0.261903
0.423013
1.0
0.0134606
0.713089
0.955366
0.757351
1.00148
1.0
0.0134511
0.375907
0.411792
0.503368
0.590561
1.0
0.0132772
0.0115483
0.84941
0.0526187
0.915647
1.0
0.0132179
0.41193
0.481324
0.465291
0.55588
1.0
0.0131936
0.0609106
0.329017
0.147708
0.470402
1.0
0.0131101
0.0113944
0.679951
0.0524952
0.745112
1.0
0.0130704
0.814593
0.0057476
0.854405
0.050452
1.0
0.0129815
0.269014
0.693162
0.377314
0.849697
1.0
0.0128733
0.232497
0.392744
0.360259
0.568948
1.0
0.0128587
0.183685
0.343995
0.274874
0.483509
1.0
0.0128212
0.00361987
0.651514
0.0364864
0.716643
1.0
0.0128148
0.486604
0.370402
0.573442
0.524165
1.0
0.0128093
0.565374
0.957139
0.610328
1.00012
1.0
0.0127332
0.0838012
0.777968
0.189631
0.926632
1.0
0.0125041
0.340551
0.710357
0.392479
0.783803
1.0
0.0124604
0.80839
0.0590751
0.846247
0.112844
1.0
0.0122522
0.314615
0.712805
0.363721
0.780629
1.0
0.0122222
0.114663
0.341017
0.202958
0.480626
1.0
0.0121726
0.748559
0.117679
0.788523
0.17005
1.0
0.0121416
0.540738
0.95625
0.586854
1.0014
1.0
0.0121278
0.388184
0.547785
0.441145
0.621609
1.0
0.0121224
0.208549
0.677902
0.31172
0.817857
1.0
0.0121222
0.734609
0.665981
0.841315
0.798607
1.0
0.0119672
0.671115
-0.0763575
0.985504
0.681155
1.0
0.0119579
0.000456385
0.616124
0.0662876
0.737364
1.0
0.0119556
0.444236
0.91726
0.492201
0.97898
1.0
0.0119527
0.816311
0.22209
0.855549
0.275518
1.0
0.0119246
0.166722
0.72513
0.213452
0.784955
1.0
0.0119165
0.814969
0.25611
0.854109
0.308803
1.0
0.0118335
0.513154
0.95232
0.559094
0.999743
1.0
0.0117901
0.469446
0.735871
0.582973
0.900979
1.0
0.0117821
0.697651
0.0672049
0.784086
0.189946
1.0
0.0117734
0.608386
0.714032
0.725385
0.850885
1.0
0.0117691
0.00394907
0.787076
0.0366246
0.848525
1.0
0.0116867
0.43301
0.469333
0.652727
0.770624
1.0
0.0116348
0.812211
0.120837
0.851463
0.173386
1.0
0.0116301
0.765091
0.147269
0.850844
0.271538
1.0
0.0116162
0.716992
0.119164
0.75447
0.172046
1.0
0.0115056
0.812847
0.664216
0.853255
0.719878
1.0
0.0114254
0.817755
0.477603
0.859063
0.53011
1.0
0.011396
0.66049
0.77181
0.774609
0.920298
1.0
0.0113948
0.222213
0.246369
0.487278
0.587842
1.0
0.011389
0.859108
0.426805
0.900763
0.479711
1.0
0.0113683
0.416446
0.954339
0.460642
0.997507
1.0
0.0113426
0.434461
0.507661
0.491741
0.587896
1.0
0.0111295
0.789982
0.155445
0.8298
0.208443
1.0
0.0111015
0.78833
0.331029
0.880253
0.471737
1.0
0.0110708
0.0600485
0.897818
0.152498
1.0067
1.0
0.0110668
0.430217
0.710736
0.488334
0.791465
1.0
0.0109861
0.36445
0.73844
0.417642
0.813987
1.0
0.0109813
0.44064
0.457481
0.489475
0.525239
1.0
0.0109361
0.212082
0.411106
0.259887
0.481781
1.0
0.0108757
0.309523
0.638397
0.368071
0.72368
1.0
0.0108712
0.746032
0.288022
0.786545
0.339543
1.0
0.0107867
0.000581913
0.840086
0.0712371
0.975773
1.0
0.0107478
0.520948
0.444274
0.620519
0.596511
1.0
0.0107113
0.706938
0.00418896
0.782426
0.101303
1.0
0.0106897
0.00479961
0.587107
0.0356671
0.647274
1.0
0.0106766
0.574274
0.92722
0.673158
1.00904
1.0
0.0106019
0.787792
0.471901
0.88553
0.600421
1.0
0.0105512
0.252601
0.601112
0.357622
0.756736
1.0
0.010515
0.786982
0.247905
0.873415
0.372657
1.0
0.0104511
0.484877
0.640404
0.537186
0.713991
1.0
0.0104485
0.763922
0.94905
0.811371
1.00179
1.0
0.0104344
0.433518
0.582131
0.489342
0.657889
1.0
0.0104125
0.470497
0.589534
0.577086
0.761443
1.0
0.0104106
0.447605
0.855962
0.491334
0.912529
1.0
0.0104057
0.457039
0.745175
0.508903
0.820881
1.0
0.0103538
0.391238
0.777273
0.440644
0.84295
1.0
0.0103339
0.163166
0.653258
0.255805
0.784957
1.0
0.0102986
0.355634
0.638866
0.418237
0.727832
1.0
0.0102808
0.142965
0.389223
0.18023
0.442983
1.0
0.0102736
0.0700131
0.690873
0.104688
0.745492
1.0
0.0102705
0.822092
0.403105
0.861648
0.455873
1.0
0.0102689
0.81472
0.289415
0.854239
0.339745
1.0
0.01025
0.223563
0.544646
0.327208
0.692011
1.0
0.0102455
0.363022
0.480343
0.415043
0.551578
1.0
0.0102455
0.502183
0.874871
0.550585
0.938923
1.0
0.010227
0.695419
0.118569
0.732424
0.171524
1.0
0.0102191
0.216315
0.450983
0.263277
0.516488
1.0
0.0101938
0.773905
0.0113056
0.856221
0.124006
1.0
0.0101831
0.561189
0.682595
0.803793
0.948465
1.0
0.0101638
0.342449
0.329889
0.478446
0.519971
1.0
0.0101174
0.00330251
0.884021
0.0347395
0.948703
