1.0
0.168902
0.216887
0.326597
0.632494
0.929533
1.0
0.0311677
0.745023
0.479397
1.0112
1.02729
1.0
0.0300067
0.960342
0.515132
0.997204
0.580873
1.0
0.0293312
0.930373
0.439763
0.999959
0.566873
1.0
0.029051
0.861728
0.566822
0.900651
0.615576
1.0
0.0265221
0.81582
0.539584
0.905302
0.650045
1.0
0.0253517
0.918541
0.525525
0.960474
0.581228
1.0
0.0248384
0.813119
0.582069
0.860712
0.640366
1.0
0.0228969
0.915385
0.555678
0.95407
0.607046
1.0
0.022856
0.841596
0.581427
0.886854
0.636414
1.0
0.0222844
0.96466
0.583511
0.997902
0.645381
1.0
0.0219563
0.474779
0.865482
0.591425
0.986211
1.0
0.0218586
0.118747
0.667495
0.517211
0.997785
1.0
0.0208941
0.542133
0.460214
0.585855
0.530265
1.0
0.020693
0.391312
0.458869
0.587739
0.829537
1.0
0.0204727
0.537291
0.441528
0.616577
0.584789
1.0
0.0204397
0.914581
0.582294
0.954019
0.637127
1.0
0.0204027
0.910681
0.560136
0.99715
0.713262
1.0
0.0202519
0.932963
0.509141
1.00109
0.630385
1.0
0.0194016
0.767066
0.561925
0.805852
0.614929
1.0
0.0193925
0.458333
0.535083
0.561446
0.718473
1.0
0.0190921
0.58764
0.95067
0.636678
0.998011
1.0
0.0184598
0.508411
0.949723
0.560834
1.00036
1.0
0.0175599
0.302472
0.12771
0.530489
0.411625
1.0
0.0175586
0.88145
0.490679
0.974449
0.618655
1.0
0.0175109
0.539158
0.513656
0.631008
0.673703
1.0
0.0172384
0.780337
0.567878
0.874604
0.689431
1.0
0.0172078
0.187307
0.648827
0.280296
0.768147
1.0
0.0169531
0.919996
0.485713
0.962121
0.547444
1.0
0.0168675
0.617473
0.91425
0.721005
1.00175
1.0
0.0166374
0.538793
0.646152
0.584278
0.710331
1.0
0.0165327
0.511849
0.83055
0.71924
1.01826
1.0
0.0164864
0.6371
0.948176
0.688684
0.997857
1.0
0.0163332
0.868014
0.534061
0.906543
0.584994
1.0
0.0162011
0.795762
0.566461
0.838834
0.618959
1.0
0.0161358
0.544076
0.504501
0.589772
0.572363
1.0
0.0161209
0.209937
0.684026
0.26043
0.747477
1.0
0.0160476
0.720855
0.548863
0.817217
0.675599
1.0
0.015809
0.837107
0.413221
0.930746
0.548992
1.0
0.0156983
0.914241
0.677845
0.997923
0.851539
1.0
0.0156663
0.126612
0.415555
0.22114
0.565911
1.0
0.0156382
0.865518
0.615909
0.906203
0.669698
1.0
0.0155776
0.115758
0.615282
0.220106
0.755038
1.0
0.0155109
0.710507
0.953618
0.757525
0.999579
1.0
0.0154218
0.549673
0.210711
0.967072
0.843683
1.0
0.015325
0.381918
0.880972
0.496898
0.991643
1.0
0.0152872
0.964117
0.426361
0.999002
0.486959
1.0
0.0152177
0.0561211
0.545172
0.156453
0.700339
1.0
0.015159
0.498848
0.59957
0.602
0.756762
1.0
0.015093
0.866182
0.452277
0.90391
0.504657
1.0
0.0150402
0.736561
0.445503
0.92599
0.712447
1.0
0.015006
0.575718
0.418727
0.765677
0.72391
1.0
0.0149675
0.773038
0.500307
0.871545
0.628737
1.0
0.0147876
0.380557
0.679236
0.526936
0.865508
1.0
0.0147013
0.684016
0.687734
0.781295
0.828581
1.0
0.0146919
0.898597
0.530878
0.93757
0.581215
1.0
0.0146084
0.161107
0.94589
0.209855
0.997932
1.0
0.0146047
0.838905
0.614491
0.934764
0.755907
1.0
0.0145451
0.537531
0.951617
0.589125
1.00154
1.0
0.0144233
0.795707
0.612014
0.84074
0.671201
1.0
0.0143388
0.76437
0.951425
0.811472
0.999479
1.0
0.0143189
0.0911353
0.474133
0.182906
0.627192
1.0
0.0143127
0.811196
0.948114
0.863551
0.999423
1.0
0.0142507
0.941471
0.614655
0.985265
0.67283
1.0
0.0141159
0.744719
0.580513
0.78948
0.643818
1.0
0.0140826
0.613824
0.931818
0.66525
0.985778
1.0
0.013934
0.965699
0.692001
0.99823
0.751793
1.0
0.0138295
0.236383
0.278541
0.371595
0.434649
1.0
0.0138211
0.406583
0.741577
0.630967
0.99719
1.0
0.0137134
0.673214
0.91356
0.777635
1.00523
1.0
0.0136421
0.145805
0.677815
0.24398
0.809604
1.0
0.0135589
0.867868
0.490516
0.903624
0.540285
1.0
0.0134327
0.796189
0.674929
0.89075
0.818261
1.0
0.01343
0.916347
0.614607
0.955458
0.666635
1.0
0.0134267
0.0615862
0.416093
0.154758
0.564008
1.0
0.0134117
0.464792
0.950713
0.516907
0.999639
1.0
0.0133752
0.413103
0.955558
0.462733
1.00026
1.0
0.0133438
0.816073
0.65048
0.860793
0.708198
1.0
0.0132879
0.113702
0.397017
0.301506
0.711888
1.0
0.013287
0.714264
0.617704
0.810221
0.75203
1.0
0.0132656
0.535538
0.907517
0.637851
1.00483
1.0
0.0132621
0.867068
0.654837
0.908189
0.711993
1.0
0.0131736
0.478814
0.414775
0.644077
0.714204
1.0
0.0131048
0.864391
0.806217
0.999325
0.999985
1.0
0.0131038
0.936696
0.372488
1.00658
0.503649
1.0
0.0130364
0.108608
0.793331
0.287378
1.01931
1.0
0.0129174
0.608536
0.688033
0.71998
0.83548
1.0
0.0127967
0.769128
0.915081
0.868935
1.00665
1.0
0.012785
0.668201
0.517631
0.76717
0.655719
1.0
0.012731
0.843814
0.533471
0.884757
0.584136
1.0
0.0127048
0.562431
0.616053
0.606218
0.68177
1.0
0.0127045
0.00228762
0.548674
0.0663709
0.675003
1.0
0.0126811
0.183618
0.734545
0.284338
0.870544
1.0
0.0126068
0.765592
0.616327
0.807738
0.675981
1.0
0.0125858
0.467098
0.912207
0.524849
0.979549
1.0
0.0124666
0.894004
0.61821
0.932252
0.668961
1.0
0.0124632
0.717291
0.581778
0.761705
0.645386
1.0
0.0124526
0.36173
0.598359
0.48635
0.782148
1.0
0.0124468
0.537481
0.679964
0.585321
0.748457
1.0
0.0123615
0.76762
0.529336
0.807395
0.584792
1.0
0.0123474
0.967901
0.655311
0.999759
0.713888
1.0
0.0123474
0.816734
0.720635
0.860703
0.779909
1.0
0.0123227
0.151039
0.871754
0.248698
0.995217
1.0
0.0122975
0.899577
0.490905
0.937998
0.545491
1.0
0.012175
0.700267
0.751352
0.802255
0.891663
1.0
0.0121726
0.483226
0.641982
0.541185
0.718448
1.0
0.0121588
0.89661
0.456381
0.936993
0.511771
1.0
0.0121003
0.142456
0.544848
0.244378
0.694399
1.0
0.0120161
0.0377454
0.485182
0.214389
0.812516
1.0
0.0119854
0.56489
0.541423
0.610716
0.606953
1.0
0.011985
0.138766
0.619413
0.183636
0.677675
1.0
0.0119742
0.458894
0.656275
0.580224
0.834303
1.0
0.0119654
0.967301
0.391175
1.00108
0.4519
1.0
0.0119418
0.120607
0.553755
0.158574
0.611106
1.0
0.0118688
0.893116
0.259991
0.932227
0.316048
1.0
0.0117842
0.81662
0.53143
0.859335
0.585169
1.0
0.0117473
0.389709
0.234223
0.509837
0.371327
1.0
0.0116959
0.51109
0.326139
0.616103
0.484813
1.0
0.0116863
0.542565
0.581747
0.585494
0.646173
1.0
0.0116777
0.193415
0.31252
0.309942
0.467394
1.0
0.0116354
0.558866
0.610433
0.657931
0.757945
1.0
0.0116004
0.564123
0.576046
0.610492
0.645418
1.0
0.0115197
0.844442
0.651981
0.884926
0.706279
1.0
0.011514
0.73944
0.682451
0.833796
0.823447
1.0
0.0114756
0.174473
0.217756
0.418252
0.529925
1.0
0.0114667
0.574532
0.436407
0.673322
0.594689
1.0
0.011436
0.744814
0.531304
0.783571
0.583984
1.0
0.0113866
0.792765
0.529745
0.833437
0.581964
1.0
0.0113312
0.11403
0.648547
0.161999
0.715253
1.0
0.0113163
0.146766
0.35017
0.248897
0.505621
1.0
0.0112064
0.689429
0.720681
0.735037
0.780651
1.0
0.011183
0.0108946
0.47741
0.102219
0.634231
1.0
0.0111011
0.0552039
0.63981
0.160517
0.802621
1.0
0.0110961
0.511081
0.849432
0.567934
0.919618
1.0
0.0110765
0.771172
0.418275
0.868846
0.549408
1.0
0.0110263
0.166439
0.683482
0.21788
0.74896
1.0
0.0110213
0.167139
0.480672
0.208696
0.546243
1.0
0.0110087
0.964548
0.951194
1.0002
0.999932
1.0
0.0109692
0.455588
0.228226
0.668135
0.56324
1.0
0.0109538
0.485346
0.578526
0.53695
0.653569
1.0
0.010893
0.967206
0.252881
0.999212
0.311829
1.0
0.0108539
0.529164
0.672595
0.634962
0.832187
1.0
0.0107777
0.717076
0.617454
0.763127
0.680861
1.0
0.0107774
0.627135
0.756411
0.743614
0.900678
1.0
0.0107582
0.0897159
0.589341
0.134118
0.650228
1.0
0.0107382
0.771736
0.753077
0.867687
0.888441
1.0
0.0106698
0.0024571
0.614955
0.0379148
0.679385
1.0
0.0106409
0.967969
0.287799
0.999585
0.343022
1.0
0.0106309
0.237225
0.676385
0.341474
0.809381
1.0
0.0106167
0.771648
0.490027
0.807682
0.541092
1.0
0.0106062
0.00254726
0.656546
0.0638189
0.785778
1.0
0.0105902
0.0885771
0.647713
0.13632
0.713953
1.0
0.0105893
0.609031
0.581659
0.708203
0.715806
1.0
0.0105878
0.692739
0.584733
0.737141
0.646105
1.0
0.0105801
0.138267
0.68531
0.189272
0.751383
1.0
0.0105705
0.844045
0.489263
0.883417
0.541059
1.0
0.0105155
0.315028
0.222571
0.360132
0.279919
1.0
0.0104697
0.842719
0.426703
0.882982
0.477475
1.0
0.0104104
0.968794
0.35677
1.00079
0.414292
1.0
0.0103211
0.504033
0.551506
0.714952
0.852293
1.0
0.010316
0.740604
0.651191
0.787189
0.714622
1.0
0.0102924
0.816605
0.687829
0.860765
0.746287
1.0
0.0102503
0.792264
0.652488
0.83506
0.708054
1.0
0.0102221
0.869647
0.686012
0.911003
0.744723
1.0
0.0101967
0.438246
0.647262
0.48737
0.718017
1.0
0.0101911
0.118086
0.590077
0.160928
0.650307
1.0
0.0101849
0.964877
0.752214
0.997787
0.817505
1.0
0.0101711
0.190267
0.709321
0.24027
0.772599
1.0
0.0101524
0.816848
0.755123
0.859214
0.810813
1.0
0.010117
0.164728
0.588283
0.211871
0.649984
1.0
0.0100741
0.740111
0.72087
0.78217
0.780517
1.0
0.0100387
0.506586
0.248638
0.613246
0.390634
1.0
0.010037
0.456825
0.352579
0.562005
0.524366
1.0
0.0100227
0.967629
0.322506
1.00021
0.381031
1.0
0.0100159
0.72035
0.526082
0.758677
0.581961
1.0
0.0100022
0.818926
0.452595
0.858824
0.505517
