1.0
0.567274
0.496585
0.41149
0.660287
0.657226
1.0
0.155259
0.389575
0.373568
0.700485
0.878687
1.0
0.0545062
0.0534665
0.390594
0.555755
1.02013
1.0
0.0490267
0.529275
0.401615
0.896438
0.977947
1.0
0.0457974
0.543831
0.678582
0.589611
0.743986
1.0
0.0383457
0.57759
0.562089
0.689827
0.717319
1.0
0.0342334
0.51179
0.2867
0.716347
0.554423
1.0
0.0292315
0.609633
0.517542
0.661991
0.593899
1.0
0.0291416
0.519572
0.589847
0.612727
0.742467
1.0
0.0288881
0.489425
0.352669
0.605501
0.538813
1.0
0.0275728
0.786151
0.0254375
0.833693
0.0941599
1.0
0.0269671
0.683973
0.571909
0.800508
0.722802
1.0
0.0260866
0.583205
0.479812
0.696896
0.628472
1.0
0.0251544
0.173701
0.614202
0.263081
0.73726
1.0
0.024956
0.556082
0.564311
0.613359
0.650803
1.0
0.0241035
0.0880678
-0.0698605
0.563116
0.652408
1.0
0.0237778
0.766298
0.0455206
0.812702
0.117068
1.0
0.0236331
0.00157101
0.67912
0.360099
0.973217
1.0
0.0233961
0.735576
0.6582
1.0015
0.99589
1.0
0.0231243
0.621131
0.603373
0.73584
0.757939
1.0
0.0230733
0.488394
0.572529
0.542595
0.651786
1.0
0.0226959
0.241234
0.756708
0.280188
0.811098
1.0
0.0222945
0.764645
0.00506514
0.809387
0.0592141
1.0
0.0221512
0.194488
0.785379
0.2307
0.833607
1.0
0.0220714
0.48857
0.515563
0.545362
0.597431
1.0
0.021293
0.194876
0.621724
0.236275
0.67987
1.0
0.0212258
0.578726
0.538394
0.641819
0.62494
1.0
0.0211455
0.531148
0.444386
0.592937
0.533221
1.0
0.0210547
0.175945
0.69534
0.210989
0.748102
1.0
0.020961
0.677962
0.53303
0.874085
0.834209
1.0
0.0208649
0.631481
0.546076
0.68611
0.616171
1.0
0.0206126
0.513416
0.612667
0.564298
0.682701
1.0
0.0203896
0.566948
0.254587
0.700407
0.413242
1.0
0.0197899
0.660642
0.580595
0.71331
0.652418
1.0
0.0196438
0.100657
0.685823
0.186995
0.817082
1.0
0.0195863
0.0755685
0.618409
0.158175
0.749233
1.0
0.0195853
0.607867
0.571739
0.662399
0.650833
1.0
0.0194978
0.633238
0.482629
0.686817
0.558632
1.0
0.019244
0.649696
0.490399
0.763282
0.637819
1.0
0.0190146
0.615247
0.405035
0.726737
0.566719
1.0
0.018874
0.490476
0.379942
0.536049
0.455733
1.0
0.0187118
0.207197
0.6934
0.289875
0.816496
1.0
0.0186526
0.644046
0.673766
0.753125
0.825903
1.0
0.0185688
0.124489
0.758185
0.157247
0.809645
1.0
0.0185439
0.0967115
0.655209
0.127578
0.706193
1.0
0.0184678
0.117283
0.482722
0.198001
0.617641
1.0
0.0183637
0.127958
0.554239
0.21616
0.681582
1.0
0.0179892
0.154899
0.688341
0.237391
0.809562
1.0
0.0178876
0.593475
0.68632
0.693451
0.815543
1.0
0.0177871
0.176274
0.759284
0.210267
0.808509
1.0
0.0177665
0.744089
0.0206805
0.790873
0.0873421
1.0
0.017647
0.147853
0.655495
0.17954
0.70424
1.0
0.0175957
0.594917
0.433527
0.81721
0.718023
1.0
0.0175232
0.507435
0.529268
0.577695
0.623441
1.0
0.0174433
0.752326
0.0230287
0.834816
0.160213
1.0
0.0173615
0.14802
0.789239
0.179854
0.833315
1.0
0.0173458
0.242282
0.728219
0.279006
0.780298
1.0
0.017334
0.0976434
0.723119
0.129275
0.774531
1.0
0.0172971
0.125911
0.910725
0.218607
1.00338
1.0
0.0172541
0.126863
0.788612
0.220513
0.914772
1.0
0.0171217
0.17456
0.652215
0.209862
0.706269
1.0
0.0170117
0.676071
0.0525881
0.872206
0.376671
1.0
0.0169441
0.555609
0.631385
0.664124
0.774238
1.0
0.0168764
0.560719
0.612916
0.608804
0.684589
1.0
0.0168687
0.21923
0.760855
0.256442
0.812344
1.0
0.016815
0.426687
0.399053
0.523787
0.55398
1.0
0.0167807
0.425358
0.542173
0.527968
0.68391
1.0
0.0167395
0.0981195
0.590737
0.128647
0.640167
1.0
0.016738
0.547413
0.509052
0.613343
0.606758
1.0
0.0167162
0.0824295
0.744445
0.167653
0.878314
1.0
0.0166938
0.217842
0.691599
0.255306
0.744266
1.0
0.0166029
0.168946
0.746619
0.254604
0.868848
1.0
0.0165853
0.101844
0.565382
0.28685
0.857928
1.0
0.0164834
0.0985354
0.788851
0.129822
0.837481
1.0
0.0164715
0.148029
0.761332
0.180205
0.808707
1.0
0.016467
0.126312
0.523746
0.159071
0.579212
1.0
0.0162533
0.192417
0.723202
0.227625
0.774009
1.0
0.0161975
-0.000146624
0.620969
0.0562137
0.74736
1.0
0.0161783
0.468464
0.583234
0.51403
0.645984
1.0
0.016171
0.123687
0.726161
0.155809
0.776785
1.0
0.0160992
0.143721
0.592185
0.178243
0.641203
1.0
0.0160686
0.123834
0.78741
0.156098
0.83655
1.0
0.0159741
0.523677
0.655367
0.567885
0.717656
1.0
0.015964
0.743979
0.653152
0.835767
0.825008
1.0
0.0159379
0.21699
0.648628
0.255049
0.703655
1.0
0.0159255
0.0945068
0.0681932
0.276081
0.41922
1.0
0.0159235
0.125063
0.588551
0.157117
0.639213
1.0
0.0159032
0.00481347
0.651241
0.0351835
0.716601
1.0
0.0158909
-0.000721691
0.717301
0.0552328
0.860109
1.0
0.0158262
0.468914
0.446922
0.511942
0.514877
1.0
0.0157729
0.0956739
0.243242
0.17893
0.404067
1.0
0.01561
0.149075
0.727269
0.18073
0.773869
1.0
0.0154795
0.489609
0.441077
0.539945
0.519688
1.0
0.0154789
0.225051
0.609853
0.318215
0.73675
1.0
0.0154606
0.169633
0.85275
0.210263
0.902088
1.0
0.0154404
0.11207
0.081065
0.202892
0.235627
1.0
0.0153984
0.0660743
0.885262
0.172587
0.999287
1.0
0.0153855
0.576899
0.172865
0.814456
0.475711
1.0
0.0152904
0.765244
0.733019
0.850616
0.896544
1.0
0.0151796
0.145845
0.82924
0.180749
0.875909
1.0
0.015152
0.147794
0.624545
0.183174
0.678141
1.0
0.0150866
0.457472
0.436386
0.568387
0.607202
1.0
0.0149987
0.145193
0.854557
0.18313
0.902968
1.0
0.0149307
0.584326
0.447808
0.642775
0.531022
1.0
0.0149163
0.09733
0.380769
0.179016
0.534248
1.0
0.0149097
0.149143
0.693613
0.181856
0.743179
1.0
0.0148448
0.123125
0.655428
0.155425
0.70683
1.0
0.0148185
0.0993803
0.758185
0.131632
0.810262
1.0
0.0147887
0.509344
0.351089
0.559221
0.427125
1.0
0.0147608
0.812339
0.00368823
0.854321
0.0523533
1.0
0.0147351
0.123616
0.826063
0.157732
0.876101
1.0
0.0147284
0.165379
0.95415
0.210826
0.997625
1.0
0.0147072
0.802657
0.0516434
0.846263
0.113728
1.0
0.0146145
0.141453
0.23797
0.240759
0.404229
1.0
0.014614
0.0169516
0.589743
0.0534597
0.650393
1.0
0.0145554
0.509703
0.409139
0.563636
0.492173
1.0
0.0145551
0.471076
0.300608
0.569023
0.452727
1.0
0.014529
0.0167585
0.554833
0.0534435
0.615899
1.0
0.014522
0.628181
0.282808
0.690612
0.364343
1.0
0.0145158
0.560265
0.280519
0.619279
0.3616
1.0
0.0144956
0.444225
0.554792
0.488079
0.614387
1.0
0.014391
0.470471
0.483416
0.512685
0.54953
1.0
0.0143318
0.138456
0.552494
0.175364
0.608215
1.0
0.0143312
0.65781
0.519576
0.708983
0.58967
1.0
0.0142533
0.559281
0.711354
0.600936
0.766672
1.0
0.0142312
0.139535
0.954179
0.185757
0.998437
1.0
0.014208
0.366944
0.583731
0.460553
0.720075
1.0
0.0141899
0.19133
0.851024
0.234137
0.901903
1.0
0.0141603
0.172885
0.888237
0.280657
0.99329
1.0
0.0141538
0.0968377
0.624033
0.12949
0.67888
1.0
0.0141061
0.123122
0.691685
0.156375
0.743994
1.0
0.0141025
0.241203
0.692837
0.279674
0.746774
1.0
0.0140868
0.265787
0.620144
0.30745
0.679787
1.0
0.0140676
0.117464
0.953694
0.160213
0.997423
1.0
0.0140002
0.634763
0.612603
0.690736
0.68766
1.0
0.0139691
0.240192
0.651068
0.279732
0.707762
1.0
0.0138117
0.0831657
0.802092
0.270469
1.00541
1.0
0.0137887
0.00611114
0.555867
0.0731656
0.689424
1.0
0.0137517
0.00524203
0.523875
0.0338109
0.580769
1.0
0.0137448
0.139268
0.132904
0.236125
0.299514
1.0
0.013714
0.123291
0.622263
0.156556
0.676994
1.0
0.0136828
0.214367
0.827247
0.254074
0.876454
1.0
0.0136631
0.0703065
0.306596
0.159906
0.471244
1.0
0.0136022
0.71722
0.0236867
0.761749
0.087315
1.0
0.0135651
0.172938
0.827573
0.209675
0.87471
1.0
0.0134726
0.257846
0.684304
0.345737
0.813629
1.0
0.0134667
0.616021
0.751428
0.661821
0.807691
1.0
0.0133657
0.678072
0.409787
0.7905
0.564315
1.0
0.0133112
0.0678492
0.132769
0.159936
0.300837
1.0
0.0132838
0.0974961
0.691616
0.129767
0.744697
1.0
0.0132723
0.495883
0.649678
0.538427
0.709177
1.0
0.0132661
0.763732
0.221345
0.806814
0.279182
1.0
0.0132357
0.765867
0.86185
0.859028
0.994427
1.0
0.0132265
0.288446
0.618748
0.329507
0.67896
1.0
0.0131929
0.0773941
0.518201
0.159081
0.654951
1.0
0.0131689
0.263302
0.785652
0.298363
0.834258
1.0
0.0130823
0.709452
0.57876
0.764425
0.653849
1.0
0.01308
0.253843
0.57265
0.346963
0.690496
1.0
0.0130799
0.0878264
0.0160662
0.137121
0.0795135
1.0
0.0130382
0.202281
0.231766
0.298669
0.385092
1.0
0.0129856
0.631245
0.3705
0.695317
0.457763
1.0
0.0129795
0.213258
0.952814
0.259768
0.996567
1.0
0.0129147
0.473367
0.360353
0.510337
0.421875
1.0
0.012897
0.516747
0.287784
0.561751
0.354968
1.0
0.0128727
0.659075
0.730126
0.701949
0.787165
1.0
0.0128382
0.47976
0.663524
0.575408
0.802917
1.0
0.0128299
0.531299
0.382573
0.590064
0.462808
1.0
0.0127248
0.0184828
0.485599
0.0948479
0.62653
1.0
0.0126923
0.317735
0.591411
0.356344
0.647295
1.0
0.0126346
0.123484
0.320635
0.158811
0.38079
1.0
0.0125059
0.264384
0.726023
0.299228
0.777613
1.0
0.0124802
0.197209
0.779758
0.291464
0.909175
1.0
0.0124774
0.168078
0.534599
0.264509
0.67107
1.0
0.0124695
0.673275
0.277358
0.785835
0.42085
1.0
0.0124466
0.804476
0.315684
0.893393
0.447711
1.0
0.0124321
0.525301
0.713156
0.565845
0.767025
1.0
0.0123621
0.68396
0.730786
0.78889
0.887329
1.0
0.0123474
0.215348
0.604814
0.255947
0.65917
1.0
0.0123256
8.9176e-05
0.804914
0.0580047
0.948482
1.0
0.0122807
0.0983361
0.82599
0.131383
0.875605
1.0
0.0122606
0.173749
0.602314
0.209832
0.652522
1.0
0.0122275
0.0409738
0.584464
0.123306
0.721904
1.0
0.0122115
0.787837
0.110543
0.833048
0.173895
1.0
0.0121827
0.124532
0.453005
0.159518
0.511118
1.0
0.012181
0.239895
0.60244
0.281604
0.656136
1.0
0.0121416
0.0932322
0.953526
0.136921
0.999003
1.0
0.0121229
0.100247
0.522973
0.132323
0.574895
1.0
0.0120997
0.0717177
0.589669
0.101909
0.640699
1.0
0.0120667
0.0129037
0.715673
0.0489753
0.78235
1.0
0.0120173
0.122574
0.852278
0.158924
0.903565
1.0
0.0120064
0.0748056
0.652733
0.103908
0.704263
1.0
0.0119687
0.49536
0.231948
0.602772
0.374605
1.0
0.0119255
0.0104146
0.942839
0.0532642
0.99716
1.0
0.011898
0.239745
0.825229
0.279625
0.875506
1.0
0.0118975
0.656934
0.447864
0.710727
0.522799
1.0
0.0118656
0.69192
0.21627
0.798727
0.34925
1.0
0.01186
0.54771
0.708091
0.637776
0.831758
1.0
0.0118335
0.265402
0.691299
0.301144
0.743735
1.0
0.0118121
0.0965098
0.390805
0.130737
0.446233
1.0
0.0118056
-0.000860376
0.460727
0.059495
0.580291
1.0
0.0117981
0.686367
0.611603
0.739037
0.686721
1.0
0.0117713
0.100945
0.560957
0.131952
0.612029
1.0
0.0117611
0.29291
0.722277
0.328623
0.773938
1.0
0.0116932
0.812339
0.118074
0.854392
0.175567
1.0
0.0116454
0.612332
0.648313
0.6633
0.717112
1.0
0.0116356
0.217226
0.561114
0.255301
0.613896
1.0
0.0116348
0.219707
0.725845
0.255683
0.776113
1.0
0.0116199
0.0960318
0.855898
0.131302
0.907959
1.0
0.0116144
0.271219
0.559442
0.310229
0.612658
1.0
0.0115671
0.498429
0.720705
0.536241
0.772302
1.0
0.0115618
0.098262
0.31923
0.133747
0.377038
1.0
0.0115245
0.686237
0.552759
0.73912
0.619359
1.0
0.0115243
0.740774
0.0931277
0.833309
0.243852
1.0
0.0114935
0.443367
0.521188
0.486596
0.583138
1.0
0.0114883
0.788712
0.190911
0.829259
0.245069
1.0
0.0114402
0.616647
0.121215
0.65822
0.178035
1.0
0.0114147
0.0033106
0.750895
0.0338408
0.818648
1.0
0.011381
0.699303
0.0648324
0.792479
0.208796
1.0
0.0113735
0.556379
0.339146
0.617928
0.426187
1.0
0.0113571
0.000158519
0.0165748
0.0804307
0.135065
1.0
0.0113424
0.0708531
0.625538
0.102229
0.679341
1.0
0.0113217
0.0694383
0.560294
0.100013
0.612
1.0
0.0112822
0.419044
0.63843
0.516129
0.786193
1.0
0.0112777
0.137039
0.405634
0.228191
0.553966
1.0
0.011213
0.0704197
0.522845
0.100302
0.573346
1.0
0.0112038
0.00386705
0.390174
0.0318677
0.444864
1.0
0.0112033
0.498271
0.687699
0.539522
0.744393
1.0
0.0111885
0.391961
0.58646
0.434018
0.648545
1.0
0.011168
0.0147029
0.489816
0.0499649
0.54879
1.0
0.0111524
0.0476182
0.679423
0.129387
0.822861
1.0
0.0111452
0.742755
0.116343
0.785764
0.17504
1.0
0.0111341
0.0750853
0.721155
0.10481
0.774255
1.0
0.0111042
0.286917
0.608151
0.378064
0.738453
1.0
0.0110843
0.963091
0.947876
0.999368
0.998581
1.0
0.0110712
0.592579
0.112329
0.68412
0.241418
1.0
0.0110668
0.0041544
0.323636
0.03245
0.378263
1.0
0.0109962
0.317881
0.561209
0.357236
0.615203
1.0
0.0109853
0.122526
0.387841
0.158182
0.447967
1.0
0.0109413
0.0966226
0.256492
0.133387
0.314826
1.0
0.0109239
0.535176
0.311762
0.594679
0.393444
1.0
0.010903
0.710388
0.643962
0.760086
0.715063
1.0
0.010898
0.121098
0.183566
0.157811
0.246542
1.0
0.010898
0.0114616
0.130887
0.304702
0.772133
1.0
0.0108622
0.360382
0.338881
0.555124
0.637253
1.0
0.0108459
0.76722
0.912044
0.814715
0.980087
1.0
0.0107974
0.123541
0.492003
0.157484
0.551219
1.0
0.0107779
0.00429356
0.456751
0.0324806
0.512542
1.0
0.0107582
0.583663
0.376506
0.644474
0.462368
1.0
0.0107254
0.713479
0.717194
0.758249
0.77956
1.0
0.0106798
0.122164
0.152399
0.159351
0.212264
1.0
0.0106361
0.167185
0.557456
0.204834
0.610072
1.0
0.0106265
0.0405514
0.588748
0.0732339
0.643094
1.0
0.0106167
0.122849
0.220224
0.157848
0.280067
1.0
0.0105435
0.317106
0.650999
0.354124
0.707394
1.0
0.0105315
0.660383
0.64543
0.709356
0.713752
1.0
0.0104819
0.264293
0.824964
0.300232
0.873111
1.0
0.0104817
-0.00155023
0.215964
0.0627639
0.337664
1.0
0.0104533
0.61919
0.153963
0.659219
0.207034
1.0
0.0104215
-0.00127659
0.392815
0.0591012
0.508751
1.0
0.0104196
0.443363
0.617859
0.489137
0.68176
1.0
0.0104149
0.00323643
0.811993
0.0354869
0.884219
1.0
0.0103954
0.315403
0.720322
0.352909
0.774496
1.0
0.0103931
0.121515
0.25305
0.156668
0.312251
1.0
0.0103915
0.718665
0.957117
0.758575
1.00054
1.0
0.0103889
-0.00145817
0.292783
0.0594746
0.408953
1.0
0.0103883
0.716018
0.117754
0.758935
0.17625
1.0
0.0103774
0.686846
0.721846
0.731975
0.781972
1.0
0.0103608
0.0423303
0.720836
0.0731355
0.77504
1.0
0.010297
0.815484
0.954356
0.858606
1.00152
1.0
0.0102869
0.649736
0.310252
0.709498
0.391872
1.0
0.0102691
0.595972
0.729181
0.636128
0.781238
1.0
0.0102597
0.583844
0.652553
0.633085
0.717215
1.0
0.0102475
0.140163
0.423663
0.178699
0.483603
1.0
0.0102377
0.81594
0.187247
0.856108
0.241815
1.0
0.0102316
0.582502
0.255169
0.641744
0.331602
1.0
0.0102243
0.905295
0.852104
0.99643
0.997387
1.0
0.0101799
0.0986182
0.494781
0.130484
0.547898
1.0
0.010157
0.570587
0.75391
0.611846
0.806148
1.0
0.0101539
0.754228
0.170462
0.844974
0.319735
1.0
0.0101339
0.0152584
0.423281
0.0500513
0.480586
1.0
0.01012
0.511564
0.473813
0.575113
0.569013
1.0
0.0101017
0.58263
0.301402
0.649308
0.390563
1.0
0.010042
0.338602
0.587846
0.378339
0.644782
1.0
0.0100103
0.198635
0.557492
0.400532
0.843314
1.0
0.0100031
0.18692
0.925574
0.236812
0.981955
