1.0
0.932728
0.38599
0.303824
0.526081
0.555512
1.0
0.0765029
0.320538
0.34102
0.699201
1.01443
1.0
0.047461
0.628471
0.382709
1.05019
1.02027
1.0
0.0389377
-0.00847711
0.764016
0.256322
1.02312
1.0
0.0356995
0.0181181
0.524784
0.426727
1.10683
1.0
0.026942
0.456527
0.319159
0.513637
0.402435
1.0
0.0261932
0.482401
0.369098
0.540134
0.459983
1.0
0.025121
0.164628
0.956155
0.209856
0.996004
1.0
0.0246561
0.509686
0.404777
0.612716
0.556284
1.0
0.0246116
0.391613
0.408219
0.44107
0.48479
1.0
0.0244853
0.0125266
0.949659
0.0553842
0.994832
1.0
0.0224768
0.460199
0.352882
0.567868
0.528129
1.0
0.0223661
0.559276
0.353745
0.649918
0.504896
1.0
0.0221162
0.389443
0.512399
0.437457
0.582113
1.0
0.0220446
0.961177
0.523702
0.99627
0.585759
1.0
0.0215783
0.392036
0.285179
0.437106
0.351923
1.0
0.0213706
0.370101
0.485069
0.41334
0.544756
1.0
0.0201515
0.778691
0.525509
0.868195
0.632652
1.0
0.0200238
0.319498
0.522393
0.427022
0.664839
1.0
0.0199121
0.444216
0.441053
0.553389
0.61087
1.0
0.019893
0.326546
0.372285
0.424507
0.526593
1.0
0.0197914
0.118174
0.961042
0.159425
0.998803
1.0
0.0194983
0.465595
0.619135
0.511512
0.680974
1.0
0.0190179
0.272615
0.383578
0.363513
0.521658
1.0
0.0188851
0.356656
0.571693
0.473315
0.728169
1.0
0.0187498
0.356062
0.289918
0.463102
0.453498
1.0
0.0187379
0.00293187
0.923743
0.0385486
0.981951
1.0
0.0187029
0.480849
0.507059
0.584131
0.658834
1.0
0.0184098
0.771958
0.548705
0.81333
0.603702
1.0
0.0183294
0.219927
0.38796
0.312859
0.521286
1.0
0.0182648
0.430431
0.432228
0.494953
0.522468
1.0
0.018231
0.940075
0.54483
0.986928
0.607694
1.0
0.0181766
0.509782
0.439268
0.562192
0.520333
1.0
0.0180876
0.368648
0.282049
0.40955
0.344246
1.0
0.0180467
0.412281
0.542902
0.464733
0.61318
1.0
0.0180222
0.80936
0.55459
0.851157
0.60591
1.0
0.0178189
0.529717
0.467463
0.6324
0.628117
1.0
0.0176707
0.961896
0.947942
0.998973
0.997068
1.0
0.0176544
0.314174
0.609424
0.423253
0.770124
1.0
0.0175387
0.338873
0.224844
0.434567
0.356608
1.0
0.0174292
0.415586
0.478606
0.616111
0.804624
1.0
0.017142
0.410019
0.523032
0.521858
0.680976
1.0
0.0171152
0.216077
0.959691
0.258897
0.999072
1.0
0.0169143
0.937284
0.431414
1.00323
0.566697
1.0
0.0165724
0.585648
0.436994
0.674483
0.580807
1.0
0.0164458
0.0655813
0.959081
0.106766
0.999306
1.0
0.0164074
0.41374
0.58394
0.464506
0.652699
1.0
0.0163272
0.390981
0.324078
0.439569
0.395862
1.0
0.016311
0.370554
0.448709
0.414931
0.513624
1.0
0.0162482
0.372088
0.324569
0.412758
0.387249
1.0
0.0162415
0.436144
0.286339
0.489148
0.359853
1.0
0.0161673
0.669673
0.513362
0.769846
0.64991
1.0
0.0160987
0.271157
0.555524
0.376402
0.689037
1.0
0.0160394
0.726023
0.518872
0.821632
0.636736
1.0
0.0160068
0.454213
0.502954
0.512341
0.584296
1.0
0.0159705
0.374268
0.38833
0.415543
0.453228
1.0
0.0157731
0.344514
0.421226
0.385118
0.482303
1.0
0.0156453
0.268481
0.557823
0.306731
0.605505
1.0
0.0156157
0.558717
0.441916
0.614428
0.518581
1.0
0.0156098
0.611861
0.417388
0.654804
0.488516
1.0
0.0154614
0.172104
0.407518
0.266755
0.543639
1.0
0.0154087
0.0910566
0.960567
0.133627
0.999403
1.0
0.015308
0.411505
0.472853
0.470057
0.552558
1.0
0.0153043
0.0593239
0.36593
0.159017
0.500482
1.0
0.0152999
0.436261
0.266975
0.557447
0.441127
1.0
0.015266
0.298056
0.72879
0.389186
0.877287
1.0
0.0152588
0.642063
0.450303
0.734581
0.594814
1.0
0.0152307
0.964289
0.580792
0.999274
0.643718
1.0
0.0152107
0.14186
0.906602
0.237322
0.998538
1.0
0.0150211
0.819805
0.599644
0.912565
0.726329
1.0
0.0150014
0.53089
0.286407
0.630285
0.434207
1.0
0.014978
0.869923
0.556303
0.9059
0.60457
1.0
0.0149341
0.430716
0.368867
0.497381
0.465249
1.0
0.0148223
0.314641
0.7506
0.359303
0.8125
1.0
0.0147722
0.533764
0.381995
0.58452
0.455114
1.0
0.0147652
0.964956
0.692245
0.997303
0.749725
1.0
0.0147381
0.212807
0.485861
0.308919
0.613941
1.0
0.0146847
0.551073
0.552273
0.652745
0.708988
1.0
0.0146519
0.196259
0.395791
0.229819
0.447424
1.0
0.0146192
0.266912
0.23944
0.452389
0.519386
1.0
0.0145816
0.368064
0.442554
0.481671
0.611113
1.0
0.014549
0.344062
0.389305
0.383161
0.44873
1.0
0.0145224
0.966251
0.490547
0.999031
0.553618
1.0
0.0144272
0.344291
0.519873
0.386181
0.577214
1.0
0.0143157
0.61858
0.543835
0.712745
0.685116
1.0
0.0143019
0.868628
0.528209
0.904579
0.577618
1.0
0.0142183
0.590988
0.476588
0.638459
0.546376
1.0
0.0141603
0.0411358
0.957192
0.084838
0.99911
1.0
0.014157
0.242927
0.557471
0.282836
0.607438
1.0
0.0141371
0.413571
0.256949
0.460732
0.325152
1.0
0.0141371
0.22171
0.393596
0.256998
0.447763
1.0
0.0141146
0.914211
0.567786
0.999567
0.721932
1.0
0.0140219
0.562538
0.383223
0.611402
0.455871
1.0
0.0139911
0.317044
0.618937
0.366313
0.687642
1.0
0.0139537
0.684105
0.444107
0.879451
0.7192
1.0
0.0139456
0.76816
0.584885
0.862083
0.715325
1.0
0.0139215
0.591961
0.385218
0.636814
0.454449
1.0
0.0138456
0.819588
0.687434
0.859782
0.742027
1.0
0.0138131
0.820186
0.656898
0.860379
0.711136
1.0
0.0138078
0.964825
0.75361
0.998213
0.815353
1.0
0.0137911
0.511131
0.584376
0.562694
0.653474
1.0
0.0137514
0.367515
0.549574
0.414571
0.61327
1.0
0.0136259
0.870489
0.590825
0.907627
0.640986
1.0
0.0136207
0.0108037
0.81788
0.052531
0.877653
1.0
0.0135991
0.967764
0.619548
0.99962
0.675927
1.0
0.0135813
0.13888
0.828931
0.321402
1.02811
1.0
0.0135461
0.844502
0.519753
0.936339
0.639971
1.0
0.0135149
0.51158
0.512678
0.559752
0.584894
1.0
0.0134107
0.510343
0.317485
0.558152
0.389429
1.0
0.0133468
0.174223
0.394494
0.207964
0.446593
1.0
0.0133329
0.53823
0.315267
0.587786
0.387641
1.0
0.0133317
0.919402
0.580416
0.959966
0.635086
1.0
0.0133286
0.11739
0.388136
0.21666
0.528121
1.0
0.0131911
0.291399
0.527155
0.330255
0.580291
1.0
0.0131396
0.288677
0.555261
0.331242
0.609268
1.0
0.0131211
0.66357
0.51726
0.708618
0.581176
1.0
0.0131101
0.014659
0.418881
0.0577164
0.483833
1.0
0.0131013
0.24656
0.392785
0.281152
0.446507
1.0
0.01305
0.087538
0.923877
0.181454
1.00957
1.0
0.0129726
0.00991896
0.850917
0.0517709
0.908125
1.0
0.0129373
0.271397
0.391078
0.30665
0.445627
1.0
0.0129323
0.266218
0.95682
0.309249
0.997968
1.0
0.0129119
0.294226
0.387244
0.332838
0.446976
1.0
0.0128731
0.293397
0.321803
0.388226
0.466304
1.0
0.0128502
0.320463
0.422769
0.358067
0.480085
1.0
0.0128293
0.480587
0.475655
0.535419
0.55642
1.0
0.0127711
0.487156
0.611871
0.595256
0.769721
1.0
0.0127339
0.29502
0.449238
0.333644
0.509126
1.0
0.012727
0.319526
0.388735
0.356958
0.447602
1.0
0.0127166
0.693306
0.521358
0.736422
0.579648
1.0
0.0127073
0.345868
0.484364
0.387543
0.543764
1.0
0.0127038
0.921843
0.531244
0.963537
0.586315
1.0
0.0126927
0.193187
0.917315
0.28466
1.0053
1.0
0.0126467
0.486353
0.549182
0.537447
0.618818
1.0
0.01263
0.0043405
0.792002
0.0365773
0.847331
1.0
0.0126202
0.672645
0.709034
0.764866
0.859133
1.0
0.0125641
0.338005
0.583644
0.388998
0.655731
1.0
0.0125383
0.846969
0.532335
0.882609
0.577174
1.0
0.0125326
0.0043467
0.391209
0.0360758
0.448252
1.0
0.0125267
0.360023
0.225313
0.403761
0.282746
1.0
0.0125144
0.221505
0.451584
0.256614
0.50621
1.0
0.0124803
0.270228
0.53056
0.307503
0.580625
1.0
0.0124632
0.967185
0.454024
1.00023
0.518999
1.0
0.0124469
0.0170503
0.410306
0.116972
0.554293
1.0
0.0124358
0.612089
0.350842
0.65474
0.420439
1.0
0.0124358
0.962676
0.818836
0.998123
0.879769
1.0
0.012419
0.291243
0.585729
0.334485
0.644849
1.0
0.0124021
0.788438
0.537343
0.830801
0.588206
1.0
0.0123626
0.750777
0.52851
0.790599
0.579792
1.0
0.012345
0.00667354
0.905025
0.0866433
0.997744
1.0
0.0123446
0.966704
0.658132
0.998819
0.715846
1.0
0.01232
0.920852
0.680929
0.998832
0.832737
1.0
0.0123059
0.346455
0.356331
0.385778
0.41737
1.0
0.0123008
0.640237
0.454893
0.680311
0.516339
1.0
0.0122336
0.966237
0.419511
0.997885
0.477791
1.0
0.0122175
0.182984
0.422352
0.379728
0.701882
1.0
0.0121965
0.270929
0.452439
0.305559
0.506392
1.0
0.0121835
0.315394
0.683136
0.363721
0.751641
1.0
0.0121426
0.866094
0.826293
1.0002
1.00716
1.0
0.0121173
0.147132
0.394083
0.180896
0.444944
1.0
0.0120815
0.246577
0.451677
0.281514
0.507364
1.0
0.0120733
0.640155
0.516351
0.682513
0.579016
1.0
0.0120722
0.314649
0.784585
0.358829
0.843423
1.0
0.0120568
0.14516
0.454244
0.178981
0.507509
1.0
0.0120346
0.66561
0.552427
0.710641
0.61563
1.0
0.0120173
0.718084
0.526101
0.756928
0.580305
1.0
0.0119697
0.861965
0.556858
1.00939
0.873413
1.0
0.011969
0.866875
0.688512
0.90679
0.741933
1.0
0.0119669
0.337553
0.567376
0.544097
0.892485
1.0
0.0119638
0.587465
0.586207
0.635774
0.653354
1.0
0.0119545
0.865478
0.657008
0.905764
0.711492
1.0
0.0118812
0.81545
0.583233
0.854698
0.63623
1.0
0.0118661
0.336918
0.721043
0.383976
0.783654
1.0
0.0118443
0.867158
0.622899
0.907536
0.677123
1.0
0.011844
0.609298
0.610072
0.703102
0.765499
1.0
0.0118283
0.346509
0.250136
0.38707
0.312704
1.0
0.0118119
0.0680241
0.425673
0.104885
0.482476
1.0
0.0118056
0.71169
0.582894
0.808204
0.721566
1.0
0.0117627
0.119941
0.454419
0.155133
0.508782
1.0
0.0116622
0.011212
0.88641
0.0514778
0.943605
1.0
0.0115988
0.195981
0.451596
0.230702
0.507189
1.0
0.0115939
0.562
0.539384
0.760742
0.863587
1.0
0.0115819
0.318207
0.522955
0.358675
0.577139
1.0
0.011574
0.616064
0.513443
0.659903
0.582054
1.0
0.0115355
0.641138
0.586275
0.683086
0.646737
1.0
0.0115167
0.602772
0.735154
0.693712
0.897195
1.0
0.0114857
0.894681
0.58886
0.931094
0.637076
1.0
0.0114829
0.272596
0.488665
0.306135
0.538895
1.0
0.0114826
0.443107
0.596163
0.544669
0.732533
1.0
0.0114459
0.534492
0.473977
0.588384
0.549104
1.0
0.011399
0.296323
0.435741
0.390111
0.572196
1.0
0.011396
0.120404
0.392925
0.155467
0.446521
1.0
0.011389
0.507358
0.352549
0.554969
0.431589
1.0
0.0113861
0.896365
0.558188
0.934582
0.607064
1.0
0.0113663
0.729064
0.55708
0.927758
0.858558
1.0
0.0113579
0.316266
0.556431
0.360345
0.612701
1.0
0.0113476
0.717507
0.555351
0.758298
0.611371
1.0
0.011311
0.798605
0.650749
0.888009
0.783861
1.0
0.0112751
0.146271
0.42408
0.181129
0.478118
1.0
0.0112749
0.0832732
0.434847
0.1842
0.583483
1.0
0.0112725
0.843108
0.556563
0.880838
0.604873
1.0
0.0112545
0.388711
0.612339
0.442167
0.6847
1.0
0.0112241
0.271466
0.42272
0.306274
0.477029
1.0
0.011211
0.478795
0.218937
0.585443
0.370824
1.0
0.0112037
0.35929
0.611137
0.413923
0.686632
1.0
0.0111732
0.0037381
0.725012
0.034573
0.77945
1.0
0.0111697
0.0710982
0.394437
0.106242
0.449697
1.0
0.0110666
0.408762
0.345698
0.467049
0.432293
1.0
0.0110588
0.00522366
0.238282
0.319868
0.801481
1.0
0.0110582
0.664961
0.455226
0.705497
0.515759
1.0
0.011039
0.0944909
0.393186
0.128543
0.446135
1.0
0.011026
0.29501
0.621573
0.3394
0.682729
1.0
0.0109958
0.53367
0.551842
0.587346
0.621946
1.0
0.0109938
0.144481
0.936944
0.190052
0.985831
1.0
0.0109828
0.362942
0.720714
0.407432
0.781075
1.0
0.0109413
0.298558
0.727078
0.338158
0.781448
1.0
0.0108866
0.791634
0.576708
0.832367
0.63201
1.0
0.0108737
0.245555
0.422501
0.280657
0.477477
1.0
0.0108717
0.795233
0.656913
0.832954
0.70842
1.0
0.010849
0.614173
0.357307
0.702704
0.496423
1.0
0.0108418
0.222608
0.487212
0.257103
0.53843
1.0
0.010827
0.565506
0.285216
0.610107
0.349268
1.0
0.0107925
0.0108062
0.755524
0.0513627
0.816055
1.0
0.0107897
0.485669
0.290069
0.535765
0.360212
1.0
0.0107875
0.221766
0.558828
0.258401
0.604264
1.0
0.0107093
0.0939478
0.453704
0.129449
0.509301
1.0
0.0107038
0.248137
0.334331
0.338366
0.467881
1.0
0.0106479
0.193267
0.558506
0.230955
0.605158
1.0
0.0106455
0.692094
0.553771
0.738537
0.61571
1.0
0.0106144
0.33494
0.644566
0.385117
0.715769
1.0
0.0106135
0.266964
0.58484
0.307524
0.64034
1.0
0.0106018
0.841661
0.686781
0.882868
0.740611
1.0
0.0105927
0.00299827
0.451987
0.0371847
0.514855
1.0
0.0105801
0.295137
0.485584
0.331758
0.541316
1.0
0.0105483
0.459999
0.255575
0.509944
0.325778
1.0
0.0105059
0.818886
0.626103
0.859232
0.67964
1.0
0.0104873
0.253049
0.641084
0.442243
0.952094
1.0
0.0104864
0.794517
0.691464
0.833261
0.744766
1.0
0.0104487
0.84457
0.589994
0.881481
0.639311
1.0
0.0104009
0.320769
0.485516
0.358753
0.540473
1.0
0.0103274
0.907784
0.493079
0.993175
0.622351
1.0
0.0103254
0.391764
0.723457
0.432504
0.777313
1.0
0.0103038
0.386035
0.665105
0.487888
0.815418
1.0
0.0102595
0.082759
-0.0181133
0.533102
0.686152
1.0
0.0102424
0.324518
0.251521
0.360214
0.308514
1.0
0.0102363
0.588606
0.653747
0.633612
0.718089
1.0
0.0102315
0.312548
0.954308
0.358708
0.999355
1.0
0.0101802
0.323551
0.284492
0.358033
0.339831
1.0
0.0101748
0.547277
0.681542
0.652167
0.885641
1.0
0.010173
0.246233
0.487541
0.280429
0.53926
1.0
0.0101429
-8.21054e-06
0.484109
0.0684923
0.606664
1.0
0.0101406
0.669077
0.604942
0.765696
0.753647
1.0
0.0101364
0.641558
0.654034
0.680539
0.712419
1.0
0.0101062
0.414338
0.222919
0.45854
0.282986
1.0
0.0101017
0.692312
0.652985
0.733161
0.71098
1.0
0.0100388
0.919069
0.659483
0.957599
0.71151
1.0
0.0100372
0.172915
0.559882
0.207602
0.604252
1.0
0.0100296
0.172358
0.452923
0.206833
0.507111
1.0
0.0100279
0.717641
0.680912
0.810174
0.826669
1.0
0.0100259
0.240758
0.922657
0.287866
0.978113
1.0
0.0100045
0.560809
0.514753
0.611503
0.584882
