1.0
0.0668154
0.21013
0.396176
0.696097
1.00923
1.0
0.0325514
0.740837
0.474293
1.00654
1.01551
1.0
0.0296744
0.930472
0.438921
0.999166
0.568699
1.0
0.0268877
0.960114
0.512201
0.997429
0.58046
1.0
0.0255996
0.862218
0.56544
0.900419
0.614494
1.0
0.0255493
0.176872
0.6876
0.400686
0.959269
1.0
0.024321
0.480613
0.91634
0.537996
0.982376
1.0
0.0235435
0.816254
0.540329
0.905283
0.65517
1.0
0.0230378
0.396429
0.821755
0.576267
1.01216
1.0
0.0227051
0.402735
0.723143
0.515938
0.850009
1.0
0.0223363
0.964968
0.547999
0.998612
0.609053
1.0
0.0215935
0.46624
0.948904
0.517009
0.996806
1.0
0.0213128
0.915971
0.557768
0.953456
0.608383
1.0
0.0212872
0.814819
0.583695
0.860665
0.641042
1.0
0.0207465
0.919702
0.521913
0.961536
0.578945
1.0
0.0204642
0.508089
0.951678
0.558108
0.998624
1.0
0.0197676
0.965052
0.583625
0.997843
0.645667
1.0
0.018932
0.516466
0.750896
0.911196
1.02479
1.0
0.0187121
0.764729
0.561818
0.805919
0.61404
1.0
0.0185824
0.685193
0.438715
0.889053
0.734215
1.0
0.0174048
0.842446
0.582235
0.885242
0.636793
1.0
0.0173102
0.415957
0.957041
0.462693
1.00009
1.0
0.0171822
0.578047
0.502458
0.78071
0.79987
1.0
0.0171378
0.900381
0.505136
0.982836
0.641219
1.0
0.0170687
0.565179
0.954656
0.612126
0.998542
1.0
0.0169489
0.720075
0.552454
0.818796
0.67868
1.0
0.0168644
0.440074
0.954816
0.490795
1.00079
1.0
0.0168528
0.0663142
0.0265953
0.580941
0.724035
1.0
0.0165014
0.538241
0.956021
0.58604
1.00014
1.0
0.0164894
0.869236
0.532793
0.906796
0.583166
1.0
0.016416
0.613167
0.952881
0.66322
0.997923
1.0
0.0159834
0.545787
0.192914
0.961024
0.847888
1.0
0.0157912
0.487555
0.875946
0.609908
0.990517
1.0
0.0157022
0.920684
0.483165
0.964896
0.547747
1.0
0.0156157
0.778936
0.571363
0.874932
0.696611
1.0
0.0154065
0.445895
0.709125
0.675372
0.958066
1.0
0.0151143
0.240918
0.693852
0.349704
0.823381
1.0
0.0150801
0.214253
0.621714
0.319485
0.748781
1.0
0.0149336
0.616752
0.411478
0.711839
0.548343
1.0
0.0148583
0.515808
0.856329
0.567659
0.916934
1.0
0.014668
0.221146
0.344681
0.322302
0.491909
1.0
0.0146153
0.290405
0.713907
0.338424
0.772197
1.0
0.0145651
0.605092
0.679752
0.729364
0.834948
1.0
0.0145485
0.769128
0.497425
0.869099
0.625005
1.0
0.01445
0.96377
0.424648
0.99888
0.486825
1.0
0.0141575
0.81236
0.949731
0.864006
0.998894
1.0
0.0141283
0.707916
0.620624
0.807715
0.756906
1.0
0.0140866
0.160165
0.409259
0.255689
0.556506
1.0
0.0140538
0.665725
0.516958
0.770986
0.656483
1.0
0.0139527
0.907793
0.60485
0.999206
0.774657
1.0
0.0138855
0.659728
0.591656
0.766826
0.732233
1.0
0.01382
0.839429
0.417491
0.932368
0.557702
1.0
0.0137919
0.570007
0.626383
0.674699
0.770254
1.0
0.0137485
0.896665
0.529541
0.934334
0.579121
1.0
0.0136898
0.860943
0.807432
0.998641
1.0009
1.0
0.0136831
0.896815
0.586808
0.934314
0.638106
1.0
0.0136794
0.24221
0.551283
0.342087
0.687518
1.0
0.0135898
0.966193
0.692121
0.998047
0.749068
1.0
0.0133942
0.372523
0.562393
0.573646
0.860802
1.0
0.0133807
0.398467
0.913793
0.494664
1.00667
1.0
0.0133442
0.596306
0.918667
0.700243
1.006
1.0
0.0133165
0.769202
0.713118
0.864675
0.85428
1.0
0.013248
0.765062
0.618304
0.807313
0.677208
1.0
0.013247
0.413397
0.775183
0.474987
0.84416
1.0
0.0131696
0.00231479
0.548493
0.0655376
0.667197
1.0
0.0131018
0.238514
0.290389
0.461912
0.606003
1.0
0.0130508
0.532869
0.918277
0.584826
0.979384
1.0
0.0129822
0.0706025
0.424508
0.168319
0.565903
1.0
0.01295
0.865796
0.616983
0.905593
0.671725
1.0
0.0128755
0.863134
0.569674
0.959296
0.716332
1.0
0.0128619
0.269712
0.692609
0.316367
0.750705
1.0
0.0128416
0.743886
0.579424
0.791193
0.644246
1.0
0.0128178
0.21636
0.471682
0.312746
0.613419
1.0
0.0128002
0.79432
0.566518
0.837631
0.617527
1.0
0.0127976
0.86913
0.492432
0.904858
0.542532
1.0
0.0127792
0.268073
0.591669
0.311243
0.645355
1.0
0.0127473
0.687027
0.90949
0.807494
1.00857
1.0
0.0126499
0.963809
0.952153
0.999725
0.999771
1.0
0.0126066
0.612436
0.5533
0.713718
0.698164
1.0
0.0125264
0.330552
0.23007
0.452766
0.377896
1.0
0.0125001
0.664234
0.438617
0.765941
0.582724
1.0
0.0124581
0.532143
0.688872
0.644243
0.826541
1.0
0.0123988
0.558094
0.469551
0.64774
0.616724
1.0
0.0123856
0.310142
0.110069
0.531253
0.409721
1.0
0.0123763
0.263732
0.465698
0.373837
0.621966
1.0
0.0123255
0.286106
0.626908
0.386168
0.761488
1.0
0.0122924
0.241894
0.723454
0.292453
0.784406
1.0
0.0121778
0.0584381
0.542113
0.160895
0.681315
1.0
0.0121771
0.966846
0.390282
1.00066
0.452347
1.0
0.0121669
0.661979
0.948877
0.71478
0.99674
1.0
0.0121556
0.815453
0.604441
0.915891
0.748732
1.0
0.0121549
0.462682
0.859009
0.512559
0.91585
1.0
0.0121472
0.942065
0.614939
0.985903
0.67315
1.0
0.0121361
0.685031
0.684042
0.73649
0.750634
1.0
0.0120792
0.0799444
0.29978
0.284095
0.595372
1.0
0.0120447
0.0157335
0.451396
0.0518409
0.51006
1.0
0.011991
0.683375
0.928715
0.740456
0.989009
1.0
0.0119659
0.795691
0.615386
0.838945
0.672877
1.0
0.0118936
0.584261
0.333531
0.772636
0.646572
1.0
0.011887
0.466497
0.718239
0.57879
0.844032
1.0
0.0118551
0.315481
0.752781
0.360345
0.811803
1.0
0.0118542
0.217149
0.590617
0.258186
0.644463
1.0
0.0118245
0.867156
0.454852
0.90456
0.508485
1.0
0.011766
0.561616
0.552397
0.654747
0.693494
1.0
0.0117529
0.761523
0.953056
0.809408
1.00021
1.0
0.0117422
0.720289
0.556286
0.762333
0.611539
1.0
0.0117359
0.267922
0.26006
0.382822
0.415318
1.0
0.0116938
0.898871
0.490986
0.936981
0.545174
1.0
0.0116321
0.694507
0.71529
0.803629
0.869387
1.0
0.0116089
0.0114533
0.474689
0.103992
0.623468
1.0
0.0115724
0.84527
0.532983
0.885363
0.583413
1.0
0.0115616
0.308718
0.690644
0.356081
0.750099
1.0
0.0115248
0.862452
0.954877
0.908147
1.0002
1.0
0.0114846
0.759416
0.917212
0.864397
1.0085
1.0
0.0113758
0.785796
0.413797
0.884711
0.548954
1.0
0.0113034
0.739477
0.753631
0.785685
0.816581
1.0
0.0113017
0.462177
0.471261
0.66012
0.805818
1.0
0.0112908
0.163938
0.947158
0.209718
0.996971
1.0
0.0112079
0.260382
0.358364
0.378437
0.535885
1.0
0.0111981
0.478023
0.799675
0.583931
0.921666
1.0
0.0111932
0.908322
0.723671
0.996719
0.891854
1.0
0.0111697
0.766336
0.529811
0.808477
0.584441
1.0
0.0111468
0.967757
0.656305
0.999514
0.713759
1.0
0.011127
0.895288
0.619039
0.932313
0.670232
1.0
0.0111224
0.738096
0.718937
0.784393
0.783156
1.0
0.0110915
0.637618
0.682074
0.691177
0.752118
1.0
0.0110767
0.916433
0.61523
0.954271
0.667062
1.0
0.0110657
0.171516
0.72373
0.28469
0.866494
1.0
0.0110437
0.558114
0.343687
0.655365
0.501386
1.0
0.0109264
0.739806
0.651531
0.787727
0.715092
1.0
0.0108715
0.714511
0.619475
0.761833
0.682887
1.0
0.0108658
0.816063
0.648875
0.86054
0.707567
1.0
0.0108558
0.512878
0.726038
0.562841
0.789603
1.0
0.0108435
0.265007
0.653893
0.311385
0.713185
1.0
0.0108319
0.260534
0.748806
0.312601
0.812989
1.0
0.010827
0.965282
0.753672
0.997298
0.814802
1.0
0.010822
0.468351
0.89138
0.519173
0.952268
1.0
0.0108168
0.192671
0.551526
0.285668
0.683397
1.0
0.0108148
0.241765
0.591135
0.28272
0.641935
1.0
0.0107818
0.718527
0.527137
0.760404
0.581253
1.0
0.0107695
0.218437
0.520594
0.258172
0.578574
1.0
0.0107676
0.478388
0.616912
0.581416
0.765226
1.0
0.0107239
0.743329
0.532849
0.78434
0.58401
1.0
0.0107091
0.215638
0.752439
0.267239
0.817665
1.0
0.0106439
0.64943
0.622978
0.855182
0.911739
1.0
0.0105512
0.190202
0.420252
0.23197
0.481636
1.0
0.0105251
0.261982
0.346833
0.312344
0.424928
1.0
0.0105011
0.171591
0.423664
0.208306
0.478396
1.0
0.0105011
0.265852
0.560495
0.308331
0.615639
1.0
0.0104771
0.315491
0.283109
0.362605
0.351797
1.0
0.0104764
0.866598
0.652455
0.907057
0.709187
1.0
0.0104276
0.0936989
0.787327
0.285409
1.0293
1.0
0.0103646
0.816338
0.530587
0.858492
0.583244
1.0
0.0103467
0.691512
0.5845
0.73838
0.646913
1.0
0.0103151
0.816086
0.720011
0.860502
0.780256
1.0
0.0102455
0.266718
0.620606
0.309936
0.676862
1.0
0.0102148
0.388818
0.956475
0.437826
1.00084
1.0
0.010187
0.114777
0.544255
0.214112
0.677917
1.0
0.010171
0.219692
0.556389
0.256826
0.607506
1.0
0.0101614
0.00255106
0.614628
0.0383069
0.67748
1.0
0.0101499
0.111712
0.617732
0.215589
0.752159
1.0
0.010129
0.531893
0.878842
0.581797
0.939749
1.0
0.0101082
0.14532
0.42512
0.181791
0.479794
1.0
0.0100879
0.195366
0.521047
0.235667
0.578566
1.0
0.0100388
0.413515
0.256852
0.460626
0.323224
