1.0
0.975385
0.401833
0.25553
0.613158
0.587072
1.0
0.14935
0.280833
0.347386
0.657534
0.898333
1.0
0.0291284
0.931755
0.438758
0.999406
0.572739
1.0
0.0279281
0.862672
0.565533
0.899928
0.614281
1.0
0.0253232
0.960354
0.512171
0.996735
0.581333
1.0
0.0249406
0.754849
0.470688
1.00645
1.00129
1.0
0.0227369
0.424275
0.508838
0.560395
0.707259
1.0
0.0226302
0.371922
0.423018
0.414343
0.486069
1.0
0.0216748
0.32316
0.438867
0.427576
0.586301
1.0
0.0214277
0.839227
0.531511
0.924643
0.652876
1.0
0.0205611
0.518879
0.768874
0.610834
0.899886
1.0
0.0204365
0.462533
0.212785
0.514204
0.281516
1.0
0.0200429
0.387358
0.375044
0.511828
0.557588
1.0
0.0198939
0.388228
0.482318
0.432745
0.546781
1.0
0.0195071
0.0568131
-0.0607452
0.56869
0.742809
1.0
0.0191665
0.846157
0.58172
0.886839
0.634162
1.0
0.019131
0.532987
0.810396
0.584154
0.878057
1.0
0.0189638
0.390075
0.519777
0.43347
0.57755
1.0
0.0187701
0.964664
0.582109
0.997715
0.645386
1.0
0.0187285
0.391953
0.557336
0.434648
0.61312
1.0
0.0185852
0.442689
0.22603
0.57376
0.401925
1.0
0.0185688
0.415865
0.517232
0.829587
1.04779
1.0
0.0185632
0.816622
0.585645
0.860204
0.639849
1.0
0.0185061
0.383435
0.442547
0.43058
0.513051
1.0
0.0182604
0.917854
0.557644
0.953793
0.608429
1.0
0.0182467
0.920991
0.525032
0.959719
0.581378
1.0
0.0177506
0.3646
0.468692
0.478011
0.618526
1.0
0.0175021
0.706798
0.910066
0.809717
1.00333
1.0
0.0173168
0.411161
0.579017
0.463963
0.648635
1.0
0.0173102
0.219914
0.563011
0.255369
0.607928
1.0
0.0172476
0.758843
0.949162
0.807651
0.998948
1.0
0.0171074
0.765913
0.562275
0.805727
0.616075
1.0
0.0169963
0.575004
0.826292
0.752823
1.01525
1.0
0.016862
0.685155
0.437449
0.889711
0.734953
1.0
0.0168073
0.354957
0.343623
0.453523
0.497807
1.0
0.016443
0.883042
0.397754
1.0026
0.65942
1.0
0.0163044
0.374289
0.28055
0.49075
0.442963
1.0
0.0162973
0.612628
0.951162
0.658256
0.997925
1.0
0.0162349
0.588896
0.920289
0.633958
0.975662
1.0
0.0160941
0.367338
0.565416
0.485761
0.717407
1.0
0.0160479
0.813026
0.949403
0.863482
0.999265
1.0
0.0159384
0.59231
0.905972
0.687788
1.00193
1.0
0.0158405
0.452377
0.613
0.568372
0.791747
1.0
0.0158162
0.289354
0.405448
0.388699
0.538873
1.0
0.0157015
0.507373
0.305106
0.62757
0.49728
1.0
0.0156911
0.791844
0.498023
0.890556
0.630049
1.0
0.0155133
0.869193
0.533516
0.905838
0.585167
1.0
0.0155103
0.571777
0.365969
0.674198
0.542624
1.0
0.0153975
0.508448
0.249206
0.562028
0.324416
1.0
0.0151935
0.654211
0.685112
0.759182
0.827281
1.0
0.0151451
0.942106
0.544739
0.985768
0.608636
1.0
0.0151252
0.483421
0.513598
0.537709
0.584361
1.0
0.0150804
0.410528
0.482106
0.46527
0.550641
1.0
0.0148819
0.908712
0.549751
0.997606
0.722687
1.0
0.014856
0.816949
0.615739
0.859531
0.670712
1.0
0.0146591
0.23566
0.348956
0.439343
0.616314
1.0
0.0146544
0.241859
0.448634
0.33799
0.57431
1.0
0.0146513
0.816049
0.414636
0.90845
0.541514
1.0
0.0146018
0.568144
0.952386
0.610528
0.997305
1.0
0.0146018
0.713401
0.94924
0.762062
0.998175
1.0
0.0145488
0.31816
0.56468
0.36059
0.611785
1.0
0.0145226
0.684525
0.917649
0.735657
0.979823
1.0
0.0145224
0.0124243
0.614545
0.0559082
0.675887
1.0
0.0145081
0.0145757
0.451603
0.0541241
0.514376
1.0
0.0143418
0.308773
0.546432
0.419824
0.675797
1.0
0.0143233
0.567862
0.483141
0.773321
0.77899
1.0
0.0142448
0.438519
0.512817
0.494244
0.579549
1.0
0.0141762
0.798906
0.572003
0.891435
0.697244
1.0
0.0141307
0.505731
0.445041
0.563275
0.526535
1.0
0.0141255
0.486941
0.578493
0.537665
0.649922
1.0
0.0140933
0.869081
0.493052
0.904249
0.543264
1.0
0.0140124
0.866533
0.453235
0.903277
0.505472
1.0
0.0137265
0.921587
0.485585
0.962461
0.54782
1.0
0.0137192
0.469192
0.708124
0.578085
0.864532
1.0
0.0136731
0.748674
0.548974
0.840354
0.669985
1.0
0.013658
0.666005
0.950879
0.711334
0.997278
1.0
0.0136545
0.639158
0.953128
0.684593
0.999118
1.0
0.0136421
0.678603
0.75022
0.78233
0.898312
1.0
0.0136331
0.866686
0.617578
0.907054
0.67278
1.0
0.0135801
0.433437
0.277228
0.493154
0.363016
1.0
0.0134667
0.461802
0.544791
0.517224
0.617264
1.0
0.0134542
0.000892736
0.549958
0.064367
0.668361
1.0
0.0134382
0.411271
0.313009
0.466268
0.389669
1.0
0.0134155
0.864036
0.807425
1.00077
0.999923
1.0
0.0132782
0.366169
0.558258
0.410764
0.612242
1.0
0.013248
0.96378
0.425581
0.998723
0.488161
1.0
0.0132326
0.744263
0.751591
0.838683
0.888062
1.0
0.0132115
0.197889
0.560458
0.236952
0.610159
1.0
0.0131879
0.9659
0.692153
0.997547
0.750004
1.0
0.0131736
0.228565
0.485642
0.459298
0.766667
1.0
0.0131666
0.906682
0.672854
0.994788
0.835943
1.0
0.0131399
0.516465
0.955665
0.557758
0.998162
1.0
0.0130567
0.688577
0.71528
0.736075
0.779169
1.0
0.0130118
0.663927
0.477685
0.766524
0.623108
1.0
0.0129795
0.222526
0.420232
0.257259
0.472076
1.0
0.0129261
0.459733
0.42484
0.594342
0.621753
1.0
0.012844
0.527676
0.679244
0.637771
0.855012
1.0
0.0127044
0.294074
0.561019
0.335031
0.60713
1.0
0.0127015
0.54181
0.955005
0.586101
1.0001
1.0
0.0126467
0.896989
0.562734
0.934032
0.611558
1.0
0.0126358
0.892936
0.258479
0.932079
0.314411
1.0
0.0125779
0.0593751
0.544246
0.164633
0.682357
1.0
0.0125372
0.472757
0.907428
0.558764
1.00718
1.0
0.012515
0.793411
0.566569
0.835003
0.617021
1.0
0.0124923
0.719476
0.494693
0.814875
0.627159
1.0
0.0124445
0.0958189
0.458283
0.130191
0.512494
1.0
0.0123997
0.44217
0.794513
0.617504
1.01431
1.0
0.0122615
0.271395
0.561569
0.307002
0.604012
1.0
0.0121394
0.436979
0.447594
0.493297
0.522233
1.0
0.0121168
0.942529
0.614416
0.98528
0.672768
1.0
0.012081
0.780743
0.905411
0.886719
1.00356
1.0
0.0120184
0.00317017
0.587429
0.0380569
0.64961
1.0
0.0120047
0.29514
0.448844
0.332296
0.504558
1.0
0.0119851
0.793414
0.673453
0.889822
0.824888
1.0
0.0119768
0.242345
0.562185
0.280293
0.606845
1.0
0.0119251
0.486094
0.279359
0.543012
0.36184
1.0
0.0118981
0.716974
0.40482
0.8144
0.540326
1.0
0.0118765
0.602543
0.468896
0.707997
0.627409
1.0
0.0118704
0.520359
0.842468
0.562581
0.899965
1.0
0.0117841
0.413641
0.698504
0.516751
0.847149
1.0
0.0117574
0.317369
0.451307
0.355169
0.504255
1.0
0.0117526
0.547964
0.871488
0.645454
0.989993
1.0
0.0117214
0.0839605
0.482224
0.289802
0.780337
1.0
0.0116941
0.372073
0.348964
0.413373
0.416328
1.0
0.0116752
0.265534
0.502986
0.370864
0.621329
1.0
0.0116491
0.486601
0.376766
0.541874
0.453489
1.0
0.0116454
0.271733
0.451612
0.305775
0.502995
1.0
0.0116246
0.531729
0.484934
0.633586
0.655063
1.0
0.0116215
0.121123
0.458298
0.156311
0.51482
1.0
0.0116136
0.967042
0.251936
0.999139
0.311476
1.0
0.0115929
0.538135
0.476277
0.593717
0.551069
1.0
0.0115697
0.143461
0.455802
0.178767
0.51197
1.0
0.0115456
0.600422
0.742859
0.717584
0.897518
1.0
0.0115292
0.494807
0.555097
0.608382
0.728098
1.0
0.0115108
0.0631238
0.443908
0.164503
0.59114
1.0
0.0115033
0.184784
0.580642
0.287147
0.703743
1.0
0.0114881
0.509948
0.614955
0.562235
0.688019
1.0
0.0114724
0.509427
0.547052
0.561092
0.615842
1.0
0.011459
0.192688
0.40902
0.285558
0.534004
1.0
0.0114356
0.844179
0.607694
0.940044
0.759364
1.0
0.0114178
0.542755
0.920308
0.588749
0.977677
1.0
0.0113862
0.309305
0.616059
0.43054
0.757866
1.0
0.0113836
0.519487
0.219699
0.631227
0.373138
1.0
0.0113633
0.387706
0.382484
0.435399
0.456349
1.0
0.0113271
0.195725
0.530863
0.233413
0.582788
1.0
0.0113217
0.964014
0.951478
1.00017
1.00033
1.0
0.0112746
0.867947
0.652781
0.90997
0.712169
1.0
0.0112592
0.219396
0.533019
0.256118
0.583502
1.0
0.0112393
0.710605
0.617076
0.810645
0.757875
1.0
0.0111681
0.895858
0.52992
0.932409
0.580172
1.0
0.0111169
0.576777
0.28119
0.677001
0.441565
1.0
0.0110969
0.458589
0.479913
0.517166
0.554451
1.0
0.0110794
0.535132
0.313575
0.590773
0.390023
1.0
0.0110481
0.515291
0.92057
0.55836
0.977457
1.0
0.0110313
0.76628
0.614203
0.808142
0.673939
1.0
0.0110213
0.318742
0.487941
0.357283
0.541764
1.0
0.0110162
0.862062
0.955192
0.908342
1.00103
1.0
0.0110009
0.577493
0.532086
0.676005
0.683681
1.0
0.0109962
0.968176
0.287253
0.99955
0.342411
1.0
0.0109709
0.360931
0.666893
0.473389
0.817688
1.0
0.0109559
0.0587555
0.619185
0.160819
0.755873
1.0
0.0108911
0.109233
0.478207
0.212257
0.616815
1.0
0.0108856
0.513365
0.7195
0.559402
0.782867
1.0
0.0108588
0.19917
0.423278
0.234803
0.476093
1.0
0.0108163
0.50636
0.31442
0.561136
0.392738
1.0
0.0107946
0.276807
0.678792
0.405339
0.830669
1.0
0.0107578
0.630849
0.396009
0.738461
0.560524
1.0
0.0107239
0.197298
0.452324
0.231673
0.506357
1.0
0.0107234
0.897438
0.492118
0.935041
0.546911
1.0
0.0107083
0.814194
0.786701
0.859845
0.8448
1.0
0.0107068
0.745997
0.579542
0.791534
0.643396
1.0
0.010645
0.414911
0.252888
0.465558
0.326749
1.0
0.0106409
0.768984
0.488462
0.807261
0.540623
1.0
0.0106304
0.463221
0.717061
0.51035
0.781367
1.0
0.0106261
0.844116
0.616526
0.88511
0.671993
1.0
0.010612
0.390849
0.648374
0.439164
0.712449
1.0
0.010607
0.269836
0.425123
0.30426
0.475143
1.0
0.0105651
0.169967
0.525515
0.264586
0.643693
1.0
0.0105387
0.967202
0.39139
1.00068
0.452975
1.0
0.0105315
0.120588
0.520498
0.157465
0.575991
1.0
0.0105155
0.720578
0.555888
0.760035
0.611111
1.0
0.0105105
0.211165
0.497522
0.313947
0.616277
1.0
0.0104725
0.194811
0.585493
0.236907
0.640066
1.0
0.010463
0.843763
0.44945
0.884209
0.502824
1.0
0.0104506
0.00566432
0.426315
0.0374561
0.482613
1.0
0.0104363
0.00704167
0.427862
0.0879208
0.561097
1.0
0.0103958
0.793008
0.776077
0.888261
0.91288
1.0
0.0103907
0.659833
0.585021
0.764755
0.726499
1.0
0.0103632
0.585776
0.518131
0.632232
0.583292
1.0
0.0103556
0.144662
0.559409
0.183783
0.6118
1.0
0.010349
0.744423
0.530329
0.784318
0.583475
1.0
0.0103462
0.00275584
0.605965
0.0789137
0.744706
1.0
0.0103316
0.968009
0.657018
0.999167
0.714322
1.0
0.0103254
0.847307
0.533411
0.88685
0.584552
1.0
0.0103137
0.246722
0.44945
0.281405
0.502811
1.0
0.010297
0.406146
0.413884
0.461895
0.48637
1.0
0.0102457
0.350269
0.446145
0.392619
0.505501
1.0
0.0102452
0.846473
0.490445
0.884846
0.54166
1.0
0.0102176
0.438455
0.719586
0.484858
0.78268
1.0
0.0102017
0.0966828
0.784793
0.298956
1.02494
1.0
0.0101831
0.127802
0.364444
0.336821
0.65632
1.0
0.0101618
0.586186
0.318348
0.632457
0.387399
1.0
0.0101563
0.766605
0.529621
0.807523
0.585821
1.0
0.0101517
0.221153
0.450535
0.255003
0.503431
1.0
0.0101408
0.965368
0.753582
0.997484
0.812838
1.0
0.0101339
0.968727
0.357573
1.0005
0.414853
1.0
0.0101248
0.487872
0.644207
0.5397
0.714115
1.0
0.0101225
0.0945088
0.520102
0.130116
0.574062
1.0
0.0100695
0.142403
0.524003
0.180168
0.577726
1.0
0.0100647
0.121304
0.428921
0.155006
0.481159
1.0
0.0100576
0.490358
0.954302
0.533191
0.998568
1.0
0.0100397
0.24397
0.533662
0.280391
0.581738
1.0
0.0100113
0.818304
0.451073
0.85872
0.503372
1.0
0.0100003
0.244428
0.422299
0.279722
0.473504
