1.0
0.134708
0.335828
0.464001
0.73011
1.00577
1.0
0.0580561
0.653297
0.41546
1.03547
1.09389
1.0
0.047807
0.0290066
0.486671
0.415299
1.1115
1.0
0.0381561
-0.00556868
0.761153
0.259704
1.02503
1.0
0.0371353
0.376348
0.521759
0.608675
0.779081
1.0
0.036807
0.361342
0.375878
0.565189
0.602175
1.0
0.0357069
0.399489
0.503896
0.53734
0.650545
1.0
0.0239181
0.425837
0.57467
0.551241
0.710947
1.0
0.0230937
0.165355
0.954667
0.211603
0.995765
1.0
0.0225279
0.338205
0.550141
0.461929
0.696191
1.0
0.0224566
0.783931
0.522768
0.870886
0.633559
1.0
0.0217499
0.811026
0.5524
0.85215
0.603867
1.0
0.0214038
0.518625
0.62215
0.632809
0.784014
1.0
0.0211118
0.0123122
0.94904
0.054963
0.994593
1.0
0.0210828
0.554259
0.465233
0.659394
0.613047
1.0
0.0210701
0.299765
0.258947
0.504804
0.51686
1.0
0.0207527
0.320373
0.359347
0.357782
0.416242
1.0
0.0205055
0.316431
0.609631
0.425045
0.760491
1.0
0.0200465
0.963609
0.523872
0.997219
0.583588
1.0
0.0196306
0.31459
0.411735
0.420865
0.547375
1.0
0.0190533
0.541967
0.684388
0.592619
0.748088
1.0
0.0187033
0.316589
0.486246
0.426456
0.621996
1.0
0.0184835
0.313105
0.321049
0.418627
0.460991
1.0
0.018356
0.433487
0.582136
0.493023
0.653737
1.0
0.0180822
0.221846
0.394709
0.315287
0.517778
1.0
0.0179733
0.410293
0.549391
0.470621
0.618352
1.0
0.0179571
0.213463
0.957123
0.258317
0.998537
1.0
0.0179038
0.142529
0.957999
0.187342
0.998074
1.0
0.0178313
0.186955
0.0251663
0.632608
0.626294
1.0
0.0177746
0.465387
0.473385
0.589202
0.631264
1.0
0.0176907
0.773125
0.549739
0.812285
0.602639
1.0
0.017683
0.386962
0.523906
0.439792
0.587451
1.0
0.0172775
0.482237
0.379747
0.613604
0.534592
1.0
0.017201
0.00246863
0.584223
0.0351705
0.644126
1.0
0.017154
0.117707
0.960145
0.160005
0.999166
1.0
0.0169297
-0.000118993
0.549251
0.0608289
0.660659
1.0
0.0169219
0.940573
0.550722
0.986293
0.609883
1.0
0.016891
0.34155
0.250059
0.44114
0.391379
1.0
0.0168646
0.265653
0.358715
0.361425
0.482638
1.0
0.0168347
0.389586
0.57921
0.4438
0.647681
1.0
0.0168308
0.00328404
0.922869
0.0391824
0.981821
1.0
0.016685
0.272095
0.390467
0.307434
0.44081
1.0
0.0165206
0.366453
0.48585
0.411602
0.545228
1.0
0.0164454
0.38753
0.480418
0.441179
0.550574
1.0
0.0164037
0.174237
0.394645
0.20937
0.447041
1.0
0.0163856
0.528104
0.324758
0.640522
0.467797
1.0
0.016385
0.117564
0.387316
0.218285
0.523948
1.0
0.0163826
0.961771
0.946661
0.999544
0.99784
1.0
0.0163531
0.194915
0.396348
0.228999
0.446432
1.0
0.0162681
0.585695
0.657862
0.633005
0.721791
1.0
0.0162533
0.337396
0.449106
0.386069
0.514494
1.0
0.0162453
0.145109
0.906545
0.240838
0.997393
1.0
0.0161791
0.937321
0.428152
1.00215
0.557632
1.0
0.0161343
0.0161705
0.391028
0.0571087
0.44929
1.0
0.0160868
0.406983
0.442769
0.469053
0.522197
1.0
0.0160771
0.411284
0.347575
0.466579
0.427746
1.0
0.0160693
0.342918
0.225504
0.380178
0.277343
1.0
0.0160116
0.459827
0.61859
0.513543
0.684557
1.0
0.015878
0.488262
0.653271
0.534911
0.710764
1.0
0.015791
0.339204
0.354675
0.38304
0.419559
1.0
0.0157402
0.5468
0.687504
0.648651
0.860472
1.0
0.015734
0.170659
0.411374
0.265751
0.540154
1.0
0.0157022
0.967253
0.488799
0.998943
0.549695
1.0
0.0156311
0.453208
0.547723
0.515772
0.620272
1.0
0.0155423
0.611819
0.477647
0.708475
0.615176
1.0
0.0155274
0.0527283
0.39737
0.160339
0.535365
1.0
0.0153428
0.367436
0.548746
0.417161
0.611973
1.0
0.0153118
0.343286
0.522059
0.389145
0.578356
1.0
0.0152803
0.367151
0.351411
0.410321
0.416844
1.0
0.0152764
0.584747
0.616624
0.637748
0.686338
1.0
0.0152349
0.300484
0.674282
0.389946
0.827664
1.0
0.0151892
0.26786
0.437396
0.36309
0.571336
1.0
0.0151239
0.219982
0.393871
0.25547
0.445331
1.0
0.0150904
0.27151
0.551224
0.377134
0.692593
1.0
0.0150743
0.552501
0.560488
0.745488
0.854124
1.0
0.0150601
0.293815
0.449229
0.334353
0.508076
1.0
0.0150423
0.242381
0.557886
0.282542
0.606568
1.0
0.0150052
0.267956
0.557553
0.306581
0.604998
1.0
0.014978
0.366293
0.283694
0.407332
0.345086
1.0
0.0149748
0.29269
0.387592
0.332452
0.442626
1.0
0.0149471
0.602997
0.613456
0.699569
0.761627
1.0
0.014755
0.544897
0.700099
0.931008
1.00479
1.0
0.0147418
0.221136
0.425821
0.256306
0.477322
1.0
0.0147346
0.342542
0.483784
0.387912
0.543765
1.0
0.0146217
0.319705
0.484497
0.359497
0.538739
1.0
0.014602
0.146996
0.393177
0.183228
0.445665
1.0
0.0146012
0.192716
0.91854
0.284144
1.00456
1.0
0.0144606
0.496801
0.444527
0.693326
0.747617
1.0
0.0144562
0.797053
0.62405
0.886531
0.756782
1.0
0.0144431
0.00119845
0.491014
0.0699287
0.605894
1.0
0.0144364
0.341502
0.553019
0.391205
0.61485
1.0
0.0143312
0.271014
0.452534
0.306562
0.503723
1.0
0.0142805
0.33914
0.584025
0.390994
0.65339
1.0
0.0142727
0.920422
0.581787
0.959792
0.63486
1.0
0.0142338
0.508187
0.516162
0.562658
0.586986
1.0
0.0141639
0.313371
0.748261
0.357944
0.81417
1.0
0.0140997
0.868141
0.55575
0.904114
0.603589
1.0
0.0140775
0.247191
0.39261
0.282493
0.443131
1.0
0.0140634
0.963653
0.581628
0.999347
0.644953
1.0
0.0140421
0.272163
0.361111
0.307021
0.412279
1.0
0.014029
0.575691
0.557899
0.671532
0.703605
1.0
0.0140166
0.267447
0.956279
0.31005
0.997964
1.0
0.0140102
0.36034
0.612891
0.415989
0.68683
1.0
0.013895
0.222428
0.452783
0.257396
0.504656
1.0
0.0138897
0.965439
0.419683
0.996945
0.477528
1.0
0.0138666
0.269894
0.532771
0.307338
0.580233
1.0
0.0138393
0.416845
0.610764
0.470335
0.678762
1.0
0.0138389
0.294504
0.486347
0.33248
0.540582
1.0
0.0138263
0.288519
0.554986
0.332569
0.60879
1.0
0.0137974
0.966714
0.453408
0.99939
0.517114
1.0
0.013783
0.431435
0.516117
0.49478
0.592569
1.0
0.0137481
0.16657
0.489595
0.261792
0.611612
1.0
0.0137229
0.390066
0.411941
0.445274
0.490357
1.0
0.0137077
0.0659177
0.959443
0.106805
0.999621
1.0
0.0137015
0.456736
0.350307
0.515491
0.428296
1.0
0.0137005
0.727443
0.515611
0.821781
0.634119
1.0
0.013698
0.0907875
0.960314
0.133546
0.999727
1.0
0.0136849
0.558262
0.6598
0.609905
0.728105
1.0
0.0136539
0.817869
0.65558
0.858504
0.711912
1.0
0.0136331
0.323362
0.286389
0.358129
0.340853
1.0
0.0136174
0.467357
0.657856
0.582218
0.801095
1.0
0.01359
0.290194
0.529301
0.330806
0.58018
1.0
0.0135746
0.245823
0.452788
0.281067
0.505084
1.0
0.0135549
0.31473
0.648122
0.364378
0.717667
1.0
0.0135149
0.867073
0.528824
0.902777
0.577875
1.0
0.0134976
0.581527
0.448486
0.636872
0.522292
1.0
0.0134552
0.735058
0.550745
0.933087
0.864
1.0
0.0134237
0.915581
0.528913
0.997869
0.671002
1.0
0.0133992
0.301095
0.210593
0.389744
0.345031
1.0
0.013399
0.385173
0.639422
0.501708
0.789764
1.0
0.0133681
0.455586
0.443138
0.518543
0.523862
1.0
0.0131941
0.790774
0.537855
0.832654
0.588338
1.0
0.0131521
0.00259027
0.65541
0.0335421
0.709993
1.0
0.0131466
0.244307
0.358141
0.441845
0.636943
1.0
0.013116
0.318866
0.426274
0.35985
0.482851
1.0
0.0131095
0.840066
0.518454
0.931636
0.643974
1.0
0.0130972
0.325119
0.250728
0.359275
0.305205
1.0
0.0130924
0.587044
0.507549
0.63936
0.577591
1.0
0.013084
0.136574
0.834473
0.321203
1.02981
1.0
0.0130268
0.315295
0.555847
0.360277
0.611334
1.0
0.0129945
0.145016
0.45367
0.181298
0.50807
1.0
0.0129797
0.845839
0.534178
0.881384
0.578911
1.0
0.0129049
0.316441
0.525323
0.359225
0.578305
1.0
0.0128932
0.171369
0.452807
0.206963
0.50664
1.0
0.012865
0.391129
0.323936
0.439259
0.390091
1.0
0.0128148
0.239935
0.489162
0.333976
0.614131
1.0
0.0128113
0.321149
0.326767
0.35729
0.385162
1.0
0.0128025
0.666877
0.516394
0.76584
0.648044
1.0
0.0127858
0.0547918
0.472764
0.157944
0.610345
1.0
0.0127769
0.146271
0.423073
0.183749
0.47848
1.0
0.0127763
0.560109
0.586184
0.614634
0.657515
1.0
0.0127685
0.818115
0.687789
0.858663
0.745158
1.0
0.0127368
0.751421
0.528616
0.789505
0.578872
1.0
0.0127048
0.506624
0.619199
0.562335
0.689281
1.0
0.012699
0.967326
0.619382
0.999712
0.675932
1.0
0.0126698
0.195058
0.422295
0.230547
0.475087
1.0
0.012664
0.00810021
0.367177
0.0926406
0.491566
1.0
0.0126588
0.0020855
0.522424
0.0371348
0.584973
1.0
0.0126002
0.869919
0.589481
0.907675
0.641238
1.0
0.0125378
0.583981
0.289348
0.681181
0.423362
1.0
0.0125065
0.605916
0.745311
0.692471
0.887286
1.0
0.0124932
0.8719
0.814679
1.00248
1.00297
1.0
0.0124814
0.338566
0.7203
0.383835
0.782331
1.0
0.0124188
0.966164
0.691994
0.998413
0.749993
1.0
0.0123992
0.640183
0.518395
0.681642
0.577861
1.0
0.0123626
0.432406
0.373777
0.498372
0.460592
1.0
0.0122829
0.670947
0.711547
0.761659
0.859521
1.0
0.0122615
0.610147
0.483289
0.656421
0.545528
1.0
0.0122583
0.587954
0.551986
0.638813
0.620496
1.0
0.0122249
0.241558
0.956026
0.287466
0.999002
1.0
0.0122137
0.19273
0.558899
0.231873
0.605542
1.0
0.0122115
0.642156
0.58617
0.684785
0.64611
1.0
0.0121942
0.0896095
0.923383
0.183351
1.00965
1.0
0.0121891
0.667847
0.95656
0.709027
0.999629
1.0
0.0121749
0.640144
0.485909
0.680854
0.543657
1.0
0.0121549
0.722988
0.713916
0.811472
0.854597
1.0
0.0121229
0.29115
0.58465
0.334891
0.645146
1.0
0.0120866
0.608672
0.885637
0.703158
0.999613
1.0
0.0120841
0.366153
0.420681
0.412637
0.485368
1.0
0.0120788
0.196306
0.451946
0.231623
0.505769
1.0
0.0120676
0.220984
0.559423
0.25846
0.604096
1.0
0.0120646
0.9145
0.681803
0.999954
0.848771
1.0
0.0120283
0.665491
0.584918
0.709682
0.645297
1.0
0.0120134
0.501293
0.255566
0.710052
0.528079
1.0
0.0120122
0.640985
0.582513
0.734506
0.719706
1.0
0.0119963
0.272351
0.489308
0.306557
0.537842
1.0
0.0119714
0.345469
0.284331
0.384743
0.345442
1.0
0.0119697
0.631508
0.432055
0.832618
0.716304
1.0
0.0119627
0.119715
0.392008
0.156816
0.447066
1.0
0.0119581
0.0103327
0.821191
0.0513495
0.879848
1.0
0.0119472
0.172535
0.56
0.209018
0.605023
1.0
0.0119413
0.837256
0.585238
0.936895
0.732334
1.0
0.0118985
0.483223
0.584832
0.536478
0.653939
1.0
0.0118767
0.119264
0.424841
0.156624
0.48058
1.0
0.0118407
0.719028
0.525731
0.756967
0.578492
1.0
0.0118164
0.365606
0.720925
0.408125
0.781293
1.0
0.0117954
0.00187117
0.617562
0.0343222
0.673446
1.0
0.0117852
0.0030471
0.723742
0.0347153
0.779567
1.0
0.0117574
0.815853
0.580318
0.854716
0.634982
1.0
0.011744
0.0666948
0.449747
0.107294
0.509717
1.0
0.011731
0.743441
0.586677
0.832762
0.720675
1.0
0.0117072
0.405459
0.312432
0.534522
0.466458
1.0
0.0116916
0.436306
0.326388
0.490467
0.394634
1.0
0.0116411
0.89567
0.589561
0.931496
0.63666
1.0
0.0116379
0.0402268
0.957502
0.0834465
0.999433
1.0
0.0116083
0.920943
0.532475
0.960602
0.585034
1.0
0.011577
0.644167
0.778983
0.731057
0.914695
1.0
0.0115719
0.248996
0.680541
0.339704
0.83064
1.0
0.0115481
0.00342547
0.420227
0.0374487
0.477692
1.0
0.011524
0.00887174
0.852388
0.0501797
0.909974
1.0
0.0114988
0.297562
0.722137
0.337718
0.782181
1.0
0.0114408
0.214636
0.545783
0.309006
0.677307
1.0
0.0114038
0.664045
0.519477
0.708266
0.581262
1.0
0.0113003
0.561666
0.708542
0.607266
0.767637
1.0
0.0112957
0.772706
0.678622
0.860238
0.818699
1.0
0.0112386
0.967143
0.655787
0.999533
0.71428
1.0
0.0112268
0.795208
0.656271
0.833146
0.710034
1.0
0.0112241
0.609781
0.687564
0.65294
0.747825
1.0
0.0112141
0.193072
0.532472
0.230402
0.579993
1.0
0.0111883
0.172199
0.488194
0.208423
0.540345
1.0
0.0111527
0.71889
0.556095
0.757965
0.609755
1.0
0.0111468
0.611318
0.585456
0.656833
0.651022
1.0
0.0111427
0.587978
0.713357
0.632352
0.772804
1.0
0.0111425
0.868879
0.688349
0.908469
0.742349
1.0
0.0111249
0.0913235
0.453267
0.130018
0.510643
1.0
0.0111249
0.3923
0.722971
0.433533
0.778184
1.0
0.0111222
0.362199
0.225667
0.402168
0.279663
1.0
0.0111163
0.867411
0.656576
0.907855
0.71273
1.0
0.0111148
0.693011
0.521315
0.734723
0.577711
1.0
0.0111097
0.478589
0.377045
0.544151
0.458873
1.0
0.0110817
0.0156989
0.359079
0.0544629
0.416055
1.0
0.0110615
0.0104496
0.754357
0.0516883
0.814622
1.0
0.0110456
0.01223
0.792092
0.0517882
0.847713
1.0
0.0110012
0.223713
0.35919
0.256894
0.408792
1.0
0.0109861
0.715375
0.957789
0.759208
1.00052
1.0
0.0109688
0.0937102
0.391566
0.129324
0.445192
1.0
0.0109193
0.131259
0.410181
0.327187
0.696624
1.0
0.0108955
0.0682313
0.39207
0.105631
0.447608
1.0
0.0108671
0.0760335
0.290887
0.281607
0.587102
1.0
0.0108637
0.897045
0.560588
0.934109
0.607405
1.0
0.0108122
0.818369
0.626868
0.858015
0.680421
1.0
0.0108094
0.00181139
0.690173
0.0341239
0.746272
1.0
0.0107966
0.819114
0.464234
0.911346
0.592269
1.0
0.0107656
0.445267
0.645198
0.489871
0.70095
1.0
0.0107625
0.00509969
0.904731
0.0834642
0.998369
1.0
0.0107401
0.664081
0.455696
0.705245
0.514359
1.0
0.0107335
0.222662
0.487168
0.257654
0.537212
1.0
0.0107268
0.851535
0.605371
1.00776
0.934108
1.0
0.0107142
0.00306324
0.453494
0.0373197
0.513997
1.0
0.0107034
0.567537
0.901439
0.647998
1.00174
1.0
0.0106547
0.172227
0.530541
0.209181
0.578969
1.0
0.0106506
0.515269
0.683158
0.565397
0.744133
1.0
0.0106401
0.514299
0.256424
0.621556
0.392043
1.0
0.0106114
0.691198
0.641871
0.780447
0.788794
1.0
0.0106023
0.344284
0.321171
0.385326
0.383125
1.0
0.0105999
0.642082
0.655118
0.681017
0.712224
1.0
0.0105628
0.220465
0.53218
0.258317
0.579976
1.0
0.0105491
0.868499
0.621669
0.908456
0.676042
1.0
0.0105347
0.564481
0.348522
0.61536
0.417381
1.0
0.0105127
0.390316
0.285143
0.43559
0.349045
1.0
0.0104485
0.612897
0.954742
0.653529
0.997793
1.0
0.0104463
0.79334
0.577298
0.83142
0.631007
1.0
0.0104344
0.388943
0.249657
0.433824
0.314183
1.0
0.0104154
0.14454
0.529715
0.181197
0.577538
1.0
0.0104152
0.174202
0.361172
0.207745
0.410956
1.0
0.0103821
0.0393568
0.393075
0.0790202
0.447915
1.0
0.0103793
0.245251
0.488008
0.280119
0.538003
1.0
0.0103343
0.296672
0.756041
0.391114
0.914785
1.0
0.0102963
0.613543
0.391567
0.70366
0.530015
1.0
0.0102878
0.295342
0.32899
0.330795
0.384004
1.0
0.0102799
0.771602
0.722415
0.810619
0.781531
1.0
0.0102775
0.506549
0.446022
0.565348
0.524446
1.0
0.0102522
0.29491
0.622206
0.33919
0.685031
1.0
0.0102518
0.614199
0.720586
0.652724
0.776424
1.0
0.0102503
0.390222
0.647918
0.435934
0.708531
1.0
0.0102361
0.96283
0.75137
0.998715
0.817447
1.0
0.0102354
0.66944
0.653845
0.707848
0.709587
1.0
0.0101841
0.419446
0.648602
0.462887
0.706546
1.0
0.0101827
0.839372
0.6556
0.880918
0.710621
1.0
0.0101799
0.535363
0.353453
0.588406
0.423245
1.0
0.0101498
0.247033
0.359936
0.281452
0.410516
1.0
0.0101285
0.267111
0.656082
0.307532
0.711724
1.0
0.0101151
0.591123
0.754333
0.632816
0.81122
1.0
0.0101109
0.0925604
0.526137
0.130718
0.579317
1.0
0.0101059
0.640034
0.619672
0.68292
0.681087
1.0
0.0100805
0.194836
0.489108
0.230266
0.54052
1.0
0.0100601
0.068892
0.556811
0.107719
0.608163
1.0
0.010058
0.483837
0.325836
0.536698
0.391631
1.0
0.0100571
0.171884
0.33506
0.261918
0.461911
1.0
0.0100186
0.481575
0.478895
0.542179
0.557219
1.0
0.0100049
0.143998
0.560541
0.182283
0.60734
1.0
0.0100045
0.815241
0.719539
0.857173
0.778645
1.0
0.0100045
0.26889
0.789712
0.307205
0.840553
