1.0
0.944013
0.422839
0.318148
0.551555
0.507458
1.0
0.0779739
0.321415
0.33355
0.723713
1.01926
1.0
0.0643411
0.721329
0.50336
1.01978
1.05936
1.0
0.0362755
0.0152074
0.477164
0.387283
1.0977
1.0
0.0337914
0.430628
0.423684
0.541436
0.599049
1.0
0.0237154
0.0137895
0.951067
0.056056
0.994655
1.0
0.0233924
0.434189
0.439572
0.492714
0.522694
1.0
0.0227988
-0.00224117
0.768372
0.248828
1.02105
1.0
0.022076
0.164189
0.954485
0.212084
0.997013
1.0
0.0214609
0.963687
0.523991
0.997252
0.584912
1.0
0.019908
0.961178
0.945975
0.999463
0.997211
1.0
0.0198712
0.779961
0.524232
0.869548
0.634475
1.0
0.0197283
0.584934
0.682145
0.666288
0.847365
1.0
0.0194528
0.226037
0.384683
0.316546
0.515527
1.0
0.0189764
0.117517
0.959897
0.159788
0.998494
1.0
0.0189593
0.771334
0.548032
0.812714
0.604271
1.0
0.0183269
0.00333824
0.926207
0.0378121
0.981115
1.0
0.0181857
0.94067
0.428038
1.00238
0.560351
1.0
0.0180787
0.519906
0.313509
0.629876
0.467588
1.0
0.0179687
0.94165
0.549577
0.986913
0.60942
1.0
0.0179571
0.967522
0.48871
0.999018
0.550553
1.0
0.0178921
0.810762
0.552865
0.852042
0.60535
1.0
0.0176747
0.212203
0.956184
0.258417
0.999987
1.0
0.0172854
0.670357
0.51507
0.77323
0.657941
1.0
0.0172228
0.320508
0.579554
0.427327
0.749692
1.0
0.0171498
0.322946
0.345741
0.414022
0.487443
1.0
0.0171462
0.454116
0.470666
0.518638
0.55801
1.0
0.017123
0.0653807
0.957876
0.106375
0.99779
1.0
0.0169449
0.392121
0.415949
0.438746
0.483736
1.0
0.0169259
0.617952
0.479172
0.709169
0.622696
1.0
0.016925
0.456409
0.320686
0.5193
0.40405
1.0
0.0168255
0.368375
0.504357
0.473557
0.652284
1.0
0.0167039
0.505136
0.576741
0.609184
0.735978
1.0
0.0166865
0.535546
0.380784
0.587943
0.457673
1.0
0.0166208
0.270134
0.393528
0.305818
0.447274
1.0
0.0163606
0.248224
0.392284
0.283414
0.446495
1.0
0.01629
0.96528
0.419396
0.997054
0.478009
1.0
0.0162865
0.588999
0.652872
0.631846
0.715297
1.0
0.0161023
0.264837
0.356494
0.359947
0.494664
1.0
0.0160321
0.376121
0.257557
0.468124
0.397855
1.0
0.0160213
0.966862
0.452823
0.999416
0.517253
1.0
0.0159502
0.436163
0.50265
0.493447
0.583887
1.0
0.0157367
0.506844
0.43421
0.560848
0.51523
1.0
0.0155732
0.324435
0.434339
0.419053
0.579378
1.0
0.0155
0.528889
0.40129
0.626724
0.554359
1.0
0.0154801
0.422592
0.44844
0.604268
0.759372
1.0
0.015394
0.169591
0.386646
0.262593
0.522501
1.0
0.0153182
0.925084
0.497272
0.99658
0.627506
1.0
0.0149878
0.242366
0.557654
0.280715
0.607011
1.0
0.0148279
0.618914
0.576431
0.712222
0.723572
1.0
0.0148145
0.416774
0.315746
0.465589
0.391536
1.0
0.0146544
0.189368
0.917806
0.281342
1.00643
1.0
0.0146347
0.553455
0.615961
0.644672
0.780105
1.0
0.0145848
0.0894251
0.960414
0.13241
0.999035
1.0
0.0145213
0.119206
0.923453
0.213344
1.00751
1.0
0.0144664
0.964886
0.753211
0.999175
0.813535
1.0
0.0144166
0.194856
0.436134
0.285905
0.578228
1.0
0.014367
0.672539
0.627506
0.764122
0.780813
1.0
0.0143514
0.58153
0.349222
0.673512
0.492589
1.0
0.01428
0.267941
0.54649
0.370341
0.691291
1.0
0.014276
0.963505
0.580916
0.999297
0.644433
1.0
0.0142673
0.869393
0.555511
0.90537
0.603427
1.0
0.0141217
0.247289
0.420835
0.283057
0.476547
1.0
0.0141189
0.965066
0.690949
0.998028
0.74898
1.0
0.014057
0.824032
0.59521
0.923673
0.72905
1.0
0.0140421
0.267979
0.558177
0.305191
0.605358
1.0
0.0140155
0.266696
0.430332
0.362009
0.573398
1.0
0.0139823
0.865569
0.824967
0.99996
1.00397
1.0
0.0139715
0.634886
0.708134
0.71949
0.857973
1.0
0.013952
0.818954
0.65421
0.860743
0.710301
1.0
0.0139266
0.506162
0.317078
0.557026
0.393482
1.0
0.0139203
0.418745
0.37671
0.47402
0.45959
1.0
0.0138357
0.393986
0.349676
0.439754
0.418697
1.0
0.0138136
0.841062
0.521231
0.933976
0.648349
1.0
0.0137692
0.0148817
0.388128
0.0544227
0.450375
1.0
0.0137536
0.222743
0.390117
0.257918
0.445976
1.0
0.0137442
0.0585533
0.433928
0.155704
0.584792
1.0
0.0137285
0.907355
0.565288
0.998952
0.728018
1.0
0.0136986
0.246483
0.452063
0.280851
0.506395
1.0
0.0136766
0.312342
0.947817
0.360328
0.997581
1.0
0.0136725
0.664565
0.582652
0.709979
0.644425
1.0
0.0136122
0.681577
0.449152
0.875319
0.722291
1.0
0.013596
0.416399
0.474909
0.46986
0.551713
1.0
0.0135555
0.343905
0.353728
0.383691
0.418055
1.0
0.0134854
0.391098
0.517584
0.437969
0.584204
1.0
0.013479
0.818716
0.687845
0.859993
0.74375
1.0
0.0134696
0.913578
0.674011
0.998136
0.824079
1.0
0.0134667
0.266299
0.953209
0.309942
0.9981
1.0
0.0134362
0.964026
0.820307
0.999577
0.88086
1.0
0.0134338
0.132071
0.836688
0.312288
1.03205
1.0
0.0134145
0.562308
0.475663
0.656666
0.624387
1.0
0.0134107
0.865879
0.654747
0.910144
0.71356
1.0
0.0132995
0.146873
0.451818
0.180858
0.508025
1.0
0.0132963
0.922972
0.55834
0.961315
0.608068
1.0
0.0132844
0.146505
0.39487
0.179942
0.449088
1.0
0.0131959
0.66434
0.519073
0.708369
0.581157
1.0
0.0131759
0.967324
0.620118
0.999814
0.676692
1.0
0.0131756
0.724459
0.500653
0.821246
0.620719
1.0
0.0131731
0.846088
0.534085
0.881832
0.579388
1.0
0.0131546
0.377484
0.391946
0.485868
0.55196
1.0
0.0131509
0.0106131
0.852674
0.0510117
0.905744
1.0
0.0131487
0.213638
0.544192
0.307128
0.67812
1.0
0.0131372
0.443147
0.582745
0.48885
0.646476
1.0
0.0129612
0.737197
0.580413
0.831405
0.717614
1.0
0.012885
0.243601
0.884214
0.34185
0.994933
1.0
0.0127734
0.172479
0.453598
0.206663
0.509029
1.0
0.0127659
0.489894
0.586876
0.535521
0.653023
1.0
0.0127304
0.439038
0.288077
0.490011
0.359277
1.0
0.0127221
0.559398
0.347305
0.610227
0.422306
1.0
0.0127045
0.501066
0.47054
0.607446
0.626798
1.0
0.012693
0.122295
0.408214
0.21236
0.548953
1.0
0.0126646
0.193725
0.453638
0.228255
0.509149
1.0
0.0126231
0.171955
0.393138
0.206601
0.449495
1.0
0.0125658
0.966675
0.656622
0.999327
0.714988
1.0
0.012561
0.463233
0.54713
0.51454
0.617753
1.0
0.0125553
0.413547
0.546932
0.46248
0.613494
1.0
0.0125469
0.694077
0.522765
0.736525
0.580027
1.0
0.0125319
0.447598
0.562271
0.540431
0.70462
1.0
0.0125287
0.269949
0.529569
0.305996
0.577743
1.0
0.0124615
0.749289
0.52782
0.790171
0.580726
1.0
0.0124358
0.0116312
0.821974
0.0517251
0.877023
1.0
0.0123373
0.195858
0.391808
0.230233
0.446798
1.0
0.0123306
0.719253
0.525922
0.758748
0.580984
1.0
0.0123209
0.243557
0.794057
0.423038
1.02565
1.0
0.0123143
0.239524
0.952394
0.287311
0.999515
1.0
0.0122812
0.789122
0.537052
0.83185
0.589158
1.0
0.0122466
0.270681
0.450695
0.305543
0.504829
1.0
0.0122221
0.300133
0.668866
0.3954
0.852136
1.0
0.012211
0.637148
0.417914
0.731809
0.565448
1.0
0.0121976
0.640358
0.519461
0.680549
0.578978
1.0
0.0121605
0.22268
0.453163
0.257181
0.507103
1.0
0.0121394
0.53527
0.315982
0.58767
0.389364
1.0
0.0121288
0.183286
0.41702
0.371416
0.709512
1.0
0.0120969
0.962155
0.853468
0.999765
0.917591
1.0
0.0120892
0.435265
0.345507
0.49926
0.43671
1.0
0.012076
0.640432
0.586123
0.682115
0.646216
1.0
0.012048
0.00184751
0.550589
0.0357108
0.614352
1.0
0.0120255
0.120688
0.452496
0.155031
0.508923
1.0
0.0120156
0.344491
0.517813
0.385391
0.576103
1.0
0.0120118
0.869642
0.589798
0.907928
0.642289
1.0
0.0119518
0.918237
0.908093
0.996914
0.998748
1.0
0.0119309
0.616892
0.482161
0.65841
0.547234
1.0
0.0119261
0.311536
0.495189
0.501353
0.821955
1.0
0.0119202
0.592864
0.71669
0.638513
0.786863
1.0
0.0119092
0.769513
0.691442
0.807178
0.74744
1.0
0.0118899
0.298443
0.286093
0.390647
0.43414
1.0
0.0118873
0.063279
0.36383
0.15717
0.499118
1.0
0.0118769
0.589705
0.585356
0.636516
0.653895
1.0
0.0118605
0.718421
0.554966
0.759247
0.611554
1.0
0.0118335
0.223633
0.421321
0.258803
0.476977
1.0
0.0118332
0.771291
0.684442
0.860822
0.814822
1.0
0.0118299
0.614163
0.91254
0.69994
1.00956
1.0
0.0118281
0.272512
0.489053
0.305881
0.539197
1.0
0.011811
0.00246509
0.393098
0.0692686
0.512469
1.0
0.011721
0.0939621
0.452431
0.12812
0.508781
1.0
0.0116996
0.473431
0.366066
0.540907
0.463048
1.0
0.0116933
0.963618
0.785756
0.999321
0.84746
1.0
0.011681
0.842524
0.65325
0.887163
0.709905
1.0
0.0116487
0.816035
0.668419
0.920617
0.809175
1.0
0.0116303
0.270717
0.360808
0.305028
0.412788
1.0
0.0116303
0.368674
0.550683
0.414851
0.614245
1.0
0.0116194
0.247097
0.360429
0.280706
0.41247
1.0
0.011585
0.391315
0.478459
0.440531
0.549433
1.0
0.011545
0.96623
0.257246
0.997523
0.31058
1.0
0.0115329
0.0378435
0.929397
0.0838571
0.981257
1.0
0.011494
0.588354
0.491271
0.771296
0.794869
1.0
0.0114829
0.613419
0.418644
0.656798
0.485946
1.0
0.0114439
0.291979
0.525472
0.330438
0.577927
1.0
0.0114355
0.64062
0.621838
0.680763
0.678859
1.0
0.0113991
0.241111
0.615023
0.330307
0.766487
1.0
0.0113528
0.32466
0.356319
0.360424
0.414131
1.0
0.0113193
0.341826
0.584571
0.387601
0.651418
1.0
0.01126
0.0708022
0.424965
0.105811
0.481758
1.0
0.0112446
0.223005
0.558603
0.258414
0.60484
1.0
0.0112396
0.00475095
0.795298
0.0350739
0.845085
1.0
0.0112033
0.896884
0.559678
0.933502
0.607058
1.0
0.0111985
0.915186
0.953158
0.962705
0.999339
1.0
0.011168
0.615165
0.749368
0.65647
0.81859
1.0
0.0111654
0.965183
0.222412
0.996283
0.276378
1.0
0.0111468
0.71729
0.652347
0.758544
0.71469
1.0
0.011129
0.602046
0.756205
0.688475
0.913498
1.0
0.011107
0.967618
0.290285
0.998185
0.340979
1.0
0.0111042
0.245865
0.487946
0.280158
0.539793
1.0
0.0110708
0.509295
0.509778
0.559333
0.584305
1.0
0.0110491
0.896057
0.58842
0.931959
0.636532
1.0
0.0110386
0.0487952
0.899204
0.158043
1.00165
1.0
0.0110286
0.317894
0.219216
0.404589
0.347988
1.0
0.011016
0.717869
0.671794
0.8072
0.812655
1.0
0.0110013
0.794729
0.656031
0.832695
0.708826
1.0
0.0109913
0.743266
0.58501
0.782165
0.639107
1.0
0.0109853
0.266416
0.655277
0.304702
0.708568
1.0
0.0109361
0.716123
0.956321
0.759031
0.999363
1.0
0.0109262
0.618311
0.5516
0.659404
0.615771
1.0
0.0109039
0.691997
0.582958
0.736149
0.642605
1.0
0.0109013
0.0120164
0.888343
0.0512252
0.942156
1.0
0.0108534
0.664425
0.455037
0.70559
0.515469
1.0
0.0108509
0.0714644
0.393172
0.105684
0.449767
1.0
0.0108494
0.53838
0.656341
0.585996
0.720732
1.0
0.0108439
0.194173
0.559034
0.230731
0.606623
1.0
0.0108365
0.792069
0.69168
0.83096
0.745236
1.0
0.010822
0.55826
0.413372
0.608916
0.486663
1.0
0.010822
0.266582
0.625067
0.304714
0.678514
1.0
0.0108163
0.815456
0.581519
0.854571
0.635885
1.0
0.0108089
0.816254
0.723112
0.858749
0.778412
1.0
0.0107646
0.768305
0.657005
0.806682
0.713691
1.0
0.010763
0.667192
0.956617
0.708739
1.00028
1.0
0.0107384
0.173307
0.485294
0.207778
0.539488
1.0
0.0107377
0.12224
0.393522
0.156672
0.449966
1.0
0.0107308
0.640515
0.487009
0.681028
0.546604
1.0
0.0107238
0.918289
0.493284
0.955795
0.545594
1.0
0.0107238
0.317013
0.621393
0.362255
0.686256
1.0
0.0106888
0.564294
0.654446
0.609893
0.717696
1.0
0.0106458
0.471487
0.612565
0.516065
0.676284
1.0
0.0106361
0.663803
0.48675
0.706898
0.547978
1.0
0.0106183
0.769804
0.721235
0.808408
0.777354
1.0
0.0106164
0.289551
0.555733
0.330749
0.609151
1.0
0.010568
0.00358048
0.417947
0.0360195
0.479274
1.0
0.0104893
0.943023
0.716463
0.990418
0.77907
1.0
0.0104506
0.788375
0.749857
0.888463
0.881875
1.0
0.0104239
0.818601
0.46414
0.912746
0.592073
1.0
0.0104177
0.642085
0.652325
0.680779
0.711408
1.0
0.0104106
0.292602
0.390657
0.33002
0.449292
1.0
0.0103964
0.792009
0.576623
0.832259
0.632368
1.0
0.0103845
0.0955571
0.394454
0.128841
0.448885
1.0
0.0103772
0.316336
0.681802
0.361499
0.750682
1.0
0.0103534
0.000610292
0.48739
0.068831
0.618158
1.0
0.0103316
0.369316
0.449912
0.411767
0.51431
1.0
0.01033
0.614248
0.620356
0.655176
0.680894
1.0
0.0103017
0.173877
0.560193
0.20744
0.605888
1.0
0.0102939
0.221859
0.530109
0.258058
0.580149
1.0
0.0102808
0.242172
0.584892
0.280912
0.640101
1.0
0.0102544
0.20241
0.332065
0.291212
0.465889
1.0
0.0102289
0.144875
0.473564
0.235206
0.610714
1.0
0.010199
0.194177
0.528658
0.22993
0.579066
1.0
0.0101986
0.671437
0.886365
0.768507
1.00241
1.0
0.0101942
0.663969
0.619935
0.708717
0.682178
1.0
0.010192
0.694102
0.652458
0.736658
0.71419
1.0
0.0101916
0.242111
0.624242
0.283107
0.679304
1.0
0.010166
0.639936
0.554259
0.681338
0.613866
1.0
0.0101614
0.396251
0.287448
0.439343
0.354027
1.0
0.0101424
0.671057
0.778158
0.764358
0.921721
1.0
0.0101378
0.414513
0.582428
0.461656
0.64992
1.0
0.0101364
0.338748
0.648183
0.383877
0.717427
1.0
0.01012
0.610601
0.348892
0.656299
0.418231
1.0
0.0100787
0.590211
0.447306
0.638004
0.517453
1.0
0.0100785
0.223277
0.487857
0.25742
0.539621
1.0
0.0100695
0.291609
0.585491
0.33282
0.644553
1.0
0.0100236
0.588531
0.383867
0.636762
0.45306
1.0
0.0100227
0.716768
0.584558
0.758724
0.644297
1.0
0.0100191
0.590782
0.513946
0.638077
0.581934
1.0
0.0100168
0.790546
0.724522
0.830804
0.777629
1.0
0.0100163
0.34362
0.418424
0.385132
0.483646
