1.0
0.170102
0.346767
0.518251
0.62215
0.928837
1.0
0.0597155
0.399503
0.576941
0.534244
0.80373
1.0
0.0288441
0.732968
0.491863
1.0078
1.04615
1.0
0.0272105
0.931021
0.438833
0.999609
0.56924
1.0
0.0262039
0.520167
0.622794
0.627912
0.761767
1.0
0.0235382
0.961047
0.513235
0.997716
0.580414
1.0
0.02328
0.518389
0.853585
0.564681
0.914077
1.0
0.0228351
0.659443
0.942082
0.716787
0.995148
1.0
0.0222563
0.387362
0.647005
0.440918
0.72259
1.0
0.0222142
0.862996
0.587923
0.902113
0.639973
1.0
0.0211675
0.764608
0.580771
0.808243
0.640725
1.0
0.0207117
0.329745
0.356209
0.544079
0.726992
1.0
0.0205912
0.29892
0.10393
0.780881
0.806255
1.0
0.0205739
0.812255
0.585042
0.857089
0.641679
1.0
0.0203996
0.916746
0.559291
0.956237
0.611122
1.0
0.020061
0.481433
0.871455
0.584002
0.987509
1.0
0.0195649
0.580211
0.648881
0.633081
0.715431
1.0
0.0195243
0.29477
0.41868
0.383414
0.556332
1.0
0.0191078
0.422697
0.741773
0.824898
1.01073
1.0
0.0190104
0.318393
0.543374
0.415735
0.688454
1.0
0.0188349
0.360766
0.49119
0.464991
0.653654
1.0
0.0187343
0.101618
0.788076
0.299217
1.02575
1.0
0.0183709
0.91696
0.497987
0.995549
0.641523
1.0
0.0183342
0.83721
0.530069
0.927528
0.654219
1.0
0.0182599
0.749092
0.549398
0.841307
0.665104
1.0
0.0182274
0.509565
0.951037
0.55905
0.997774
1.0
0.0181807
0.964026
0.582598
0.997928
0.645566
1.0
0.0180209
0.454797
0.643292
0.512936
0.730074
1.0
0.0178473
0.55412
0.56972
0.652334
0.703042
1.0
0.0177271
0.439392
0.586722
0.489216
0.662358
1.0
0.0175944
0.240141
0.411671
0.336753
0.547416
1.0
0.0175696
0.918333
0.526201
0.96017
0.583413
1.0
0.0173425
0.352198
0.150542
0.590226
0.401872
1.0
0.0171149
0.498776
0.74106
0.61559
0.898193
1.0
0.0170374
0.474091
0.553157
0.589056
0.735159
1.0
0.0170304
0.486096
0.650113
0.540076
0.729026
1.0
0.016885
0.633388
0.43043
0.833082
0.727436
1.0
0.0168077
0.613971
0.950628
0.665585
0.997482
1.0
0.0165853
0.476167
0.620969
0.710549
0.900603
1.0
0.0165509
0.389168
0.588724
0.435906
0.658373
1.0
0.016524
0.560116
0.485875
0.65482
0.624922
1.0
0.016412
0.619228
0.907482
0.73535
0.999536
1.0
0.0162601
0.60239
0.682248
0.720949
0.828177
1.0
0.0159219
0.499012
0.414145
0.702822
0.729799
1.0
0.0159176
0.481782
0.92293
0.536939
0.987014
1.0
0.0159102
0.608547
0.622817
0.654239
0.681256
1.0
0.0158881
0.789552
0.497169
0.886752
0.626505
1.0
0.015863
0.670158
0.411648
0.762147
0.532596
1.0
0.0156946
0.359281
0.603453
0.467113
0.764027
1.0
0.0156521
0.450543
0.695765
0.567662
0.868847
1.0
0.0156233
0.534269
0.906568
0.645612
1.00723
1.0
0.0155989
0.617065
0.406959
0.70796
0.54156
1.0
0.0155344
0.868727
0.532028
0.906341
0.582211
1.0
0.0155318
0.152248
0.410459
0.259569
0.547138
1.0
0.0154957
0.669013
0.523075
0.774215
0.654806
1.0
0.0154789
0.795872
0.606589
0.892245
0.744669
1.0
0.015412
0.689881
0.583586
0.793676
0.716904
1.0
0.0150869
0.268516
0.493221
0.367925
0.628812
1.0
0.0150396
0.53197
0.705066
0.586181
0.777561
1.0
0.0150249
0.0419984
-0.0669929
0.559221
0.753299
1.0
0.0149063
0.845964
0.567804
0.886868
0.617302
1.0
0.0148358
0.563052
0.625777
0.61456
0.693191
1.0
0.0148226
0.487858
0.58646
0.534686
0.657329
1.0
0.0147957
0.480821
0.700154
0.542426
0.789802
1.0
0.0147753
0.704473
0.9504
0.75688
0.998984
1.0
0.0145158
0.32258
0.486439
0.361453
0.543361
1.0
0.014499
0.812797
0.416323
0.908031
0.546945
1.0
0.0143779
0.218141
0.563824
0.25549
0.610591
1.0
0.0143678
0.387844
0.408293
0.49894
0.56308
1.0
0.0143579
0.938672
0.547756
0.985791
0.611535
1.0
0.0143182
0.667377
0.450554
0.706879
0.504611
1.0
0.0142896
0.53572
0.954473
0.585101
1.00011
1.0
0.0142802
0.515232
0.621922
0.561512
0.691394
1.0
0.0142241
0.364471
0.455932
0.406312
0.513358
1.0
0.0142184
0.0663738
0.418439
0.178234
0.55862
1.0
0.0141768
0.556049
0.671255
0.613021
0.745867
1.0
0.0141679
0.166428
0.362624
0.371035
0.661033
1.0
0.014141
0.387784
0.55117
0.434504
0.61803
1.0
0.0141317
0.564265
0.954602
0.611781
0.99924
1.0
0.0140804
0.963082
0.426031
0.998413
0.487575
1.0
0.0140634
0.549209
0.709776
0.667045
0.859002
1.0
0.014011
0.7256
0.369622
0.925715
0.662386
1.0
0.0140091
0.614017
0.520193
0.707545
0.648205
1.0
0.0139589
0.342618
0.488597
0.382699
0.546191
1.0
0.0139403
0.866703
0.616512
0.905827
0.669451
1.0
0.013915
0.0174594
0.421905
0.0560818
0.481346
1.0
0.0138509
0.510658
0.784499
0.558764
0.849829
1.0
0.013814
0.0818746
0.623443
0.504721
1.03102
1.0
0.0136787
0.363294
0.585301
0.411002
0.653678
1.0
0.0136136
0.516588
0.585516
0.561959
0.654016
1.0
0.0135931
0.641857
0.452769
0.683331
0.509617
1.0
0.0135775
0.509874
0.674412
0.565378
0.756261
1.0
0.013574
0.794655
0.566605
0.838114
0.617258
1.0
0.0135035
0.409188
0.617039
0.465661
0.695967
1.0
0.0134849
0.31734
0.666572
0.428433
0.819447
1.0
0.0134573
0.910653
0.603516
0.999401
0.771542
1.0
0.0134565
0.715226
0.445067
0.813443
0.573851
1.0
0.0134144
0.746307
0.560118
0.79121
0.616332
1.0
0.0134113
0.688464
0.687898
0.738235
0.752995
1.0
0.0133873
0.36399
0.488314
0.406448
0.54784
1.0
0.0133681
0.410749
0.704265
0.468414
0.78439
1.0
0.0133448
0.465574
0.556356
0.508727
0.623904
1.0
0.0132601
0.361463
0.55081
0.407372
0.613428
1.0
0.0132331
0.640872
0.521957
0.68131
0.574159
1.0
0.0132299
0.270922
0.561754
0.308739
0.606993
1.0
0.0132139
0.714872
0.580801
0.763392
0.645797
1.0
0.0131939
0.811734
0.948597
0.863143
0.999374
1.0
0.0131396
0.242397
0.56155
0.282018
0.608816
1.0
0.0131103
0.588671
0.594085
0.635447
0.652231
1.0
0.0130922
0.369774
0.62221
0.414358
0.686357
1.0
0.0130621
0.00818955
0.421375
0.0927194
0.558126
1.0
0.0130555
0.683716
0.915118
0.804176
1.00951
1.0
0.0130264
0.294655
0.55891
0.335511
0.609256
1.0
0.0129088
0.609171
0.68252
0.656554
0.743548
1.0
0.0128797
0.0040561
0.388739
0.0338923
0.444302
1.0
0.0128646
0.209603
0.546693
0.318101
0.666409
1.0
0.0128268
0.762289
0.95337
0.809144
1.00003
1.0
0.0128259
0.714485
0.451533
0.755619
0.503995
1.0
0.0128084
0.319711
0.45415
0.359306
0.512065
1.0
0.0127802
0.868328
0.493508
0.904507
0.543754
1.0
0.0127802
0.41273
0.552694
0.460594
0.621076
1.0
0.0127705
0.866196
0.454749
0.903961
0.507233
1.0
0.0127216
0.683236
0.659239
0.782333
0.795948
1.0
0.0127189
0.433651
0.485731
0.543596
0.663605
1.0
0.012698
0.600498
0.593172
0.705929
0.722548
1.0
0.0126099
0.341928
0.455902
0.383655
0.515475
1.0
0.0125896
0.919843
0.484163
0.962494
0.54691
1.0
0.0125887
0.652624
0.718912
0.759755
0.862243
1.0
0.0125839
0.76488
0.615276
0.807105
0.674254
1.0
0.0125121
0.338546
0.552225
0.38261
0.611998
1.0
0.0123906
0.714795
0.618525
0.762017
0.681046
1.0
0.0123828
0.242538
0.480799
0.441158
0.771212
1.0
0.012371
0.58654
0.712208
0.634336
0.774982
1.0
0.0123671
0.71791
0.527748
0.761858
0.582837
1.0
0.0122113
0.16954
0.425405
0.204684
0.476312
1.0
0.0121632
0.268442
0.570373
0.373416
0.708308
1.0
0.0121227
0.965888
0.692464
0.998201
0.750391
1.0
0.0120568
0.897905
0.588247
0.93594
0.638288
1.0
0.0120072
0.46016
0.735271
0.520026
0.817338
1.0
0.0119436
0.868217
0.566978
0.964804
0.708701
1.0
0.0119338
0.244087
0.451838
0.282333
0.507774
1.0
0.0119175
0.295245
0.448843
0.337078
0.508036
1.0
0.0118634
0.895945
0.52923
0.933907
0.578737
1.0
0.0118003
0.325585
0.243284
0.443934
0.39861
1.0
0.0117981
0.940435
0.614802
0.985614
0.673452
1.0
0.0117949
0.663487
0.521448
0.705725
0.574677
1.0
0.0117365
0.843328
0.616029
0.885091
0.671163
1.0
0.0117023
0.193502
0.450796
0.230264
0.504934
1.0
0.0116941
0.316995
0.42328
0.35618
0.480835
1.0
0.0116409
0.270238
0.423484
0.308031
0.476786
1.0
0.0116353
0.19456
0.55988
0.234688
0.610886
1.0
0.011625
0.413389
0.217946
0.467925
0.292506
1.0
0.0115851
0.319515
0.341404
0.420609
0.498907
1.0
0.0115543
0.859292
0.807442
1.00386
1.00335
1.0
0.0115271
0.642628
0.352189
0.734501
0.493342
1.0
0.011503
0.218789
0.452594
0.255234
0.506263
1.0
0.011482
0.209439
0.721891
0.332487
0.878445
1.0
0.0114278
0.604528
0.275417
0.702602
0.427658
1.0
0.0114147
0.739256
0.615625
0.833093
0.745588
1.0
0.0113707
-0.00175385
0.349069
0.0647503
0.467935
1.0
0.0113683
0.460202
0.217311
0.514152
0.289309
1.0
0.0113364
0.966717
0.392257
1.0005
0.452704
1.0
0.0112602
0.00456297
0.455692
0.0358991
0.512911
1.0
0.0112545
0.637992
0.685362
0.686742
0.747416
1.0
0.011232
0.892914
0.261896
0.931989
0.315636
1.0
0.0111926
0.320409
0.529887
0.363092
0.588573
1.0
0.011173
0.218731
0.42392
0.254177
0.476028
1.0
0.011173
0.012735
0.484247
0.0548131
0.551461
1.0
0.0111697
0.168072
0.451544
0.205148
0.50594
1.0
0.0111138
0.26893
0.452127
0.307822
0.506696
1.0
0.0111093
0.559241
0.222398
0.666044
0.371196
1.0
0.0110915
0.639667
0.554981
0.681167
0.607943
1.0
0.0110784
0.761395
0.917847
0.864774
1.00848
1.0
0.0110538
0.00108431
0.547072
0.067206
0.67118
1.0
0.0110263
0.768738
0.488357
0.808375
0.540166
1.0
0.0110134
0.430055
0.668339
0.494973
0.759417
1.0
0.0110012
0.566685
0.553523
0.608884
0.610967
1.0
0.0109753
0.967744
0.657147
0.999407
0.714388
1.0
0.0109563
0.243403
0.531009
0.282836
0.583386
1.0
0.0109458
0.58909
0.55468
0.633346
0.61161
1.0
0.0109262
0.505914
0.741907
0.558311
0.812864
1.0
0.0109185
0.158538
0.49066
0.264379
0.6207
1.0
0.0109129
0.815648
0.530443
0.857637
0.582846
1.0
0.0109005
0.966664
0.252608
0.998879
0.310833
1.0
0.0108985
0.796519
0.614336
0.839803
0.670314
1.0
0.0108814
0.617662
0.55616
0.657215
0.609277
1.0
0.0108682
0.268945
0.530361
0.31043
0.584713
1.0
0.010822
0.717047
0.484632
0.758028
0.537388
1.0
0.01077
0.641686
0.485378
0.681934
0.540157
1.0
0.0107509
0.14228
0.450894
0.180797
0.507866
1.0
0.0107456
0.113373
0.543657
0.21763
0.674604
1.0
0.0107189
0.967604
0.287422
0.999096
0.341489
1.0
0.0107068
0.845735
0.531971
0.885692
0.581941
1.0
0.0106864
0.815522
0.648888
0.860225
0.707595
1.0
0.0106669
0.767173
0.455341
0.806636
0.508034
1.0
0.0106652
0.916424
0.61342
0.956095
0.665904
1.0
0.0106581
0.740164
0.653154
0.786783
0.715242
1.0
0.0106018
0.535067
0.825446
0.583091
0.890216
1.0
0.0105806
0.743983
0.533015
0.785267
0.584622
1.0
0.010556
0.294698
0.486394
0.336969
0.546115
1.0
0.0105184
0.668407
0.555246
0.880862
0.858242
1.0
0.010518
0.0964321
0.452202
0.134808
0.509418
1.0
0.010518
0.591893
0.929406
0.641998
0.985808
1.0
0.0105064
0.064807
0.295892
0.286261
0.597987
1.0
0.0104961
0.211235
0.359701
0.309146
0.496211
1.0
0.0104577
0.692344
0.558119
0.739921
0.614908
1.0
0.0104525
0.414639
0.760699
0.522022
0.9167
1.0
0.0104249
0.191389
0.532173
0.230802
0.584811
1.0
0.010413
0.439668
0.52385
0.482805
0.58721
1.0
0.0104011
0.690679
0.52211
0.735982
0.576507
1.0
0.0104011
0.538483
0.790301
0.585227
0.850719
1.0
0.0103888
0.489959
0.886981
0.540139
0.949216
1.0
0.0103741
0.816765
0.452378
0.858104
0.50597
1.0
0.0103741
0.765698
0.529993
0.807842
0.584436
1.0
0.0103253
0.664184
0.555099
0.707987
0.60927
1.0
0.0103113
0.689359
0.65571
0.737569
0.717568
1.0
0.0102916
0.618559
0.523514
0.659222
0.578394
1.0
0.0102642
0.666078
0.48593
0.705736
0.539563
1.0
0.0102457
0.388704
0.455035
0.432169
0.513932
1.0
0.010243
0.771882
0.678071
0.87009
0.821044
1.0
0.0102405
0.490068
0.818284
0.539716
0.882579
1.0
0.0102191
0.867221
0.653029
0.907552
0.709155
1.0
0.0102128
0.864568
0.429922
0.902615
0.478066
1.0
0.0101942
0.414706
0.486769
0.461015
0.55022
1.0
0.0101013
0.243618
0.487542
0.282396
0.543963
1.0
0.010092
0.688688
0.751024
0.737748
0.816745
1.0
0.0100553
0.388235
0.490725
0.433439
0.551764
1.0
0.0100256
0.110932
0.618064
0.217901
0.754117
1.0
0.0100214
0.842333
0.450984
0.883045
0.504597
1.0
0.0100143
0.561242
0.75068
0.610854
0.815451
