1.0
0.705445
0.344962
0.365526
0.502559
0.607872
1.0
0.272971
0.322513
0.325808
0.685085
0.950817
1.0
0.0475219
0.717311
0.456131
1.02924
1.09532
1.0
0.0395699
0.421372
0.571947
0.518061
0.708834
1.0
0.0363582
0.463377
0.619649
0.511659
0.689203
1.0
0.0342163
0.00880753
0.502463
0.360276
1.10074
1.0
0.033179
-0.0119533
0.767596
0.225751
1.02254
1.0
0.032151
0.46157
0.382022
0.510506
0.45768
1.0
0.0320375
0.420151
0.481817
0.530176
0.646813
1.0
0.0311008
0.390643
0.296464
0.514738
0.471835
1.0
0.0291936
0.478313
0.409187
0.580939
0.566626
1.0
0.0270388
0.319182
0.311749
0.44684
0.503196
1.0
0.0248797
0.432231
0.443663
0.488654
0.527635
1.0
0.0248608
0.409357
0.380497
0.467227
0.464016
1.0
0.024835
0.382877
0.496714
0.444302
0.584541
1.0
0.0241028
0.0130974
0.947014
0.0582828
0.994185
1.0
0.0240653
0.340202
0.448026
0.391847
0.521031
1.0
0.0240372
0.470245
0.546729
0.575162
0.697752
1.0
0.0236297
0.269141
0.354804
0.375231
0.499157
1.0
0.0230836
0.439026
0.58263
0.490234
0.652503
1.0
0.0218279
0.435601
0.345962
0.491232
0.426933
1.0
0.0217205
0.362451
0.472523
0.422053
0.555429
1.0
0.0216707
0.778021
0.524922
0.86853
0.636216
1.0
0.0212073
0.162637
0.955613
0.209713
0.997461
1.0
0.021169
0.408408
0.539669
0.466395
0.614184
1.0
0.0211257
0.507929
0.351724
0.615677
0.507016
1.0
0.0208466
0.459213
0.5441
0.511054
0.618864
1.0
0.0208184
0.961079
0.549185
0.996327
0.608232
1.0
0.0202256
0.00360287
0.924037
0.0405285
0.983161
1.0
0.0201523
0.117034
0.958132
0.160445
0.997949
1.0
0.0196385
0.0154225
0.388405
0.0562847
0.448077
1.0
0.0196313
0.382312
0.442224
0.445512
0.532733
1.0
0.019603
0.41305
0.580086
0.46297
0.645627
1.0
0.0190265
0.318836
0.570178
0.42162
0.723475
1.0
0.0189124
0.484616
0.511347
0.533355
0.585199
1.0
0.0188822
0.808171
0.555064
0.851472
0.60752
1.0
0.0188651
0.416691
0.61446
0.468129
0.686128
1.0
0.0187108
0.362839
0.317089
0.41701
0.396625
1.0
0.0184585
0.409043
0.317551
0.466224
0.399801
1.0
0.0181988
0.337904
0.382122
0.390866
0.461001
1.0
0.0180168
0.221621
0.388943
0.31434
0.51965
1.0
0.0178032
0.31985
0.483371
0.364558
0.543188
1.0
0.0176267
0.0151406
0.358564
0.0540322
0.416322
1.0
0.0175074
0.772135
0.54918
0.813752
0.603925
1.0
0.0173089
0.168753
0.390481
0.264683
0.519385
1.0
0.0173026
0.485715
0.445844
0.535477
0.519312
1.0
0.0172151
0.459961
0.322783
0.506075
0.393519
1.0
0.0171217
0.273903
0.436701
0.37999
0.585392
1.0
0.0169795
0.531877
0.46859
0.63184
0.621839
1.0
0.0168952
0.313448
0.220132
0.413401
0.353446
1.0
0.0168188
0.271059
0.544798
0.375855
0.690826
1.0
0.0166711
0.0635327
0.957009
0.1071
0.998942
1.0
0.0166028
0.472589
0.278353
0.57931
0.43391
1.0
0.0165957
0.457811
0.473953
0.512261
0.55982
1.0
0.0165576
0.387322
0.343321
0.443566
0.426011
1.0
0.0165402
0.460151
0.304803
0.64735
0.603379
1.0
0.0164372
0.171385
0.392508
0.207466
0.44523
1.0
0.0163525
0.00709573
0.359995
0.0894781
0.483155
1.0
0.0163121
0.506958
0.61669
0.558389
0.683799
1.0
0.0163007
0.0586327
0.359819
0.158573
0.488495
1.0
0.0159891
0.931484
0.527733
0.998556
0.642268
1.0
0.0156591
0.536521
0.282999
0.640081
0.436077
1.0
0.0155563
0.0896881
0.958629
0.134308
0.998984
1.0
0.0154781
0.0548013
0.435172
0.161217
0.584788
1.0
0.015415
0.11669
0.921959
0.211191
1.00624
1.0
0.0153849
0.00441533
0.253295
0.0343702
0.310699
1.0
0.0153042
0.938798
0.429068
1.00295
0.556328
1.0
0.0152456
0.214986
0.956629
0.259578
1.00028
1.0
0.0150977
0.147579
0.393976
0.183184
0.444799
1.0
0.0150459
0.546816
0.61984
0.643826
0.786776
1.0
0.0148974
0.35179
0.488879
0.534448
0.815078
1.0
0.0148827
0.189575
0.886261
0.291485
0.996843
1.0
0.0148022
0.922966
0.559158
0.962382
0.608634
1.0
0.0147351
0.96813
0.489776
0.999484
0.550107
1.0
0.0147273
0.725635
0.517349
0.822708
0.635836
1.0
0.0146872
0.0705149
0.390551
0.107266
0.44534
1.0
0.0146743
0.191333
0.443094
0.285057
0.582578
1.0
0.0146713
0.118664
0.411194
0.21632
0.551785
1.0
0.0146705
0.109552
0.0110638
0.52712
0.654551
1.0
0.0146616
0.0702704
0.423774
0.107307
0.478638
1.0
0.0146206
0.668389
0.513156
0.768799
0.650587
1.0
0.0145224
0.318811
0.418377
0.364925
0.482191
1.0
0.0144397
0.484882
0.354182
0.530216
0.422938
1.0
0.0144016
0.210788
0.307197
0.403093
0.575768
1.0
0.0142837
0.193431
0.391691
0.230858
0.445641
1.0
0.0141288
0.0928886
0.452533
0.128973
0.507645
1.0
0.0141082
0.962446
0.580502
0.998793
0.643686
1.0
0.0140807
0.588561
0.655042
0.632215
0.718951
1.0
0.0140799
0.444394
0.630554
0.540633
0.771001
1.0
0.0140099
0.605834
0.676129
0.69747
0.839158
1.0
0.0139462
0.24134
0.556122
0.283911
0.607973
1.0
0.0139271
0.794066
0.595274
0.884996
0.721826
1.0
0.0138676
0.962031
0.948091
0.999626
0.998298
1.0
0.0138267
0.360331
0.412339
0.416146
0.494447
1.0
0.0137754
0.561164
0.383095
0.653757
0.533427
1.0
0.0137074
0.381512
0.219148
0.489907
0.373705
1.0
0.0136818
0.212865
0.517498
0.30809
0.645534
1.0
0.0136391
0.0481135
0.898998
0.161025
1.00236
1.0
0.0136197
0.667783
0.710493
0.756234
0.856019
1.0
0.0136078
0.843605
0.523382
0.938111
0.649769
1.0
0.0134606
0.0717454
0.361712
0.106409
0.412781
1.0
0.0134298
0.000540659
0.427123
0.074493
0.549663
1.0
0.0133961
0.391237
0.614145
0.440333
0.682046
1.0
0.0133813
0.268022
0.420402
0.307782
0.476738
1.0
0.0133571
0.483757
0.583468
0.534366
0.656968
1.0
0.0133417
0.964413
0.752871
0.998595
0.814297
1.0
0.0133026
0.340865
0.509343
0.390664
0.576182
1.0
0.0133024
0.510908
0.48093
0.558309
0.551623
1.0
0.0132837
0.00847155
0.906493
0.0894191
0.99612
1.0
0.0132784
0.145825
0.452653
0.181192
0.507629
1.0
0.0132728
0.388709
0.170801
0.611748
0.49846
1.0
0.0132422
0.338441
0.245212
0.381663
0.30991
1.0
0.0132025
0.439472
0.290434
0.486976
0.35797
1.0
0.0132001
0.337217
0.582726
0.387488
0.653056
1.0
0.0131759
0.869647
0.556141
0.906663
0.605517
1.0
0.0131514
0.841724
0.588761
0.941952
0.72886
1.0
0.0131276
0.340615
0.283894
0.387393
0.354535
1.0
0.0130624
0.5136
0.352541
0.558459
0.41936
1.0
0.0130537
0.750164
0.528378
0.790545
0.579292
1.0
0.0130437
0.868224
0.528333
0.90557
0.579755
1.0
0.0130031
0.965743
0.421085
0.99739
0.477677
1.0
0.0129477
0.864938
0.820968
1.00133
1.00315
1.0
0.0129413
0.290455
0.388876
0.335155
0.451053
1.0
0.012899
0.118745
0.454033
0.155158
0.508544
1.0
0.0128977
0.189891
0.802758
0.365976
1.02291
1.0
0.0128902
0.818599
0.654675
0.860785
0.711664
1.0
0.0128848
0.642855
0.450381
0.733628
0.590471
1.0
0.0128844
0.171205
0.452524
0.207587
0.507667
1.0
0.012858
0.269368
0.243947
0.374089
0.394689
1.0
0.0128328
0.445783
0.641676
0.494244
0.705518
1.0
0.0128295
-0.000828341
0.289071
0.0634101
0.405753
1.0
0.0128268
0.966648
0.692635
0.998171
0.747802
1.0
0.0128153
0.0926829
0.390194
0.128674
0.444071
1.0
0.0128003
0.913083
0.680147
0.998257
0.835941
1.0
0.0127938
0.967223
0.453338
0.999842
0.516568
1.0
0.0127798
0.00136241
0.552045
0.0360611
0.614096
1.0
0.0127744
0.509259
0.548549
0.559095
0.619823
1.0
0.0127194
0.536414
0.446088
0.58723
0.516388
1.0
0.0126992
0.0416065
0.391643
0.0796322
0.444668
1.0
0.0126817
0.324851
0.226585
0.362245
0.280039
1.0
0.0126548
0.321264
0.320314
0.364643
0.386513
1.0
0.0126523
0.197302
0.330455
0.288798
0.456007
1.0
0.0126471
0.614366
0.419697
0.654605
0.481963
1.0
0.0126413
0.81867
0.686411
0.860331
0.743104
1.0
0.0126231
0.869235
0.591148
0.90867
0.644648
1.0
0.0125458
0.719315
0.526696
0.757666
0.57918
1.0
0.0125319
0.585522
0.319615
0.677108
0.467699
1.0
0.0125315
0.119437
0.392245
0.156573
0.446225
1.0
0.0125153
0.265381
0.557265
0.306523
0.606861
1.0
0.0124932
0.449171
0.511058
0.641179
0.811212
1.0
0.0124462
0.866328
0.654295
0.90949
0.712139
1.0
0.0123884
0.684519
0.444481
0.882794
0.719984
1.0
0.0123619
0.296906
0.644828
0.391588
0.810624
1.0
0.0122919
0.00293124
0.417459
0.0362943
0.476248
1.0
0.0122388
0.146704
0.420301
0.183573
0.475192
1.0
0.0122299
0.219891
0.389847
0.258742
0.444775
1.0
0.0122282
0.00367965
0.324154
0.0332433
0.378204
1.0
0.012211
0.896812
0.559383
0.934975
0.607423
1.0
0.0121925
0.852595
0.60859
1.00798
0.926739
1.0
0.0121827
0.0103927
0.852665
0.0524319
0.908556
1.0
0.0121782
0.244482
0.387551
0.285496
0.44561
1.0
0.0121367
0.535536
0.583
0.589408
0.653221
1.0
0.0121284
0.592444
0.448935
0.637001
0.514567
1.0
0.0120896
0.172132
0.558887
0.208922
0.605814
1.0
0.0120843
0.482623
0.646741
0.528748
0.706521
1.0
0.012054
0.641076
0.45729
0.679782
0.514058
1.0
0.0120376
0.290694
0.524901
0.332889
0.578295
1.0
0.0120018
0.966815
0.617724
0.999725
0.674291
1.0
0.011991
0.488211
0.31999
0.531732
0.38503
1.0
0.0119909
0.61757
0.484594
0.656628
0.54218
1.0
0.0119801
0.894088
0.589331
0.932105
0.639019
1.0
0.011956
0.873332
0.459565
1.00531
0.724908
1.0
0.0119518
0.0129985
0.790223
0.0536055
0.846148
1.0
0.0119418
0.719328
0.555858
0.758761
0.60919
1.0
0.0119246
-0.00139002
0.516432
0.0676283
0.640582
1.0
0.0119202
0.195068
0.450951
0.232307
0.508694
1.0
0.0119092
0.265945
0.357354
0.305912
0.416776
1.0
0.011909
0.00162306
0.198595
0.311578
0.724207
1.0
0.0118713
0.511631
0.419409
0.559749
0.488567
1.0
0.0118569
0.814997
0.583655
0.854903
0.637511
1.0
0.0118364
0.694172
0.522609
0.735785
0.577756
1.0
0.0118062
0.295693
0.487162
0.338354
0.545972
1.0
0.0117797
0.0117307
0.888789
0.0531077
0.947014
1.0
0.0117772
0.244974
0.4495
0.28463
0.509914
1.0
0.0117475
0.513939
0.289207
0.555702
0.349382
1.0
0.0117261
0.316303
0.619843
0.364555
0.683875
1.0
0.0117231
0.641002
0.488627
0.680057
0.543788
1.0
0.0117208
0.119084
0.4224
0.155874
0.477064
1.0
0.0117076
0.589371
0.586995
0.634885
0.651309
1.0
0.0116675
0.0111103
0.8194
0.0528817
0.877716
1.0
0.0116427
0.665223
0.520534
0.708025
0.580055
1.0
0.011588
0.366573
0.542962
0.418685
0.612818
1.0
0.0115824
0.590909
0.621941
0.635058
0.685482
1.0
0.0115487
0.792107
0.577745
0.832633
0.632742
1.0
0.0115481
0.288209
0.555005
0.332919
0.609903
1.0
0.0115276
0.641597
0.520554
0.680346
0.576814
1.0
0.0115141
0.621731
0.543985
0.712143
0.684636
1.0
0.0114873
0.967369
0.656559
0.999326
0.713393
1.0
0.0114637
0.664091
0.582949
0.70846
0.642789
1.0
0.0114048
0.294118
0.44935
0.337553
0.511324
1.0
0.0113788
0.538481
0.387146
0.586168
0.45384
1.0
0.0113683
0.172173
0.487805
0.208927
0.542087
1.0
0.0113447
0.143956
0.479655
0.237793
0.612824
1.0
0.0113424
0.614425
0.352766
0.654984
0.416449
1.0
0.0113287
0.219869
0.452701
0.256982
0.50804
1.0
0.0113161
0.743856
0.584912
0.837221
0.718786
1.0
0.0112702
0.866595
0.622575
0.909644
0.680671
1.0
0.0112258
0.665978
0.4578
0.70563
0.513669
1.0
0.0112079
0.172142
0.527817
0.209273
0.578209
1.0
0.0111977
0.317301
0.518324
0.362442
0.574845
1.0
0.0111931
0.00303422
0.28389
0.0329127
0.338723
1.0
0.0111901
0.364271
0.581699
0.413228
0.649095
1.0
0.0111809
0.538381
0.659685
0.585896
0.722191
1.0
0.0111275
0.593547
0.388714
0.636441
0.452141
1.0
0.0111062
0.71964
0.714745
0.811422
0.85467
1.0
0.0110971
0.846022
0.530615
0.884462
0.579059
1.0
0.0110596
-0.00951947
0.318099
0.14307
0.556318
1.0
0.0110381
0.216995
0.92261
0.266016
0.982784
1.0
0.0110363
0.569339
0.287845
0.609287
0.346168
1.0
0.0109838
0.292026
0.585234
0.335671
0.644004
1.0
0.0109367
0.54297
0.241526
0.945824
0.876196
1.0
0.0109179
0.362972
0.634903
0.469739
0.792216
1.0
0.0109162
0.563207
0.417176
0.612064
0.488001
1.0
0.0109035
0.0428129
0.422304
0.0818029
0.478352
1.0
0.010827
0.219851
0.422707
0.257848
0.477195
1.0
0.0108242
0.592093
0.474043
0.679319
0.615336
1.0
0.0108023
0.665097
0.488752
0.70651
0.545253
1.0
0.010802
0.193024
0.556935
0.23348
0.606679
1.0
0.010718
0.815903
0.464557
0.912077
0.591904
1.0
0.0107083
0.267922
0.530045
0.308148
0.580519
1.0
0.0106701
0.916636
0.492168
0.955398
0.545338
1.0
0.0106693
0.619073
0.518394
0.658236
0.578326
1.0
0.0106529
0.000496095
0.210974
0.0609734
0.331592
1.0
0.0106406
0.143616
0.559982
0.18158
0.60799
1.0
0.0106387
0.14446
0.528461
0.180722
0.577464
1.0
0.010629
0.593248
0.515
0.636473
0.57756
1.0
0.0106139
0.491028
0.688445
0.53356
0.744122
1.0
0.010607
0.117937
0.361596
0.153267
0.41224
1.0
0.0105902
0.643167
0.585368
0.682964
0.643076
1.0
0.0105877
0.222234
0.357669
0.259668
0.411955
1.0
0.0105156
0.841036
0.654052
0.884633
0.70988
1.0
0.0104596
0.604657
0.768105
0.691569
0.922614
1.0
0.010458
0.566629
0.351552
0.610877
0.417257
1.0
0.0103954
0.514341
0.65515
0.560535
0.715466
1.0
0.0103632
0.0026195
0.452786
0.035787
0.513692
1.0
0.0103583
0.564575
0.480217
0.61152
0.545995
1.0
0.0103538
0.440442
0.251783
0.483872
0.316501
1.0
0.010351
0.665288
0.611666
0.762316
0.761482
1.0
0.0103207
0.193294
0.528237
0.232301
0.57985
1.0
0.0102925
0.89385
0.529626
0.932756
0.580578
1.0
0.0102709
0.387589
0.289055
0.43761
0.359626
1.0
0.0102265
0.542567
0.28795
0.585301
0.348657
1.0
0.0101971
0.630237
0.607181
0.820396
0.907
1.0
0.0101595
0.092842
0.524233
0.130139
0.577356
1.0
0.0101154
0.173352
0.363317
0.20772
0.413442
1.0
0.0101154
0.120003
0.485855
0.157125
0.541403
1.0
0.0101059
0.842587
0.556543
0.882032
0.606364
1.0
0.0100557
0.589855
0.716004
0.635547
0.78456
1.0
0.0100553
0.243794
0.486504
0.283024
0.543219
1.0
0.0100462
0.771367
0.677312
0.860919
0.815388
1.0
0.0100397
0.592006
0.319652
0.634903
0.384781
1.0
0.0100296
0.612475
0.654199
0.651832
0.714508
