1.0
0.92764
0.45273
0.396926
0.679028
0.781883
1.0
0.0319879
0.930397
0.439031
0.998951
0.571598
1.0
0.0279772
0.260507
0.527763
0.704644
1.01736
1.0
0.0279699
0.959849
0.510689
0.997173
0.579864
1.0
0.0216679
0.404811
0.241408
0.622142
0.581592
1.0
0.0210579
0.812656
0.58077
0.862607
0.64207
1.0
0.0208466
0.862544
0.563093
0.901342
0.614219
1.0
0.0203567
0.920489
0.521265
0.961549
0.578758
1.0
0.0202888
0.390335
0.408247
0.483297
0.574825
1.0
0.0201054
0.964339
0.582762
0.998054
0.646659
1.0
0.0199146
0.667106
0.378546
0.98374
0.974524
1.0
0.0198267
0.623098
0.404259
0.728106
0.562295
1.0
0.019577
0.834182
0.527779
0.926036
0.652045
1.0
0.0191308
0.434309
0.239008
0.559635
0.409665
1.0
0.0190782
0.913847
0.555571
0.999383
0.71824
1.0
0.0187895
0.155325
0.744266
0.369792
1.01532
1.0
0.0186305
0.773961
0.536404
0.872795
0.652729
1.0
0.0185026
0.66274
0.340645
0.87259
0.633373
1.0
0.0184168
0.512594
0.911342
0.559272
0.974635
1.0
0.0183574
0.0429533
-0.105057
0.572194
0.814392
1.0
0.0181854
0.346079
0.436448
0.44167
0.596805
1.0
0.0179408
0.764167
0.561045
0.807595
0.618162
1.0
0.0178231
0.533593
0.550994
0.659393
0.755087
1.0
0.0177064
0.709996
0.49336
0.815078
0.630285
1.0
0.0176556
0.574607
0.838707
0.775431
1.01442
1.0
0.0172632
0.916752
0.557463
0.954675
0.609714
1.0
0.0169147
0.661197
0.944732
0.717599
0.997801
1.0
0.0167238
0.410061
0.590455
0.528458
0.762487
1.0
0.016713
0.840303
0.580799
0.885444
0.637464
1.0
0.0166704
0.677102
0.440311
0.77738
0.581483
1.0
0.0165877
0.680905
0.347758
0.774069
0.498988
1.0
0.0164232
0.910973
0.737829
0.99691
0.899068
1.0
0.0158735
0.474813
0.178819
0.619745
0.334271
1.0
0.015857
0.867504
0.811548
0.997421
0.995698
1.0
0.0154892
0.292682
0.445922
0.392972
0.584165
1.0
0.0154337
0.219388
0.56429
0.256078
0.60757
1.0
0.0153739
0.878743
0.481832
0.972599
0.618342
1.0
0.0153568
0.811166
0.947542
0.863823
0.999443
1.0
0.015273
0.36569
0.53166
0.472698
0.694911
1.0
0.0151522
0.765272
0.421026
0.868347
0.550857
1.0
0.0151147
0.660179
0.477573
0.706594
0.54305
1.0
0.0150868
0.791772
0.610441
0.893064
0.746811
1.0
0.0150767
0.508277
0.741163
0.616433
0.902232
1.0
0.0150109
0.912817
0.651976
1.00049
0.808065
1.0
0.0150041
0.654607
0.510542
0.759483
0.658451
1.0
0.0149034
0.964105
0.691225
0.998068
0.751572
1.0
0.0148253
0.942352
0.545328
0.986914
0.609043
1.0
0.0147217
0.963942
0.950526
1.00002
0.999692
1.0
0.0146151
0.963514
0.425649
0.998727
0.488614
1.0
0.0145081
0.516021
0.898539
0.60897
1.00358
1.0
0.0144968
0.297269
0.361593
0.478416
0.65039
1.0
0.0143019
0.867871
0.529668
0.907188
0.583637
1.0
0.0142673
0.921399
0.483195
0.963868
0.548734
1.0
0.0142608
0.705427
0.94873
0.760694
1.00065
1.0
0.0142543
0.759801
0.950458
0.810166
1.00027
1.0
0.0141991
0.416055
0.33466
0.526618
0.523146
1.0
0.0141725
0.692379
0.913719
0.810172
1.00751
1.0
0.0140028
0.567357
0.922172
0.615862
0.985102
1.0
0.0139678
0.712635
0.450444
0.755538
0.512236
1.0
0.0138765
0.739213
0.573263
0.845926
0.70717
1.0
0.0138715
0.565547
0.421561
0.784869
0.708129
1.0
0.0138582
0.508439
0.208199
0.566513
0.287181
1.0
0.0138049
0.633433
0.574932
0.684265
0.648205
1.0
0.0137512
0.00141883
0.54235
0.0647594
0.667478
1.0
0.0137379
0.770656
0.713065
0.868678
0.855052
1.0
0.0136891
0.558456
0.678528
0.613423
0.750875
1.0
0.0136891
0.461309
0.216985
0.516089
0.295459
1.0
0.0135468
0.896531
0.586413
0.93471
0.639113
1.0
0.0135333
0.314995
0.572113
0.427017
0.714083
1.0
0.013479
0.371067
0.483138
0.413688
0.54982
1.0
0.0133772
0.461323
0.70283
0.574105
0.85916
1.0
0.013305
0.588362
0.948293
0.638037
0.998547
1.0
0.0133021
0.650693
0.688909
0.762179
0.8445
1.0
0.013302
0.2385
0.413156
0.336075
0.538334
1.0
0.0132868
0.494796
0.948479
0.538169
0.996147
1.0
0.0132359
0.271315
0.56293
0.307416
0.603804
1.0
0.0132265
0.793527
0.562814
0.840468
0.618899
1.0
0.0132211
0.683216
0.449873
0.730811
0.516551
1.0
0.0132085
0.586408
0.61072
0.644337
0.693595
1.0
0.0131605
0.292808
0.560636
0.33324
0.606625
1.0
0.0131163
0.638806
0.515004
0.686169
0.581798
1.0
0.0130829
0.941447
0.613964
0.986161
0.673704
1.0
0.0130235
0.537424
0.951958
0.584637
1.00016
1.0
0.0129202
0.681858
0.61207
0.790361
0.766588
1.0
0.0129049
0.809049
0.446343
0.912594
0.584852
1.0
0.0128183
0.686759
0.519105
0.734517
0.582148
1.0
0.0127241
0.967093
0.656582
0.999838
0.715329
1.0
0.0126528
0.316669
0.560652
0.359269
0.608298
1.0
0.0125896
0.269322
0.426084
0.303438
0.475918
1.0
0.0125874
0.77577
0.431509
0.968613
0.713774
1.0
0.0125381
0.965402
0.752447
0.998153
0.81406
1.0
0.0125091
0.594917
0.909434
0.701941
1.00455
1.0
0.0124587
0.895393
0.527342
0.934775
0.579993
1.0
0.0124245
0.964029
0.815399
0.998865
0.881899
1.0
0.0124188
0.713251
0.484149
0.756281
0.543435
1.0
0.0123819
0.816458
0.674115
0.917552
0.824611
1.0
0.0123659
0.233665
0.482428
0.454694
0.768889
1.0
0.0123227
0.245012
0.424859
0.280298
0.475562
1.0
0.0123221
0.758133
0.916867
0.863708
1.00777
1.0
0.0122054
0.793639
0.612909
0.84114
0.675407
1.0
0.0121527
0.394759
0.420807
0.436771
0.489142
1.0
0.0121107
0.764854
0.525031
0.810366
0.585794
1.0
0.012108
0.814425
0.650197
0.860708
0.71128
1.0
0.0120951
0.762686
0.614176
0.808926
0.678674
1.0
0.0120815
0.53717
0.645371
0.589913
0.720483
1.0
0.0120617
0.241934
0.563416
0.281103
0.606556
1.0
0.0120346
0.372126
0.422141
0.410394
0.482825
1.0
0.0120261
0.197455
0.560458
0.236697
0.608151
1.0
0.011977
0.0564976
0.534616
0.164212
0.679445
1.0
0.0119741
0.392824
0.476888
0.438064
0.554732
1.0
0.0119669
0.857951
0.557487
1.00628
0.871792
1.0
0.0119338
0.7915
0.455693
0.834185
0.511397
1.0
0.0119219
0.86692
0.65559
0.90931
0.714465
1.0
0.0118929
0.862792
0.954469
0.908681
1.00057
1.0
0.0118927
0.262022
0.548806
0.373377
0.665048
1.0
0.0118821
0.515024
0.755672
0.561289
0.818263
1.0
0.0118552
0.742233
0.45065
0.785442
0.509668
1.0
0.0118488
0.967078
0.391351
1.00073
0.452998
1.0
0.0117958
0.766676
0.483552
0.810899
0.542358
1.0
0.011785
0.916336
0.613307
0.955891
0.666927
1.0
0.0117766
0.490199
0.417198
0.540497
0.489865
1.0
0.0117261
0.866953
0.615515
0.908384
0.671659
1.0
0.0117098
0.79222
0.485289
0.835542
0.541664
1.0
0.0116938
0.237195
0.501349
0.339073
0.61781
1.0
0.0116459
0.288713
0.356084
0.3819
0.49673
1.0
0.0116427
0.270444
0.4541
0.304779
0.504574
1.0
0.0116401
0.0179929
0.451936
0.0557699
0.512918
1.0
0.0116226
0.296145
0.451798
0.332594
0.506367
1.0
0.0116004
0.318348
0.452901
0.355731
0.507075
1.0
0.0115935
0.79263
0.524478
0.836176
0.580587
1.0
0.0115724
0.942655
0.714594
0.988093
0.778277
1.0
0.0115613
0.501952
0.821849
0.591491
0.957586
1.0
0.0115487
0.742644
0.57796
0.792255
0.644941
1.0
0.0115377
0.161442
0.413951
0.263633
0.545721
1.0
0.0113892
0.245721
0.452221
0.281095
0.504543
1.0
0.0113631
0.562525
0.485269
0.613341
0.560438
1.0
0.0113623
0.866379
0.453647
0.90516
0.509095
1.0
0.0113571
0.518645
0.857823
0.564977
0.923125
1.0
0.0113372
0.458148
0.27097
0.518051
0.360691
1.0
0.0113261
0.815398
0.717845
0.861983
0.78079
1.0
0.0113146
0.0280724
0.464306
0.22679
0.79093
1.0
0.0113065
0.738625
0.525327
0.785103
0.584914
1.0
0.0112908
0.515725
0.68162
0.569715
0.748726
1.0
0.0112544
0.436004
0.422112
0.559571
0.627991
1.0
0.0112499
0.580218
0.512468
0.633911
0.586806
1.0
0.0112469
0.000278022
0.608485
0.0650243
0.742837
1.0
0.0112418
0.0552918
0.612202
0.163341
0.758085
1.0
0.0112284
0.814991
0.452005
0.858297
0.509278
1.0
0.0112038
0.89265
0.257514
0.931925
0.311837
1.0
0.0111625
0.841626
0.615125
0.885399
0.673601
1.0
0.0111425
0.220845
0.424111
0.256103
0.474133
1.0
0.0111355
0.161664
0.367577
0.381653
0.646969
1.0
0.0111268
0.731767
0.645158
0.834844
0.786285
1.0
0.0111199
0.434498
0.645843
0.486375
0.715695
1.0
0.0110557
0.270431
0.39862
0.304742
0.448663
1.0
0.0110079
0.318784
0.394431
0.354808
0.449397
1.0
0.0109878
0.967041
0.252844
0.998966
0.311308
1.0
0.0109511
0.867455
0.490853
0.905131
0.544433
1.0
0.0109184
0.737575
0.751363
0.785764
0.817584
1.0
0.0108811
0.73601
0.349874
0.837573
0.493954
1.0
0.0108717
0.540187
0.84946
0.588983
0.91295
1.0
0.0108517
0.319985
0.486587
0.358309
0.541547
1.0
0.0108439
0.741632
0.483744
0.786022
0.542924
1.0
0.0108439
0.00214206
0.612044
0.0383508
0.677004
1.0
0.0107974
0.711085
0.549071
0.760022
0.614236
1.0
0.0107897
0.347376
0.42258
0.387427
0.483016
1.0
0.0106599
0.791492
0.778123
0.89005
0.910396
1.0
0.0106577
0.695276
0.745694
0.804605
0.888987
1.0
0.0105902
0.481229
0.24303
0.539145
0.32058
1.0
0.010573
0.364268
0.668777
0.483483
0.827221
1.0
0.0104788
0.815493
0.788652
0.861845
0.848103
1.0
0.0104487
0.538449
0.786191
0.585723
0.849347
1.0
0.0104485
0.968111
0.287237
0.999242
0.341559
1.0
0.0104344
0.537623
0.708282
0.59017
0.777256
1.0
0.010412
0.655383
0.250004
0.760344
0.410608
1.0
0.01041
0.61962
0.561525
0.726101
0.724266
1.0
0.0103604
0.275149
0.686167
0.40154
0.839151
1.0
0.010358
0.897217
0.489303
0.936644
0.547126
1.0
0.0103438
0.194988
0.42525
0.231429
0.477146
1.0
0.0103347
0.514954
0.617119
0.563814
0.683122
1.0
0.0103282
0.129927
0.562107
0.353769
0.89887
1.0
0.0103254
0.540409
0.585066
0.588001
0.65089
1.0
0.0102939
0.411641
0.443556
0.457601
0.522332
1.0
0.0102877
0.560213
0.209126
0.617129
0.282567
1.0
0.0102644
0.194706
0.533621
0.232154
0.583094
1.0
0.0102617
0.115729
0.538739
0.22011
0.668072
1.0
0.0102595
0.173462
0.427687
0.207635
0.477974
1.0
0.0102383
0.705726
0.280879
0.804362
0.428555
1.0
0.0102316
0.844076
0.652494
0.886175
0.708924
1.0
0.0102124
0.188772
0.526796
0.288349
0.640609
1.0
0.0101938
0.554715
0.183983
0.688191
0.326156
1.0
0.0101756
0.469407
0.954756
0.508202
0.995958
1.0
0.0101246
0.868521
0.685842
0.911262
0.745852
1.0
0.0101133
0.295679
0.395254
0.330836
0.447746
1.0
0.0101132
0.737031
0.6498
0.788157
0.718906
1.0
0.0101031
0.603485
0.771792
0.732432
0.927649
1.0
0.0100994
0.843589
0.528269
0.886526
0.583038
1.0
0.0100969
0.969113
0.358243
1.0006
0.415085
1.0
0.0100255
0.89501
0.616993
0.933122
0.669608
1.0
0.0100136
0.46287
0.585123
0.511063
0.649106
1.0
0.0100054
0.196698
0.399306
0.231008
0.449192
