1.0
0.0586478
0.302192
0.184778
0.860556
1.13141
1.0
0.0490267
0.00325331
0.237467
0.448075
1.04409
1.0
0.0310753
0.243965
0.25003
0.438441
0.560693
1.0
0.025713
0.96474
0.187694
0.994805
0.241851
1.0
0.0226337
0.263568
0.322397
0.303582
0.381789
1.0
0.0213497
0.264336
0.447389
0.361517
0.589685
1.0
0.020963
0.26427
0.232861
0.369036
0.407553
1.0
0.0208085
0.248025
0.327833
0.335014
0.478781
1.0
0.0206586
0.894412
0.631746
0.924192
0.673999
1.0
0.0197601
0.966893
0.356763
0.995599
0.412233
1.0
0.0197408
0.265908
0.385057
0.306019
0.443917
1.0
0.019674
0.966549
0.323771
0.995609
0.379936
1.0
0.0191301
0.967052
0.256905
0.99639
0.312004
1.0
0.0189493
0.311305
0.456798
0.355826
0.518863
1.0
0.0188262
0.247231
0.351102
0.287337
0.409904
1.0
0.0185443
0.18946
0.152716
0.568062
0.701476
1.0
0.0185055
-0.000359463
0.52923
0.0514814
0.670231
1.0
0.0183978
0.687507
0.112904
1.04308
1.02581
1.0
0.0183432
0.967476
0.292468
0.996477
0.347766
1.0
0.0181602
0.966727
0.388706
0.995296
0.443315
1.0
0.0177952
0.967687
0.424481
0.995579
0.478104
1.0
0.0176944
0.230553
0.209571
0.315381
0.353317
1.0
0.0175507
0.221296
0.404228
0.312615
0.54826
1.0
0.0172085
0.266968
0.418257
0.306681
0.47506
1.0
0.0171605
0.264152
0.248303
0.311167
0.317998
1.0
0.0166774
0.967346
0.458014
0.99516
0.509528
1.0
0.0163258
0.266036
0.452086
0.309509
0.513542
1.0
0.0162052
0.967574
0.224473
0.996511
0.276686
1.0
0.0158993
0.965588
0.55978
0.993918
0.609459
1.0
0.0152595
0.967572
0.493137
0.995159
0.544555
1.0
0.0151493
0.288471
0.387386
0.331822
0.448478
1.0
0.0148335
0.557431
0.672476
0.992364
1.01025
1.0
0.0148051
0.290629
0.420302
0.333758
0.481417
1.0
0.0146572
0.965828
0.525098
0.994163
0.575587
1.0
0.0142312
0.288686
0.481363
0.338903
0.546323
1.0
0.0141667
0.00170393
0.606822
0.0336756
0.681461
1.0
0.0140379
0.966439
0.65799
0.994821
0.70884
1.0
0.0139905
0.286819
0.362952
0.382986
0.521185
1.0
0.0139215
0.282892
0.514351
0.337194
0.586229
1.0
0.0138112
0.287048
0.319001
0.334504
0.384279
1.0
0.0136768
0.241157
0.451173
0.285164
0.510828
1.0
0.013534
0.294803
0.48438
0.415632
0.631709
1.0
0.0134913
0.26742
0.488772
0.309963
0.546688
1.0
0.0133596
0.199744
0.339674
0.286636
0.474655
1.0
0.0133152
0.258932
0.104862
0.494728
0.397136
1.0
0.013284
0.505429
0.464889
0.62842
0.619327
1.0
0.013229
0.222764
0.324605
0.256753
0.372917
1.0
0.0130773
0.965827
0.692843
0.994769
0.74284
1.0
0.0130318
0.219704
0.389368
0.257283
0.44064
1.0
0.01303
0.244301
0.523326
0.288319
0.58088
1.0
0.0129325
0.897444
0.658377
0.926151
0.699677
1.0
0.0128295
0.260577
0.153701
0.368653
0.305857
1.0
0.0126646
0.895223
0.601351
0.92316
0.641487
1.0
0.0125315
0.31206
0.384755
0.357011
0.447977
1.0
0.0124576
0.966875
0.591377
0.994899
0.640318
1.0
0.0124439
0.246678
0.286772
0.286432
0.346775
1.0
0.0123823
0.142418
0.526071
0.174747
0.573228
1.0
0.0122643
0.967415
0.627284
0.995632
0.676975
1.0
0.0121667
-0.000819825
0.412673
0.0551817
0.566833
1.0
0.012108
0.30899
0.248463
0.359065
0.318492
1.0
0.0120502
0.0113222
0.644836
0.0485043
0.716691
1.0
0.0119719
0.336714
0.519218
0.388257
0.586273
1.0
0.0117874
0.896057
0.564421
0.923911
0.603166
1.0
0.0117048
0.308011
0.548852
0.360415
0.61987
1.0
0.0116305
0.193625
0.391987
0.229508
0.440757
1.0
0.0116144
0.223815
0.357506
0.25909
0.407538
1.0
0.0115246
-0.000917343
0.681289
0.0541475
0.818529
1.0
0.0114988
0.147322
0.395883
0.176909
0.437204
1.0
0.0113778
0.173513
0.395466
0.2045
0.436866
1.0
0.0113649
0.221426
0.456175
0.259229
0.508105
1.0
0.0112802
0.00573535
0.583408
0.070145
0.755093
1.0
0.0112754
0.312121
0.346825
0.358689
0.412873
1.0
0.011272
0.965292
0.12606
0.996271
0.182107
1.0
0.0112499
0.196391
0.32245
0.230298
0.369503
1.0
0.0111779
0.13699
0.679813
0.216929
0.833253
1.0
0.0111273
0.877643
0.563704
0.906343
0.602042
1.0
0.0110162
0.360988
0.547319
0.412237
0.617841
1.0
0.0110059
0.00187409
0.681065
0.0320149
0.74863
1.0
0.0109913
0.0024879
0.717843
0.0325283
0.783977
1.0
0.0109162
0.262389
0.545763
0.313174
0.613795
1.0
0.0108489
0.48612
0.329176
0.591952
0.492238
1.0
0.0107728
0.221949
0.427334
0.259166
0.477462
1.0
0.0107676
0.443227
0.540479
0.543215
0.68826
1.0
0.0107524
0.264541
0.183467
0.306543
0.249831
1.0
0.0107303
0.228746
0.502627
0.329605
0.642084
1.0
0.0106893
0.947282
0.160137
0.98755
0.216627
1.0
0.0106847
0.359498
0.484418
0.410484
0.549049
1.0
0.0105561
0.344965
0.140917
0.465892
0.286927
1.0
0.0105272
0.329831
0.401348
0.442071
0.564048
1.0
0.0104649
0.285238
0.27975
0.336503
0.349936
1.0
0.0104534
0.386053
0.521827
0.43708
0.591527
1.0
0.0103794
0.0684662
0.673833
0.153663
0.831161
1.0
0.0102831
0.146561
0.464362
0.176098
0.507833
1.0
0.010264
0.405082
0.390791
0.51763
0.561316
1.0
0.0102569
0.144122
0.756885
0.18085
0.813604
1.0
0.0102031
0.951919
0.267555
1.00138
0.380911
1.0
0.0101732
0.00062637
0.657479
0.290742
1.00518
1.0
0.0100739
0.2232
0.290049
0.255693
0.339599
