1.0
0.0680855
0.270705
0.327837
0.618802
0.943031
1.0
0.0293256
0.554309
0.264479
1.01902
1.02643
1.0
0.0235711
-0.00764832
0.657144
0.402156
1.0055
1.0
0.0235298
0.0392935
-0.00015226
0.524039
0.978751
1.0
0.021218
0.337986
0.267848
0.550745
0.613861
1.0
0.0180209
0.319587
0.591235
0.364332
0.652977
1.0
0.0167276
0.360727
0.32441
0.481325
0.501234
1.0
0.0163665
0.31337
0.297875
0.420488
0.479527
1.0
0.0163489
0.361039
0.456992
0.462995
0.620669
1.0
0.0155318
0.313946
0.399422
0.408797
0.562623
1.0
0.0149675
9.89363e-05
0.664708
0.0561386
0.806164
1.0
0.0146835
0.734315
0.656624
1.03163
1.00959
1.0
0.014123
0.355524
0.00553876
0.834171
0.379054
1.0
0.0140769
0.295971
0.538927
0.382417
0.675136
1.0
0.0139208
0.430521
0.599357
0.549701
0.772798
1.0
0.0137192
0.313683
0.320697
0.354202
0.383373
1.0
0.0136618
-0.00571203
0.66176
0.125729
0.950897
1.0
0.0134481
0.306712
0.188665
0.416837
0.353554
1.0
0.0133475
0.446266
0.38568
0.561253
0.575838
1.0
0.0126526
0.273238
0.347378
0.354373
0.500747
1.0
0.012523
0.313421
0.390731
0.352982
0.451773
1.0
0.0122633
0.116278
0.653054
0.204571
0.803283
1.0
0.0122132
0.0637774
0.705947
0.155218
0.874364
1.0
0.0121316
0.227192
0.449407
0.428377
0.760224
1.0
0.0121003
0.467109
0.510785
0.585621
0.729521
1.0
0.0117413
0.318674
0.182644
0.357182
0.244115
1.0
0.0117012
0.317497
0.451992
0.355608
0.510019
1.0
0.0116169
0.568097
0.533038
0.662689
0.684959
1.0
0.0114747
0.00225543
0.743335
0.0352564
0.818295
1.0
0.011459
0.391601
0.529278
0.508725
0.704752
1.0
0.0113132
0.0735616
0.717966
0.107313
0.779854
1.0
0.0112829
0.271801
0.126086
0.364708
0.278459
1.0
0.0112207
0.363382
0.178947
0.404813
0.243157
1.0
0.0112011
0.0132191
0.944762
0.05578
0.996422
1.0
0.011095
0.261743
0.0412709
0.492276
0.282268
1.0
0.0110632
0.21172
0.651754
0.315981
0.796497
1.0
0.0110013
0.33985
0.180212
0.382542
0.244983
1.0
0.0108955
0.0108415
0.779443
0.050498
0.851396
1.0
0.0108494
0.341781
0.455366
0.384421
0.515667
1.0
0.0107774
0.536063
0.265713
0.643348
0.43882
1.0
0.0107161
0.597439
0.471541
0.688818
0.632025
1.0
0.010675
0.317951
0.218482
0.353163
0.274488
1.0
0.0104979
0.267086
0.589696
0.306546
0.643515
1.0
0.0104793
0.237261
0.459473
0.327969
0.60526
1.0
0.0104385
0.381357
0.239311
0.516214
0.417572
1.0
0.0103978
0.459443
0.649045
0.514642
0.723498
1.0
0.0103836
0.318255
0.518765
0.357904
0.576947
1.0
0.0103746
0.236312
0.542583
0.333122
0.681617
1.0
0.0103599
0.358944
0.590756
0.404327
0.649562
1.0
0.0103112
0.318847
0.487674
0.355609
0.542528
1.0
0.0102822
0.314134
0.248966
0.350774
0.306649
1.0
0.0102335
0.466442
0.268896
0.591701
0.464144
1.0
0.010154
0.412108
0.312116
0.465704
0.391504
1.0
0.0100943
0.295078
0.416914
0.334812
0.476255
1.0
0.0100597
0.273626
0.639408
0.391856
0.792184
