1.0
0.305434
0.371666
0.196552
0.515639
0.425815
1.0
0.0389041
0.408066
0.181652
1.00461
1.05939
1.0
0.024784
-2.41939e-05
0.52855
0.0530955
0.670489
1.0
0.01949
0.742519
0.645811
1.0255
1.00073
1.0
0.0193788
0.00615056
0.473423
0.422095
1.06264
1.0
0.0186868
0.311898
0.950584
0.355963
0.997321
1.0
0.0179258
0.351433
0.145924
0.668664
0.627972
1.0
0.0165463
0.00154384
0.607075
0.0332451
0.679832
1.0
0.0161974
0.537471
0.474238
0.646622
0.618068
1.0
0.0159677
0.264922
0.486744
0.375314
0.627658
1.0
0.0149267
0.473299
0.199984
0.574334
0.361047
1.0
0.0148259
0.486719
0.245507
0.538479
0.320289
1.0
0.0144456
0.365753
0.254174
0.407936
0.313049
1.0
0.0140935
0.488874
0.186206
0.532777
0.251858
1.0
0.0137723
0.433363
0.273944
0.551683
0.452801
1.0
0.0136393
0.265832
0.953976
0.311826
0.999535
1.0
0.0135466
0.513891
0.282059
0.559312
0.350217
1.0
0.0135094
-6.93444e-05
0.681235
0.0540242
0.813258
1.0
0.0134455
0.290799
0.924429
0.339099
0.985023
1.0
0.0134211
0.387057
0.308137
0.444965
0.389839
1.0
0.0133779
0.53897
0.202251
0.631289
0.345841
1.0
0.0133742
0.268713
0.520535
0.310736
0.581034
1.0
0.013363
0.663063
0.956238
0.704116
0.997053
1.0
0.013296
-0.000805944
0.41627
0.0567373
0.571438
1.0
0.0129933
0.366138
0.382885
0.413953
0.451071
1.0
0.012985
0.0021843
0.748934
0.0319721
0.812622
1.0
0.0128171
0.321651
0.380857
0.414445
0.517294
1.0
0.0127596
0.262168
0.891532
0.358585
1.00125
1.0
0.0125458
0.260823
0.784893
0.352479
0.919707
1.0
0.0125429
0.464262
0.184468
0.510031
0.253105
1.0
0.0125094
0.268541
0.349325
0.358735
0.481586
1.0
0.012419
0.00173611
0.51518
0.0348892
0.59578
1.0
0.0123767
0.434389
0.248654
0.489717
0.327332
1.0
0.0120403
0.53991
0.249885
0.581313
0.309743
1.0
0.0120261
0.53725
0.27552
0.6357
0.428542
1.0
0.0119579
0.511454
0.338749
0.611011
0.49117
1.0
0.0117766
0.28623
0.544466
0.338244
0.617648
1.0
0.0117311
0.00208057
0.681965
0.0313829
0.74713
1.0
0.0117098
0.348653
0.159003
0.448307
0.313158
1.0
0.0115581
0.267451
0.791198
0.307902
0.844258
1.0
0.0115458
0.270749
0.495891
0.308714
0.547774
1.0
0.0115145
0.291621
0.792842
0.329614
0.845003
1.0
0.0114724
0.367812
0.282222
0.414621
0.346669
1.0
0.0114272
0.12679
0.52663
0.157272
0.574092
1.0
0.0113452
0.143279
0.529333
0.174673
0.575389
1.0
0.0112489
0.407451
0.370192
0.466693
0.451908
1.0
0.0109988
0.249781
0.525316
0.285654
0.57698
1.0
0.0109954
0.0753664
0.588607
0.105006
0.642613
1.0
0.0109613
0.487006
0.310094
0.540034
0.385571
1.0
0.0109063
0.267505
0.822924
0.309497
0.87814
1.0
0.0108688
0.509399
0.530716
0.621579
0.683857
1.0
0.0108588
0.240574
0.956342
0.286141
1.00081
1.0
0.0108467
0.0125999
0.94357
0.0555187
0.995583
1.0
0.0108021
0.221307
0.423594
0.310632
0.548157
1.0
0.0107627
0.242439
0.662298
0.334101
0.809421
1.0
0.010745
0.221656
0.527046
0.253313
0.574312
1.0
0.0107357
0.577361
0.526312
0.687218
0.680658
1.0
0.0106897
0.00279254
0.450164
0.032219
0.520708
1.0
0.0106604
0.221684
0.49698
0.253249
0.541047
1.0
0.0106604
0.316432
0.823737
0.354068
0.876385
1.0
0.0105488
0.0952928
0.49266
0.126012
0.541693
1.0
0.0104845
0.292231
0.459299
0.335457
0.517043
1.0
0.0104725
0.339328
0.385683
0.387895
0.451571
1.0
0.010463
0.337547
0.450952
0.388454
0.519738
1.0
0.010413
0.146172
0.465156
0.176037
0.50708
1.0
0.010367
0.0111863
0.645739
0.048079
0.714721
1.0
0.0103253
0.515147
0.21673
0.559029
0.283358
1.0
0.0102924
0.317945
0.420268
0.360935
0.476881
1.0
0.0102662
0.290497
0.823763
0.331356
0.879568
1.0
0.0102588
0.267567
0.720403
0.307774
0.774403
1.0
0.01024
0.411666
0.135676
0.514578
0.285032
1.0
0.0102367
0.256267
0.288488
0.435949
0.561407
1.0
0.0102316
0.00403258
0.91902
0.0373526
0.983574
1.0
0.010227
0.0992184
0.523494
0.128091
0.570195
1.0
0.0102033
0.329635
0.266893
0.440452
0.425062
1.0
0.0101385
0.717002
0.956655
0.756781
0.998095
1.0
0.0101083
0.2551
0.584772
0.360085
0.748327
1.0
0.0101077
0.310609
0.513886
0.361656
0.582441
1.0
0.010106
0.232292
0.538446
0.328344
0.682237
1.0
0.0100898
0.11971
0.495634
0.194538
0.615387
1.0
0.0100695
0.385856
0.253297
0.438657
0.322821
1.0
0.0100643
0.320231
0.454051
0.428968
0.58952
1.0
0.0100136
0.317745
0.791804
0.354346
0.844107
