1.0
0.0523061
0.0538013
0.305999
0.493169
0.937945
1.0
0.0366439
0.244458
0.341286
0.45577
0.717021
1.0
0.0289196
0.564484
-0.00691912
1.00271
0.743069
1.0
0.0250829
0.736625
0.669891
1.0266
1.00796
1.0
0.0246693
0.00122064
0.680658
0.378374
1.00793
1.0
0.0218002
-0.000528261
0.668316
0.127319
0.948574
1.0
0.0182311
-0.00184181
0.600904
0.0573004
0.74826
1.0
0.0182285
0.249839
0.0192555
0.774333
0.461414
1.0
0.0181283
0.214418
0.263256
0.318334
0.417207
1.0
0.0178554
0.217532
0.468166
0.304598
0.62527
1.0
0.0162898
0.20784
0.700307
0.636639
1.02378
1.0
0.0157581
0.261914
0.47857
0.367883
0.657394
1.0
0.0155847
0.251204
0.203242
0.369748
0.353495
1.0
0.015554
0.224718
0.168599
0.452368
0.457522
1.0
0.0152418
0.239091
0.333261
0.355332
0.517991
1.0
0.0142701
0.242003
0.60661
0.334035
0.741366
1.0
0.0141468
0.263752
0.650141
0.308873
0.714296
1.0
0.0140041
0.00181148
0.708789
0.0354533
0.785702
1.0
0.0138925
0.53057
0.861976
0.650658
1.00031
1.0
0.0135035
0.262427
0.347183
0.310194
0.418188
1.0
0.0133323
0.240138
0.546474
0.282372
0.608964
1.0
0.0127967
0.26087
0.520365
0.303728
0.581844
1.0
0.012731
0.287758
0.653411
0.334172
0.715411
1.0
0.0126528
0.514955
0.950323
0.558859
1.00003
1.0
0.012535
0.213397
0.670095
0.318108
0.819512
1.0
0.0125324
0.00872092
0.743464
0.0487974
0.820158
1.0
0.0123957
0.28448
0.559421
0.390632
0.719987
1.0
0.0123481
0.105125
0.681664
0.19276
0.835119
1.0
0.0122666
0.198198
0.565537
0.286736
0.718228
1.0
0.0121454
0.172987
0.505711
0.382446
0.804083
1.0
0.0119905
0.141429
0.75591
0.181324
0.817593
1.0
0.0118497
0.263101
0.413744
0.310673
0.485311
1.0
0.0118175
0.2849
0.312421
0.336953
0.38458
1.0
0.0117098
0.24274
0.619964
0.287723
0.680713
1.0
0.0116592
0.360444
0.270344
0.499267
0.426161
1.0
0.0115758
0.46404
0.695111
0.885593
1.01116
1.0
0.0114148
0.46713
0.87655
0.566737
0.998738
1.0
0.0112857
0.220139
0.489045
0.256143
0.545228
1.0
0.0111646
0.264129
0.249071
0.310021
0.316217
1.0
0.0110437
0.356453
0.132446
0.471599
0.278746
1.0
0.0109108
0.00688159
0.693584
0.0712379
0.855318
1.0
0.010798
0.349876
0.424188
0.568898
0.769023
1.0
0.0107925
0.261632
0.484076
0.307689
0.54942
1.0
0.010768
0.239891
0.313701
0.286274
0.382696
1.0
0.0107284
0.448242
0.265077
0.563724
0.420206
1.0
0.0106942
0.325653
0.50846
0.445028
0.698229
1.0
0.010607
0.221144
0.290669
0.256784
0.343927
1.0
0.010578
0.565722
0.956574
0.609012
1.00213
1.0
0.0105012
0.240186
0.582533
0.283778
0.646284
1.0
0.0104893
0.287176
0.384169
0.337216
0.455842
1.0
0.0104716
0.0731278
0.718634
0.107992
0.780583
1.0
0.0104712
0.00907025
0.0106414
0.377969
0.429954
1.0
0.0103599
0.303002
0.168038
0.423663
0.317422
1.0
0.0103325
0.238691
0.713834
0.287964
0.780723
1.0
0.010316
0.493592
0.916593
0.540272
0.984091
1.0
0.0103159
0.310198
0.347448
0.361576
0.421498
1.0
0.010157
0.466395
0.955804
0.508628
1.00217
1.0
0.0101308
-0.000202283
0.780652
0.0597205
0.91649
1.0
0.0101129
0.401408
0.756137
0.514509
0.910747
1.0
0.0101062
0.0125052
0.943918
0.0566055
0.99632
