1.0
0.366967
0.336084
0.258683
0.612542
0.742338
1.0
0.0975492
0.585257
0.305047
1.01625
1.00954
1.0
0.0355915
0.747419
0.672799
1.0226
1.01432
1.0
0.0289827
0.0528361
-0.0036701
0.56809
0.876995
1.0
0.0269232
0.32522
0.464777
0.705948
1.03061
1.0
0.025061
0.424163
0.0698859
0.904367
0.711132
1.0
0.0247992
-0.000863492
0.681386
0.367845
1.00214
1.0
0.0233285
0.359648
0.365057
0.474182
0.563239
1.0
0.0192309
-5.49555e-05
0.592435
0.0590286
0.751727
1.0
0.0152764
0.338186
0.286947
0.453701
0.468036
1.0
0.013896
0.463694
0.481766
0.512111
0.551053
1.0
0.0137637
0.501622
0.383761
0.614338
0.57248
1.0
0.0130206
0.435725
0.494165
0.565365
0.709504
1.0
0.0127335
0.309638
0.538665
0.399786
0.696991
1.0
0.0127108
0.0017895
0.709304
0.0353334
0.786452
1.0
0.0126923
0.963776
0.255374
0.995095
0.308071
1.0
0.0125151
0.304312
0.139748
0.414835
0.288823
1.0
0.0124421
0.287278
0.194187
0.495972
0.533676
1.0
0.0122104
0.365186
0.385647
0.41395
0.450305
1.0
0.0118985
0.00225739
0.577158
0.0351259
0.658798
1.0
0.0118953
0.524506
0.52544
0.63908
0.704142
1.0
0.0115003
0.303398
0.621895
0.413588
0.787722
1.0
0.0114647
0.335704
0.583154
0.380236
0.652557
1.0
0.0114408
0.422204
0.342748
0.540006
0.534018
1.0
0.0113914
0.000838879
0.478477
0.059809
0.634958
1.0
0.0112776
0.144862
0.689002
0.180814
0.74543
1.0
0.0111936
0.438799
0.45108
0.490441
0.523913
1.0
0.0111143
0.317464
0.0672213
0.450637
0.207441
1.0
0.0109609
0.390716
0.271062
0.515552
0.432782
1.0
0.0109384
0.552993
0.280044
0.655947
0.443477
1.0
0.0109185
0.204739
0.674097
0.313602
0.828334
1.0
0.0108441
0.118479
0.674829
0.202553
0.822368
1.0
0.0107597
0.171592
0.721506
0.205714
0.778083
1.0
0.010719
0.485525
0.457324
0.532139
0.523821
1.0
0.0106118
0.964786
0.290666
0.995638
0.34264
1.0
0.0105693
0.238973
0.00319302
0.660696
0.396145
1.0
0.010292
0.485141
0.550537
0.53515
0.624747
1.0
0.0102644
0.336498
0.642425
0.385839
0.716686
1.0
0.0102554
0.469564
0.789434
0.702251
1.03949
1.0
0.0102171
0.346094
0.491692
0.441637
0.665188
1.0
0.0101246
0.170259
0.694701
0.203748
0.746517
1.0
0.0101067
-0.00361945
0.785868
0.161465
1.02234
