1.0
0.0856891
0.254422
0.300499
0.604276
0.922017
1.0
0.0642062
0.527642
0.240401
0.994396
0.967788
1.0
0.042815
0.248152
0.32483
0.4521
0.655223
1.0
0.0263416
0.114511
0.710107
0.587788
1.03099
1.0
0.0240087
0.743467
0.633384
1.03112
1.00231
1.0
0.0238273
0.269967
0.451179
0.353719
0.602761
1.0
0.0211484
0.270997
0.45687
0.307516
0.516199
1.0
0.0204535
0.265339
0.394729
0.303507
0.45625
1.0
0.0204021
0.00277436
0.0918326
0.488772
0.944228
1.0
0.0203807
0.280955
0.279408
0.400397
0.443496
1.0
0.0191308
0.281674
0.36859
0.389885
0.543013
1.0
0.0174714
0.310895
0.444915
0.418583
0.62733
1.0
0.0170219
0.250424
0.353069
0.334983
0.506128
1.0
0.0167934
-0.00618568
0.677644
0.308714
1.0066
1.0
0.0163897
0.300436
0.201136
0.428613
0.352484
1.0
0.015878
0.292553
0.509409
0.332849
0.572714
1.0
0.0158741
0.315388
0.617007
0.359102
0.676414
1.0
0.0155106
-0.000351263
0.665075
0.0547751
0.799861
1.0
0.0148414
0.266831
0.567223
0.361093
0.719998
1.0
0.0145279
0.31036
0.385036
0.358523
0.455567
1.0
0.0140048
0.335287
0.0915085
0.827007
0.679034
1.0
0.0139647
0.308374
0.314179
0.362267
0.390503
1.0
0.0137303
0.184505
0.439326
0.376001
0.758879
1.0
0.0132984
0.269492
0.58629
0.311495
0.645723
1.0
0.0127654
0.392691
0.199581
0.52973
0.356908
1.0
0.0126755
0.250546
0.418123
0.287151
0.476018
1.0
0.0126068
0.266366
0.352509
0.30619
0.416664
1.0
0.0124979
0.333782
0.344936
0.447422
0.516303
1.0
0.0123896
0.20836
0.643711
0.313543
0.79557
1.0
0.0123081
0.35891
0.546932
0.482172
0.723093
1.0
0.0123069
0.253137
0.185554
0.49586
0.473869
1.0
0.012156
0.285867
0.38939
0.332475
0.45724
1.0
0.0120617
0.291321
0.542261
0.333422
0.608523
1.0
0.0118272
0.309816
0.45515
0.352838
0.517861
1.0
0.0115616
0.0122794
0.943269
0.0558578
0.995192
1.0
0.011254
0.117633
0.650112
0.210254
0.802613
1.0
0.0109809
0.21472
0.52447
0.312104
0.684474
1.0
0.0109059
0.00170293
0.740552
0.0343416
0.811496
1.0
0.0108163
0.222274
0.454419
0.255116
0.50407
1.0
0.0106571
0.0734198
0.715857
0.107021
0.777531
1.0
0.0106256
0.222242
0.392922
0.254844
0.444296
1.0
0.0103605
0.343638
0.150458
0.475124
0.293946
1.0
0.0103207
0.287698
0.645395
0.339047
0.715821
1.0
0.0101262
0.0655284
0.705905
0.155228
0.86809
1.0
0.0101154
0.364633
0.412955
0.418352
0.492784
1.0
0.0100944
0.303758
0.592794
0.422346
0.748375
