1.0
0.109782
0.322887
0.276116
0.529483
0.566512
1.0
0.0507492
0.269786
0.279091
0.67264
0.908017
1.0
0.0348747
0.542759
0.256145
0.991096
0.998924
1.0
0.0336096
0.316067
0.251987
0.426373
0.416686
1.0
0.031429
0.316455
0.39185
0.435116
0.53805
1.0
0.0301696
0.381489
0.21154
0.493979
0.385951
1.0
0.0301018
0.0333872
0.513002
0.453198
1.06326
1.0
0.028266
0.408671
0.375279
0.464704
0.461658
1.0
0.0275483
-0.000144802
0.5423
0.0516543
0.677102
1.0
0.0274128
0.265777
0.493519
0.36494
0.632334
1.0
0.0272092
0.31734
0.45072
0.361575
0.513291
1.0
0.0262634
0.359771
0.409294
0.413411
0.483481
1.0
0.0245616
0.730441
0.660509
1.02485
1.00616
1.0
0.023973
0.312948
0.945208
0.358516
0.995021
1.0
0.0228295
0.275976
0.418134
0.373765
0.550616
1.0
0.0228192
0.448009
0.282703
0.548803
0.439884
1.0
0.0213661
0.439235
0.313962
0.488791
0.391244
1.0
0.0213305
0.414953
0.508561
0.469444
0.583831
1.0
0.0213113
0.410218
0.31585
0.461703
0.3955
1.0
0.0208509
0.561019
0.49369
0.655858
0.619456
1.0
0.0205751
0.309973
0.468852
0.434145
0.616629
1.0
0.0204628
0.315476
0.387126
0.363806
0.453539
1.0
0.0202568
0.384228
0.433093
0.497657
0.597312
1.0
0.0202558
0.432341
0.359258
0.551552
0.535255
1.0
0.0194364
0.283466
0.339857
0.385802
0.485208
1.0
0.019349
0.362312
0.476211
0.415975
0.548914
1.0
0.0191128
0.362132
0.310565
0.414793
0.39076
1.0
0.0183934
0.339699
0.382914
0.394918
0.460003
1.0
0.0181897
0.291598
0.48396
0.337771
0.547082
1.0
0.0181078
0.230102
0.543663
0.321773
0.679211
1.0
0.017619
0.386587
0.439713
0.442815
0.519319
1.0
0.0175394
0.286671
0.517547
0.333625
0.587634
1.0
0.0172901
0.484331
0.466103
0.593983
0.619762
1.0
0.0172163
0.316261
0.279003
0.360225
0.347908
1.0
0.0169142
0.296223
0.42178
0.337402
0.47962
1.0
0.0169058
0.456026
0.376013
0.507986
0.454297
1.0
0.0168499
0.487577
0.379056
0.533625
0.446838
1.0
0.0166142
0.518293
0.281566
0.61018
0.41912
1.0
0.0163561
0.335144
0.476235
0.386514
0.545522
1.0
0.0161175
0.248088
0.526999
0.282703
0.579088
1.0
0.0161102
0.340793
0.513269
0.389716
0.580837
1.0
0.01607
0.295867
0.38659
0.33697
0.447241
1.0
0.0160513
0.223659
0.420602
0.309514
0.550272
1.0
0.015903
0.266941
0.954318
0.311443
0.998595
1.0
0.0158629
0.387543
0.346341
0.441894
0.430469
1.0
0.0158166
0.313782
0.348141
0.362211
0.415129
1.0
0.0158022
0.26925
0.550935
0.315462
0.61964
1.0
0.0155027
0.308597
0.577499
0.415781
0.722099
1.0
0.0153356
0.000107467
0.675244
0.0527778
0.807063
1.0
0.0151617
0.414381
0.243099
0.468044
0.323703
1.0
0.0150972
0.360455
0.524217
0.472718
0.676666
1.0
0.0149471
0.513791
0.414873
0.612164
0.548701
1.0
0.0149101
0.271202
0.490416
0.309209
0.54482
1.0
0.014907
0.539952
0.451419
0.583082
0.512145
1.0
0.0147918
-0.000437975
0.420296
0.056164
0.561253
1.0
0.0147675
0.311775
0.512973
0.358107
0.579378
1.0
0.0147314
0.29697
0.904085
0.39436
1.00412
1.0
0.0146872
0.45464
0.510946
0.506039
0.581937
1.0
0.0146847
0.661104
0.621493
0.7516
0.758079
1.0
0.0146652
0.245217
0.454228
0.281956
0.50855
1.0
0.0146506
0.26914
0.455765
0.306985
0.511334
1.0
0.0145651
0.283597
0.226583
0.371043
0.357197
1.0
0.014466
0.487915
0.210135
0.578797
0.350615
1.0
0.0144502
0.302054
0.25551
0.338156
0.313258
1.0
0.0144128
0.619946
0.65623
0.704587
0.790269
1.0
0.0143907
0.769603
0.56085
0.851131
0.680122
1.0
0.014141
0.430927
0.401999
0.486475
0.487781
1.0
0.0141345
0.24039
0.957494
0.282929
0.999456
1.0
0.0140999
0.4885
0.44615
0.536255
0.514004
1.0
0.0140187
0.362225
0.251645
0.409079
0.323011
1.0
0.0138771
0.307418
0.549925
0.356717
0.6195
1.0
0.0138327
0.512147
0.540378
0.62151
0.680959
1.0
0.0137173
0.587232
0.520158
0.636893
0.585887
1.0
0.0136828
0.36459
0.956594
0.404694
0.999186
1.0
0.0136427
0.490758
0.317364
0.534384
0.385784
1.0
0.0136112
0.26088
0.59646
0.361187
0.747817
1.0
0.013558
0.455707
0.437673
0.511647
0.521068
1.0
0.0134854
0.143863
0.528462
0.172992
0.574946
1.0
0.0134634
0.667564
0.54977
0.756364
0.686729
1.0
0.0134511
0.540425
0.350113
0.634658
0.484818
1.0
0.0134328
0.573076
0.682796
0.672245
0.819255
1.0
0.0134296
0.4287
0.475842
0.489275
0.560925
1.0
0.0133997
0.247602
0.58338
0.286085
0.64208
1.0
0.0133475
0.254241
0.282503
0.343736
0.416384
1.0
0.0133329
0.00217008
0.646098
0.0333646
0.718351
1.0
0.0133141
0.391629
0.546281
0.441996
0.614808
1.0
0.0132687
0.338349
0.281337
0.389212
0.356997
1.0
0.0132651
0.604192
0.52009
0.698272
0.654004
1.0
0.0132512
0.286246
0.572417
0.333374
0.640397
1.0
0.0131699
0.364051
0.544969
0.413505
0.613738
1.0
0.0131402
0.245187
0.390758
0.279698
0.441163
1.0
0.0130681
0.120366
0.490035
0.195767
0.614868
1.0
0.0129325
0.195733
0.32867
0.223202
0.370563
1.0
0.0128797
0.00131981
0.51791
0.0333871
0.592033
1.0
0.0128785
0.457587
0.248341
0.505514
0.323714
1.0
0.0127682
0.794134
0.626862
0.826932
0.671599
1.0
0.0127451
0.0709857
0.416257
0.144571
0.545349
1.0
0.0127304
0.246965
0.48942
0.283486
0.541668
1.0
0.0127048
0.32192
0.227303
0.357437
0.280548
1.0
0.0126444
0.244807
0.324446
0.277789
0.371645
1.0
0.0126121
0.427832
0.485354
0.529657
0.640969
1.0
0.0125553
0.270094
0.424495
0.305212
0.476189
1.0
0.0124269
0.0957395
0.424514
0.125106
0.47245
1.0
0.0124021
0.196301
0.588618
0.228395
0.637548
1.0
0.0123964
0.147993
0.463765
0.174845
0.507401
1.0
0.0123283
0.433919
0.541975
0.484217
0.609048
1.0
0.0123109
0.222128
0.526991
0.25366
0.575793
1.0
0.0122896
0.296146
0.318308
0.337866
0.382098
1.0
0.0122894
0.820844
0.626716
0.852499
0.670036
1.0
0.0122695
0.00218516
0.484563
0.031855
0.550228
1.0
0.012269
0.3658
0.582253
0.409879
0.642476
1.0
0.0122449
0.391842
0.187756
0.437929
0.250258
1.0
0.012206
0.0961661
0.593509
0.126189
0.642691
1.0
0.012142
0.964787
0.693196
0.996001
0.746617
1.0
0.0120953
0.340393
0.583041
0.385685
0.644337
1.0
0.0120865
0.688266
0.675901
0.775829
0.809674
1.0
0.0120623
0.290053
0.717944
0.32785
0.771202
1.0
0.0120098
0.723793
0.616081
0.813473
0.746137
1.0
0.0119545
0.825955
0.466879
0.853875
0.504879
1.0
0.0118893
0.270602
0.39109
0.304968
0.442486
1.0
0.0118623
0.56125
0.570862
0.663958
0.719038
1.0
0.0118335
0.775233
0.624506
0.809467
0.671597
1.0
0.0117991
0.22465
0.281864
0.411617
0.576778
1.0
0.0117368
0.218791
0.957533
0.256777
0.997227
1.0
0.0117285
0.197269
0.560652
0.230602
0.612375
1.0
0.011681
0.0966441
0.45863
0.125146
0.507137
1.0
0.0116385
0.7972
0.336196
0.82349
0.372648
1.0
0.0116242
0.824353
0.596274
0.854693
0.638798
1.0
0.0116194
0.586081
0.41838
0.678882
0.546917
1.0
0.0116189
0.467959
0.591617
0.508953
0.650855
1.0
0.0116035
0.386103
0.283417
0.43638
0.359402
1.0
0.0115986
0.611177
0.548071
0.657066
0.611644
1.0
0.0115719
0.343675
0.167677
0.444522
0.297737
1.0
0.0115529
0.0751833
0.588352
0.10518
0.640953
1.0
0.0115481
0.145934
0.494437
0.174434
0.540011
1.0
0.0115302
0.292066
0.654062
0.332227
0.711254
1.0
0.0115276
0.3423
0.655889
0.385347
0.712928
1.0
0.0115167
0.768255
0.691267
0.851686
0.809055
1.0
0.0114883
0.196379
0.460921
0.227331
0.50967
1.0
0.0114778
0.0952481
0.658798
0.125529
0.707841
1.0
0.0114489
0.0117689
0.945495
0.0537949
0.996957
1.0
0.011397
0.149633
0.331575
0.174135
0.37051
1.0
0.0113758
0.171577
0.482582
0.254651
0.613334
1.0
0.0113603
0.0158232
0.466014
0.0884295
0.621229
1.0
0.0113602
0.595574
0.351987
0.685598
0.48034
1.0
0.0113316
0.935517
0.669922
0.99917
0.772864
1.0
0.0113163
0.548436
0.214855
0.63485
0.338644
1.0
0.0113138
0.570979
0.279067
0.661134
0.411664
1.0
0.011306
0.792348
0.612407
0.876634
0.73027
1.0
0.011296
0.666025
0.558554
0.704385
0.612161
1.0
0.0112884
0.79461
0.658867
0.826204
0.701783
1.0
0.0112848
0.617289
0.655616
0.66181
0.716093
1.0
0.0112823
0.223387
0.459174
0.25613
0.509165
1.0
0.0112343
0.221193
0.491307
0.253132
0.539428
1.0
0.0112233
0.075066
0.655775
0.105719
0.709278
1.0
0.0112187
0.143621
0.557506
0.174633
0.607096
1.0
0.0112162
0.771021
0.492548
0.854085
0.612123
1.0
0.0112137
0.219671
0.673214
0.309999
0.812433
1.0
0.0112037
0.826367
0.56309
0.856578
0.603929
1.0
0.0111952
0.127049
0.526972
0.156458
0.573638
1.0
0.011193
0.640563
0.451742
0.726011
0.578774
1.0
0.0111885
0.197568
0.524581
0.229505
0.574383
1.0
0.0110789
0.0954508
0.492733
0.124248
0.540343
1.0
0.0110557
0.267415
0.655259
0.307247
0.711455
1.0
0.0110445
0.454238
0.208571
0.651899
0.515977
1.0
0.0110313
0.222706
0.559823
0.254279
0.609879
1.0
0.011026
0.196358
0.492049
0.228939
0.542143
1.0
0.0110154
0.516897
0.381582
0.559628
0.445495
1.0
0.0109979
0.513865
0.586801
0.560688
0.647477
1.0
0.0109913
0.490966
0.253737
0.532378
0.315614
1.0
0.0109863
0.0966972
0.400283
0.123807
0.445693
1.0
0.0109609
-0.00162911
0.818895
0.0588782
0.952931
1.0
0.0109588
0.244404
0.655868
0.281144
0.709279
1.0
0.0109313
0.145714
0.591056
0.175621
0.638595
1.0
0.0109189
0.795216
0.600261
0.82593
0.643503
1.0
0.0108862
0.122507
0.621146
0.201111
0.758079
1.0
0.0108831
0.178211
0.33007
0.204174
0.369849
1.0
0.0108707
0.414304
0.578534
0.457329
0.640391
1.0
0.0108637
0.641304
0.690451
0.687646
0.754973
1.0
0.0108543
0.541771
0.390386
0.582159
0.448265
1.0
0.0108509
0.175118
0.462118
0.20301
0.506172
1.0
0.0108489
0.246153
0.424187
0.282515
0.4779
1.0
0.0108459
0.820249
0.658604
0.851573
0.700078
1.0
0.0108271
0.792366
0.729571
0.825177
0.773374
1.0
0.0108123
0.148231
0.39756
0.173715
0.43847
1.0
0.0108122
0.616298
0.49267
0.655631
0.545237
1.0
0.0107728
0.825613
0.494888
0.855205
0.534466
1.0
0.0107679
0.364242
0.217764
0.408444
0.278092
1.0
0.0107676
0.00139751
0.74616
0.0317823
0.810634
1.0
0.0107406
0.797511
0.363295
0.824994
0.401643
1.0
0.010719
0.0956669
0.727591
0.125454
0.775598
1.0
0.0107064
0.699106
0.484205
0.784143
0.613797
1.0
0.0106945
0.121923
0.425998
0.149963
0.471395
1.0
0.0106864
0.12392
0.460688
0.151561
0.506502
1.0
0.0106362
0.0989113
0.524462
0.126842
0.570115
1.0
0.0105923
0.25527
0.754692
0.345727
0.884065
1.0
0.0105748
0.570214
0.320598
0.606661
0.3726
1.0
0.0105684
0.668872
0.492029
0.703522
0.540434
1.0
0.0105661
0.797126
0.464934
0.824429
0.502929
1.0
0.0105587
0.717745
0.693629
0.755458
0.745754
1.0
0.0105579
0.267172
0.791229
0.306088
0.842549
1.0
0.0104773
0.145065
0.731562
0.174763
0.77798
1.0
0.0104382
0.17589
0.395172
0.202781
0.437362
1.0
0.0104363
0.245768
0.361137
0.27935
0.409014
1.0
0.0104287
0.221484
0.586971
0.254573
0.638693
1.0
0.0104152
0.124978
0.493156
0.154305
0.540642
1.0
0.0104104
0.0748871
0.491562
0.104194
0.543661
1.0
0.0103864
0.641705
0.555677
0.681624
0.611423
1.0
0.0103794
0.068993
0.682875
0.151574
0.825078
1.0
0.010377
0.121394
0.423035
0.196519
0.548311
1.0
0.0103678
0.268065
0.823097
0.308096
0.874586
1.0
0.0103347
0.176196
0.360635
0.203326
0.402511
1.0
0.0103066
0.197229
0.393368
0.226069
0.439239
1.0
0.010301
0.223109
0.319483
0.309131
0.448203
1.0
0.0102963
0.618665
0.716401
0.663758
0.774788
1.0
0.0102949
0.641227
0.527254
0.679556
0.579746
1.0
0.0102827
0.489484
0.601362
0.5902
0.739536
1.0
0.0102783
0.565735
0.489185
0.611784
0.552153
1.0
0.0102734
0.0756376
0.548058
0.152525
0.681877
1.0
0.0102728
0.317937
0.654289
0.358368
0.711764
1.0
0.0102642
0.825484
0.363816
0.85365
0.401996
1.0
0.0102175
0.272161
0.360133
0.304927
0.408081
1.0
0.010199
0.246171
0.724164
0.281613
0.773006
1.0
0.010192
0.798012
0.399401
0.824343
0.435984
1.0
0.0101731
-0.00143106
0.334538
0.054076
0.471735
1.0
0.0101613
0.647322
0.322046
0.728181
0.447831
1.0
0.0101262
0.271603
0.324339
0.305084
0.374613
1.0
0.0101147
0.567976
0.391915
0.607976
0.448114
1.0
0.0101063
0.592389
0.457907
0.632341
0.513432
1.0
0.0100824
0.659562
0.717371
0.702729
0.775563
1.0
0.0100693
0.270193
0.689007
0.309124
0.745361
1.0
0.0100465
0.290042
0.791801
0.328115
0.842216
1.0
0.0100164
0.201476
0.609837
0.288476
0.748234
1.0
0.0100118
0.597284
0.220199
0.6808
0.337996
1.0
0.0100006
0.776711
0.361526
0.805247
0.401211
