1.0
0.936366
0.405524
0.352512
0.5494
0.592213
1.0
0.088616
0.313494
0.316699
0.688
0.956593
1.0
0.0527752
0.728388
0.476554
1.02698
1.06549
1.0
0.0338915
-0.00833893
0.758975
0.240418
1.02099
1.0
0.0277584
0.028164
0.503877
0.371429
1.08173
1.0
0.027468
0.529713
0.402447
0.629552
0.562098
1.0
0.0246847
0.43434
0.498816
0.499006
0.590511
1.0
0.0231649
0.322383
0.577456
0.4258
0.730906
1.0
0.0231249
0.013171
0.948002
0.0570124
0.994369
1.0
0.0219066
0.582262
0.435455
0.670844
0.58166
1.0
0.0213798
0.329139
0.406609
0.4194
0.550186
1.0
0.0210398
0.393814
0.412835
0.440004
0.485394
1.0
0.0200343
0.810646
0.554361
0.851328
0.604387
1.0
0.01952
0.319943
0.283188
0.41457
0.430718
1.0
0.0194184
0.639145
0.448809
0.732197
0.592266
1.0
0.0192919
0.363757
0.534323
0.469696
0.690659
1.0
0.0192604
0.963583
0.523214
0.996885
0.582816
1.0
0.0189242
0.781673
0.525261
0.869516
0.630462
1.0
0.0188396
0.164706
0.957218
0.20952
0.997325
1.0
0.0184601
0.532219
0.43962
0.586447
0.515312
1.0
0.0183851
0.00364387
0.924154
0.039862
0.982354
1.0
0.0183087
0.27162
0.392751
0.305361
0.441796
1.0
0.0182921
0.224981
0.391439
0.313218
0.51159
1.0
0.0181117
0.243145
0.558635
0.281114
0.606485
1.0
0.0179489
0.869115
0.55298
0.905657
0.601179
1.0
0.0179354
0.374153
0.318572
0.4856
0.50474
1.0
0.0178194
0.267563
0.559141
0.303485
0.605118
1.0
0.0177737
0.667918
0.515537
0.767602
0.654631
1.0
0.0176347
0.772042
0.548557
0.812263
0.602762
1.0
0.017555
0.961941
0.948504
0.999414
0.997312
1.0
0.0173757
0.505222
0.500469
0.613966
0.656858
1.0
0.01736
0.41081
0.383322
0.463344
0.464247
1.0
0.0171965
0.554196
0.552429
0.653716
0.704293
1.0
0.0170481
0.27067
0.388748
0.362383
0.520374
1.0
0.0170034
0.248802
0.394309
0.282776
0.444201
1.0
0.0168828
0.461047
0.317993
0.514312
0.400273
1.0
0.0168713
0.922165
0.457632
0.99826
0.606849
1.0
0.0168153
0.118235
0.960472
0.159392
0.998781
1.0
0.0167684
0.369519
0.45134
0.410881
0.513564
1.0
0.0167464
0.941447
0.549282
0.987395
0.60936
1.0
0.0164907
0.371475
0.419862
0.412226
0.480123
1.0
0.0160395
0.507435
0.382769
0.558251
0.466891
1.0
0.0160334
0.61116
0.420704
0.654137
0.489554
1.0
0.015903
0.465046
0.616936
0.510963
0.680085
1.0
0.0158909
0.539589
0.64552
0.640422
0.788222
1.0
0.0158816
0.589755
0.443144
0.640785
0.519171
1.0
0.015881
0.617487
0.548897
0.709169
0.691215
1.0
0.015745
0.06436
0.957986
0.106168
0.99918
1.0
0.0156592
0.310645
0.215939
0.402909
0.346635
1.0
0.0155462
0.215013
0.955093
0.260305
0.99963
1.0
0.015426
0.239872
0.522567
0.329021
0.645591
1.0
0.0154197
0.967061
0.490005
0.998665
0.551275
1.0
0.015405
0.84493
0.517908
0.935731
0.639212
1.0
0.0153104
0.45142
0.438163
0.515699
0.529999
1.0
0.0152313
0.391942
0.478712
0.438564
0.548746
1.0
0.0152134
0.663687
0.518454
0.707815
0.580366
1.0
0.015172
0.270926
0.533243
0.305395
0.57847
1.0
0.0151211
0.195229
0.888971
0.29135
0.997085
1.0
0.0151041
0.361662
0.223541
0.46138
0.361215
1.0
0.0150935
0.245456
0.444832
0.334027
0.57263
1.0
0.0150935
0.293348
0.521086
0.391753
0.659836
1.0
0.0150533
0.345148
0.389069
0.382766
0.446684
1.0
0.0150526
0.346303
0.422706
0.386247
0.483568
1.0
0.0149395
0.169149
0.391663
0.261535
0.517799
1.0
0.0148394
0.247362
0.453302
0.280297
0.504024
1.0
0.0148387
0.247335
0.425146
0.28084
0.475311
1.0
0.0148024
0.196339
0.395029
0.229854
0.446032
1.0
0.0147581
0.485794
0.348286
0.540189
0.432336
1.0
0.0146739
0.222794
0.394085
0.257263
0.445522
1.0
0.0146613
0.604814
0.674081
0.694261
0.814898
1.0
0.0145279
0.719088
0.714535
0.808216
0.853879
1.0
0.0145158
0.61283
0.477617
0.656879
0.546301
1.0
0.0145048
0.271951
0.453433
0.305079
0.502939
1.0
0.0143997
0.671766
0.637742
0.764331
0.786434
1.0
0.0143127
0.22358
0.425269
0.257173
0.475724
1.0
0.0143127
0.271595
0.424977
0.305167
0.474764
1.0
0.0142967
0.640687
0.517933
0.681755
0.578463
1.0
0.0142772
0.693189
0.521816
0.735869
0.578492
1.0
0.0141961
0.273597
0.490585
0.306151
0.53767
1.0
0.0141378
0.582639
0.686902
0.633922
0.750444
1.0
0.0139749
0.468591
0.292563
0.579791
0.467472
1.0
0.013953
0.665253
0.552656
0.709854
0.614914
1.0
0.0139494
0.14167
0.958854
0.185696
0.998201
1.0
0.0139342
0.533403
0.385725
0.584292
0.45918
1.0
0.0139274
0.282594
0.615824
0.371736
0.760797
1.0
0.0138639
0.19398
0.442121
0.284691
0.573976
1.0
0.0138257
0.173298
0.393724
0.207918
0.44754
1.0
0.0138225
0.725643
0.518451
0.820779
0.637926
1.0
0.013796
0.864515
0.820616
0.999952
0.99961
1.0
0.0137673
0.292938
0.527976
0.328951
0.577416
1.0
0.0137423
0.639947
0.454391
0.679798
0.514782
1.0
0.0137354
0.188121
0.955912
0.234625
1.0003
1.0
0.0137292
0.0896714
0.960234
0.132926
0.999612
1.0
0.0136265
0.195161
0.559834
0.231702
0.605439
1.0
0.0136198
0.967101
0.454386
0.999473
0.517963
1.0
0.013598
0.609962
0.38787
0.697921
0.531281
1.0
0.0135836
0.664379
0.488131
0.706117
0.547101
1.0
0.0135622
0.389403
0.582307
0.436942
0.653215
1.0
0.0135302
0.718446
0.525789
0.757297
0.579372
1.0
0.0135272
0.96388
0.581489
0.99875
0.643029
1.0
0.0135185
0.43769
0.284389
0.488004
0.356822
1.0
0.0135124
0.0401705
0.955687
0.0845197
0.998799
1.0
0.0134755
0.394812
0.351721
0.438652
0.426189
1.0
0.0134484
0.416495
0.469201
0.472359
0.552877
1.0
0.0134117
0.362144
0.224744
0.403925
0.28207
1.0
0.0133499
0.560572
0.44427
0.612691
0.518406
1.0
0.0133232
0.796651
0.622658
0.887262
0.751841
1.0
0.0133105
0.459288
0.384153
0.51637
0.464932
1.0
0.0133084
0.323998
0.358049
0.358268
0.413009
1.0
0.0132849
0.572175
0.373449
0.748447
0.65201
1.0
0.0131916
0.140218
0.823051
0.314112
1.02539
1.0
0.0131514
0.84208
0.58453
0.942482
0.727171
1.0
0.013118
0.0579649
0.392045
0.159722
0.533373
1.0
0.0131091
0.557557
0.32477
0.657247
0.477129
1.0
0.0130922
0.173697
0.423634
0.208516
0.478041
1.0
0.013086
0.31918
0.667343
0.417602
0.82706
1.0
0.0130793
0.0112601
0.793024
0.0533906
0.8529
1.0
0.0130624
0.415378
0.615013
0.461418
0.680987
1.0
0.0130407
0.324164
0.250804
0.360366
0.307536
1.0
0.0130093
0.591168
0.388825
0.636994
0.456684
1.0
0.0129549
0.665257
0.456043
0.705138
0.514189
1.0
0.0129323
0.963589
0.753446
0.998461
0.815785
1.0
0.0129261
0.142139
0.900649
0.242146
0.998436
1.0
0.012897
0.272141
0.36331
0.305943
0.413846
1.0
0.0128853
0.223178
0.559763
0.258712
0.603825
1.0
0.0128084
0.370608
0.322719
0.408611
0.386217
1.0
0.0127804
0.848735
0.534155
0.884133
0.578327
1.0
0.0127802
0.718307
0.555422
0.758545
0.610477
1.0
0.0127792
0.22258
0.453149
0.255755
0.503516
1.0
0.0127629
0.750689
0.528852
0.79069
0.580372
1.0
0.0127276
0.191481
0.547502
0.284414
0.677103
1.0
0.0127252
0.146532
0.3925
0.181487
0.445432
1.0
0.0127073
0.439055
0.348914
0.491578
0.428363
1.0
0.0126477
0.184133
0.432468
0.372788
0.715626
1.0
0.0126037
0.446849
0.504953
0.556362
0.67569
1.0
0.0126007
0.290762
0.557142
0.32929
0.608481
1.0
0.0125583
0.344324
0.519149
0.383769
0.576682
1.0
0.0125264
0.844357
0.556054
0.881281
0.602732
1.0
0.0125034
0.937446
0.401187
1.00229
0.527207
1.0
0.0124899
0.788293
0.53666
0.832003
0.588934
1.0
0.012486
0.869514
0.588244
0.907439
0.639697
1.0
0.0124528
0.966113
0.421278
0.997634
0.478997
1.0
0.0124417
0.477433
0.50288
0.535698
0.587915
1.0
0.0124356
0.11636
0.407952
0.214264
0.5489
1.0
0.012388
0.441143
0.577342
0.491896
0.647576
1.0
0.0123733
0.341112
0.226132
0.381355
0.283214
1.0
0.0123373
0.58703
0.585183
0.637538
0.654534
1.0
0.0123118
0.616634
0.550925
0.659
0.615491
1.0
0.0123092
0.294546
0.451279
0.330857
0.507597
1.0
0.0122505
0.291792
0.389389
0.327463
0.442991
1.0
0.0122473
0.0483626
0.899097
0.158079
1.00242
1.0
0.0122342
0.45265
0.54907
0.659118
0.871329
1.0
0.0122203
0.720937
0.452588
0.915473
0.719019
1.0
0.0121886
0.244643
0.58762
0.333192
0.727884
1.0
0.0121831
0.007777
0.905747
0.0872869
0.997301
1.0
0.0121558
0.368453
0.552662
0.413109
0.61592
1.0
0.0121544
0.537922
0.70197
0.943696
1.00344
1.0
0.0121494
0.561448
0.385293
0.60853
0.455327
1.0
0.0121356
0.369402
0.519247
0.411606
0.57947
1.0
0.0121061
0.365563
0.614967
0.415816
0.685485
1.0
0.0120557
0.324105
0.387521
0.359595
0.442483
1.0
0.0120452
0.692161
0.554144
0.737573
0.614386
1.0
0.0119854
0.317573
0.622644
0.362374
0.684406
1.0
0.0119709
0.867961
0.656753
0.909243
0.711681
1.0
0.0119327
0.608154
0.782228
0.698378
0.922901
1.0
0.0119146
0.174244
0.560674
0.208021
0.604646
1.0
0.0119038
0.323316
0.283678
0.358423
0.339396
1.0
0.0118272
0.816358
0.582021
0.854245
0.634288
1.0
0.0118143
0.346699
0.484913
0.386316
0.544753
1.0
0.0118012
0.920684
0.556965
0.960562
0.60743
1.0
0.0118003
0.173384
0.453505
0.206852
0.50583
1.0
0.0117954
0.246561
0.489212
0.279509
0.537402
1.0
0.0117615
0.253705
0.247326
0.440036
0.512012
1.0
0.0117589
0.314218
0.469557
0.494033
0.785778
1.0
0.0117582
0.869447
0.686605
0.909923
0.740132
1.0
0.0117529
0.417635
0.536897
0.472391
0.613939
1.0
0.0117477
0.195667
0.452766
0.230067
0.50611
1.0
0.0117413
0.414707
0.316657
0.464417
0.399162
1.0
0.0117368
0.966391
0.693551
0.998193
0.749317
1.0
0.0117285
0.893954
0.557333
0.931735
0.605406
1.0
0.0117092
0.817678
0.654068
0.857549
0.708504
1.0
0.0116703
0.294046
0.588059
0.332107
0.642709
1.0
0.0116601
0.570722
0.54488
0.762562
0.845276
1.0
0.0116432
0.342554
0.553679
0.385863
0.615235
1.0
0.0116252
0.588681
0.507903
0.639512
0.581334
1.0
0.0116146
0.194581
0.531762
0.229895
0.579488
1.0
0.0115803
0.147445
0.455049
0.180931
0.507407
1.0
0.011577
0.644201
0.71013
0.729882
0.851223
1.0
0.011525
0.342546
0.586154
0.38765
0.651344
1.0
0.0115061
0.195568
0.424174
0.230431
0.477271
1.0
0.0114981
0.482319
0.571281
0.587455
0.726762
1.0
0.0114846
0.267863
0.586154
0.304331
0.63777
1.0
0.0114411
0.963421
0.817996
0.999282
0.878
1.0
0.0114278
0.00219568
0.430774
0.074113
0.550617
1.0
0.011383
0.321143
0.450969
0.358843
0.507581
1.0
0.011383
0.00931055
0.848915
0.0527328
0.90878
1.0
0.01137
0.217866
0.920435
0.26787
0.980792
1.0
0.0113579
0.0113404
0.886409
0.0527508
0.945438
1.0
0.0112617
0.666485
0.654602
0.707476
0.711906
1.0
0.0112335
0.0156627
0.38789
0.056305
0.448427
1.0
0.0111983
0.143753
0.481558
0.235968
0.611095
1.0
0.0111958
0.915814
0.686358
0.999459
0.839537
1.0
0.0111881
0.057394
0.467595
0.156582
0.612595
1.0
0.0111578
0.26616
0.953239
0.30913
0.998622
1.0
0.0111533
0.855596
0.612326
1.00859
0.921548
1.0
0.0111498
0.147523
0.423915
0.183017
0.478837
1.0
0.0111452
0.642307
0.655979
0.681329
0.713054
1.0
0.011129
0.769653
0.720383
0.809244
0.778966
1.0
0.0111116
0.740595
0.585182
0.830734
0.719938
1.0
0.0110868
0.817447
0.689297
0.858249
0.745237
1.0
0.0110531
0.0651706
0.718462
0.157185
0.849705
1.0
0.0110506
0.222376
0.53419
0.257981
0.581137
1.0
0.0110389
0.96754
0.619659
0.999114
0.674882
1.0
0.0110104
0.907096
0.560581
0.997833
0.720431
1.0
0.0109978
0.820934
0.467037
0.914543
0.59121
1.0
0.0109907
0.791033
0.713165
0.887558
0.847064
1.0
0.0109461
0.0106438
0.758245
0.0520491
0.821226
1.0
0.0109307
0.245452
0.329195
0.33454
0.454125
1.0
0.0109154
0.509787
0.320269
0.557226
0.395773
1.0
0.0109063
0.504881
0.467895
0.560038
0.553084
1.0
0.0109039
0.640488
0.587139
0.682762
0.648561
1.0
0.0109035
0.640028
0.552093
0.681912
0.612853
1.0
0.0108841
0.793737
0.656
0.831715
0.709258
1.0
0.0108665
0.867351
0.624081
0.908345
0.678397
1.0
0.0108563
0.295276
0.488133
0.330478
0.540958
1.0
0.0108311
0.118758
0.392826
0.154754
0.447653
1.0
0.0108122
0.314432
0.683179
0.360948
0.748966
1.0
0.0108099
0.24317
0.585145
0.281067
0.638071
1.0
0.0107656
0.0942802
0.395162
0.128682
0.448925
1.0
0.0107581
0.365185
0.287315
0.405376
0.350311
1.0
0.0106309
0.482084
0.407286
0.543391
0.50046
1.0
0.0106141
-0.00086211
0.546158
0.0648468
0.668176
1.0
0.0105753
0.247475
0.361028
0.281413
0.411851
1.0
0.0105661
0.537986
0.317709
0.585975
0.388815
1.0
0.0105395
0.613467
0.350239
0.655736
0.417194
1.0
0.0105219
0.26831
0.658181
0.305552
0.709108
1.0
0.0105011
0.223324
0.488343
0.256685
0.536712
1.0
0.0104988
0.793372
0.577741
0.832654
0.631734
1.0
0.0104582
0.487721
0.65583
0.530895
0.708615
1.0
0.010441
0.344589
0.28572
0.382384
0.346537
1.0
0.0104363
0.791515
0.690007
0.831151
0.744909
1.0
0.0104296
0.00191906
0.584115
0.0355922
0.646211
1.0
0.010403
0.640834
0.620897
0.681996
0.679846
1.0
0.0103987
0.145553
0.527839
0.179431
0.575891
1.0
0.0103931
0.173256
0.528445
0.208016
0.57722
1.0
0.010384
0.238795
0.951513
0.286187
0.998969
1.0
0.0103694
0.549389
0.261205
0.927684
0.809075
1.0
0.0103576
0.717818
0.718753
0.75693
0.7775
1.0
0.0103347
0.22433
0.359163
0.256972
0.408907
1.0
0.0103344
0.248892
0.680311
0.33646
0.825503
1.0
0.0103206
0.769543
0.688525
0.807982
0.74619
1.0
0.0103064
0.917722
0.492755
0.956414
0.546731
1.0
0.0103057
0.612907
0.656531
0.655725
0.718815
1.0
0.0103017
0.0703984
0.425023
0.107728
0.482957
1.0
0.0102494
0.764231
0.787338
0.807265
0.844465
1.0
0.0102191
0.31951
0.523201
0.358073
0.575536
1.0
0.0102009
0.241769
0.624328
0.281864
0.678312
1.0
0.0101679
0.718834
0.655934
0.759105
0.71486
1.0
0.0101656
0.967496
0.656908
0.999366
0.713601
1.0
0.010157
0.11792
0.423254
0.153978
0.479336
1.0
0.0101474
0.787402
0.789445
0.892571
0.920917
1.0
0.0101405
0.145033
0.560668
0.180296
0.60658
1.0
0.0101339
0.318019
0.557119
0.358957
0.611695
1.0
0.0101337
0.419683
0.5908
0.520795
0.736024
1.0
0.0101285
0.119185
0.455062
0.154038
0.509983
1.0
0.0101216
0.31759
0.588083
0.361871
0.650399
1.0
0.0101154
0.268541
0.62604
0.305205
0.677769
1.0
0.0101128
0.485846
0.28959
0.536987
0.359434
1.0
0.0101063
0.195308
0.591713
0.230002
0.637761
1.0
0.0100994
0.640787
0.718522
0.678721
0.773737
1.0
0.0100739
0.663019
0.619811
0.708559
0.68303
1.0
0.0100732
0.667974
0.719864
0.705488
0.774169
1.0
0.0100511
0.0923734
0.452324
0.128447
0.509839
1.0
0.0100305
0.894237
0.586667
0.9312
0.635622
1.0
0.0100255
0.194808
0.488476
0.229194
0.539498
1.0
0.0100232
0.00298964
0.816915
0.0381148
0.877561
1.0
0.0100189
0.715266
0.95796
0.758647
1.0002
