1.0
0.196036
0.191144
0.223881
0.689857
1.09058
1.0
0.0668434
0.671736
0.176651
1.02654
1.06032
1.0
0.037084
-0.0456365
0.446684
0.374098
1.11669
1.0
0.0318551
0.315009
0.183256
0.471962
0.432398
1.0
0.0284446
0.0233453
-0.0613935
0.513074
0.814425
1.0
0.0189973
0.894377
0.628203
0.923967
0.675504
1.0
0.0156278
0.895114
0.602174
0.923731
0.648056
1.0
0.0152798
0.341133
0.417343
0.388152
0.47872
1.0
0.0150118
-0.00121009
0.513754
0.0574864
0.665873
1.0
0.0149259
0.257848
0.446487
0.369531
0.595224
1.0
0.0142112
0.964972
0.522679
0.994077
0.575637
1.0
0.0136953
0.966416
0.558812
0.994881
0.610477
1.0
0.0136205
0.315541
0.33468
0.408672
0.486309
1.0
0.0135703
0.966287
0.587932
0.995457
0.643044
1.0
0.0134608
0.896188
0.657522
0.926551
0.706162
1.0
0.0134104
0.378143
0.0629836
0.849504
0.742598
1.0
0.0129579
0.317124
0.386037
0.359956
0.445113
1.0
0.0128668
0.360015
0.389468
0.405693
0.452338
1.0
0.0126696
0.93364
0.656157
0.998931
0.781982
1.0
0.0126588
0.00219654
0.572213
0.0353147
0.65094
1.0
0.0126002
0.363024
0.25254
0.41812
0.321322
1.0
0.0120064
0.318204
0.260573
0.356588
0.309627
1.0
0.0119038
0.317028
0.358293
0.357261
0.411939
1.0
0.0116941
0.318078
0.289333
0.357004
0.33752
1.0
0.0116884
0.144605
0.757112
0.179583
0.810686
1.0
0.0115984
0.213479
0.408942
0.312482
0.543653
1.0
0.0112134
0.319686
0.443988
0.43089
0.591357
1.0
0.0110868
0.319322
0.419062
0.36166
0.474573
1.0
0.0109483
0.525662
0.464091
0.655541
0.625965
1.0
0.0109287
0.964465
0.493308
0.99365
0.545715
1.0
0.0109104
0.316339
0.449273
0.364484
0.51497
1.0
0.0108262
0.965746
0.655612
0.995716
0.713574
1.0
0.01079
0.967353
0.622666
0.996089
0.677344
1.0
0.0107828
0.289327
0.452263
0.336757
0.514302
1.0
0.0107426
0.317045
0.320885
0.357561
0.374975
1.0
0.0107335
0.168029
0.952643
0.205375
0.996472
1.0
0.0106504
0.142343
0.879386
0.228505
0.992562
1.0
0.0105657
0.264164
0.34594
0.357302
0.485202
1.0
0.0105464
0.300267
0.269822
0.392414
0.413091
1.0
0.0105417
0.0020908
0.208198
0.0605258
0.354235
1.0
0.0105395
0.96572
0.688569
0.995612
0.745196
1.0
0.0103907
0.356684
0.443695
0.407046
0.511987
1.0
0.0103679
0.00337664
0.647182
0.0333742
0.714199
1.0
0.0102198
0.965324
0.752419
0.996838
0.813765
1.0
0.0102027
0.225999
0.493973
0.32702
0.639138
1.0
0.0102004
0.262549
0.518397
0.308287
0.581486
1.0
0.0101865
0.362543
0.311282
0.414048
0.379035
1.0
0.0101478
0.0131425
0.68167
0.0501519
0.751185
1.0
0.0101128
0.339236
0.354515
0.386416
0.417433
