1.0
0.0760602
0.512907
0.0653072
0.987801
0.867298
1.0
0.0418768
0.725812
0.711157
1.02465
1.02888
1.0
0.0385201
0.319612
0.333681
0.747819
0.991425
1.0
0.0321407
0.317986
0.625337
0.543276
0.900806
1.0
0.0303649
-0.0260638
0.662729
0.267558
1.00606
1.0
0.0258592
0.252622
0.609576
0.357769
0.755396
1.0
0.024897
0.209251
0.004255
0.87245
0.499822
1.0
0.0231714
0.313991
0.553472
0.424534
0.712833
1.0
0.0223375
0.195628
0.560684
0.402801
0.832185
1.0
0.0210463
0.283087
0.434076
0.496294
0.807096
1.0
0.0187881
0.217891
0.659117
0.323883
0.809268
1.0
0.0184793
0.322531
0.706144
0.440434
0.860146
1.0
0.0169831
0.294237
0.907418
0.386915
1.00541
1.0
0.0153498
0.364588
0.952813
0.411501
0.999455
1.0
0.0152418
0.338694
0.878876
0.450794
0.997587
1.0
0.0146779
0.343306
0.479806
0.452376
0.639072
1.0
0.0146214
0.167994
0.6781
0.272744
0.827092
1.0
0.0145224
0.313423
0.955119
0.360704
1.00094
1.0
0.0144364
0.282555
0.671233
0.337289
0.74916
1.0
0.0142474
0.339428
0.683932
0.388607
0.74911
1.0
0.0142048
0.31131
0.712934
0.359799
0.778578
1.0
0.0141732
0.375595
0.53745
0.489362
0.693026
1.0
0.0140357
0.311486
0.613201
0.362167
0.691612
1.0
0.0138201
0.112535
0.274612
0.213079
0.413788
1.0
0.0137924
0.239541
0.711092
0.290502
0.784069
1.0
0.0137511
0.238484
0.876635
0.347791
1.00092
1.0
0.012992
0.0767941
0.147848
0.299598
0.452445
1.0
0.0128763
0.258246
0.731907
0.371734
0.882683
1.0
0.0126836
0.360171
0.648542
0.410742
0.721041
1.0
0.0125715
0.360581
0.577321
0.415755
0.654544
1.0
0.0122215
0.367466
0.75237
0.491449
0.892381
1.0
0.0121805
0.313139
0.799641
0.429267
0.948836
1.0
0.0118821
0.360209
0.751007
0.412613
0.823958
1.0
0.0118773
0.394559
0.389284
0.59101
0.722846
1.0
0.0116522
0.0819269
0.525071
0.272961
0.85528
1.0
0.0113655
0.109848
0.676599
0.204159
0.83696
1.0
0.0113319
-0.00213136
0.596652
0.0567218
0.746013
1.0
0.01127
0.0613398
0.265627
0.158248
0.418284
1.0
0.0111112
0.6594
0.595719
0.771798
0.727574
1.0
0.0110359
0.482
0.421943
0.5734
0.588161
1.0
0.0110154
0.160401
0.243246
0.268547
0.384609
1.0
0.0109511
0.259785
0.744813
0.307983
0.815187
1.0
0.010822
0.411792
0.952412
0.460432
1.00026
1.0
0.0107917
0.120137
0.316565
0.15734
0.375806
1.0
0.0107586
0.015445
0.0474995
0.489367
0.651317
1.0
0.010679
0.204089
0.762016
0.310268
0.917178
1.0
0.0104701
0.140937
0.318393
0.180946
0.375726
1.0
0.0102825
0.528581
0.436213
0.635984
0.604506
1.0
0.0102148
0.287067
0.745173
0.336573
0.815325
1.0
0.0101406
0.679453
0.662634
0.803245
0.818577
