1.0
0.571513
0.401611
0.406205
0.581459
0.678245
1.0
0.046457
0.218937
0.373136
0.605236
0.952187
1.0
0.0458056
0.418074
0.448485
0.464444
0.516952
1.0
0.0376489
0.722871
0.616374
1.01797
1.03244
1.0
0.0298808
0.43438
0.420707
0.484966
0.497931
1.0
0.0281412
0.408555
0.372757
0.519868
0.538548
1.0
0.024401
0.415387
0.617479
0.524747
0.789773
1.0
0.0231979
0.863026
0.819381
0.912295
0.872373
1.0
0.0230198
0.00135124
0.733844
0.283342
0.99918
1.0
0.0222254
0.316231
0.614355
0.406128
0.745822
1.0
0.0219375
0.483687
0.447834
0.541688
0.525316
1.0
0.0210733
0.369549
0.599772
0.46985
0.752344
1.0
0.0204969
0.431658
0.569204
0.492753
0.651622
1.0
0.0201853
0.380854
0.527075
0.573959
0.859419
1.0
0.0200021
0.881199
0.947274
0.935821
0.998602
1.0
0.0199985
0.436566
0.642837
0.489794
0.716849
1.0
0.0198272
0.96198
0.949658
1.00116
0.999565
1.0
0.0196754
0.418135
0.550908
0.468958
0.622763
1.0
0.0196709
0.327101
0.655845
0.750849
1.00318
1.0
0.0196484
0.613264
0.618116
0.713764
0.755603
1.0
0.0194221
0.480881
0.391267
0.602218
0.557135
1.0
0.019061
0.513958
0.389503
0.561365
0.460095
1.0
0.0190154
0.531031
0.445905
0.586208
0.522214
1.0
0.0187924
0.488029
0.501694
0.610823
0.691599
1.0
0.0187082
0.435533
0.514362
0.490707
0.591237
1.0
0.0186684
0.378742
0.492573
0.488217
0.663993
1.0
0.0184053
0.605264
0.536962
0.702455
0.692708
1.0
0.0183349
0.813738
0.950479
0.867235
0.998679
1.0
0.017814
0.820924
0.916908
0.924592
1.00434
1.0
0.0176582
0.576445
0.477904
0.669649
0.63646
1.0
0.0173334
0.555072
0.595025
0.661756
0.754197
1.0
0.0171567
0.459321
0.382879
0.509779
0.46025
1.0
0.016792
0.401825
0.424261
0.441995
0.486961
1.0
0.0167158
0.924102
0.803457
1.00338
0.91409
1.0
0.0166744
0.586115
0.547532
0.631035
0.6139
1.0
0.0166329
0.397907
0.485013
0.437792
0.544483
1.0
0.0166183
0.669037
0.684706
0.713458
0.743487
1.0
0.0163568
0.484874
0.644445
0.537131
0.719056
1.0
0.0162601
0.65972
0.667144
0.756718
0.793841
1.0
0.0161504
0.434751
0.70523
0.490611
0.785954
1.0
0.0160584
0.828172
0.811764
0.944276
0.942868
1.0
0.0159466
0.482657
0.510472
0.540005
0.588843
1.0
0.015831
0.414025
0.680297
0.463107
0.75124
1.0
0.0156559
0.458644
0.475846
0.514611
0.554901
1.0
0.0155309
0.904402
0.911269
0.993832
1.00197
1.0
0.0154969
0.524534
0.403402
0.93345
0.965597
1.0
0.0153638
0.416159
0.6098
0.468689
0.680078
1.0
0.015203
0.769917
0.790951
0.877707
0.91527
1.0
0.0149916
0.324529
0.624588
0.362768
0.676451
1.0
0.0149403
0.660134
0.541765
0.758616
0.693676
1.0
0.014715
0.0114162
0.947182
0.0561722
0.998032
1.0
0.0146705
0.611055
0.522957
0.65306
0.584234
1.0
0.0145885
0.452987
0.603863
0.514459
0.684518
1.0
0.0145808
0.415723
0.393916
0.461441
0.464868
1.0
0.014354
0.614036
0.445804
0.709622
0.600389
1.0
0.014313
0.392156
0.650353
0.437538
0.715534
1.0
0.0142738
0.457826
0.675453
0.511666
0.755679
1.0
0.0142112
0.366372
0.697168
0.47117
0.855224
1.0
0.0141539
0.358556
0.409259
0.457483
0.567001
1.0
0.0140168
0.589114
0.652907
0.635104
0.715146
1.0
0.0139945
0.0953761
0.261611
0.124297
0.307959
1.0
0.0139374
0.535261
0.511303
0.591137
0.588049
1.0
0.0138645
0.51055
0.676341
0.562895
0.756234
1.0
0.0137741
0.278563
0.601525
0.489731
0.909828
1.0
0.0137285
0.452104
0.678166
0.555984
0.847736
1.0
0.0135528
0.960734
0.824345
1.0003
0.884838
1.0
0.0135487
0.819353
0.796367
0.863841
0.849077
1.0
0.0134058
0.439482
0.779901
0.486246
0.850139
1.0
0.0133681
0.563965
0.64842
0.608969
0.717005
1.0
0.0132512
0.394862
0.581869
0.441565
0.647006
1.0
0.0132239
0.377804
0.492438
0.412584
0.542868
1.0
0.0131485
0.00375479
0.219056
0.0347639
0.278177
1.0
0.0131455
0.392098
0.616651
0.438409
0.679863
1.0
0.0131101
0.365652
0.620931
0.407467
0.677603
1.0
0.0130626
0.0987174
0.18973
0.128688
0.240575
1.0
0.0130508
0.481356
0.574044
0.537514
0.653359
1.0
0.0130508
0.641543
0.661044
0.685643
0.71841
1.0
0.013017
0.615917
0.65599
0.660943
0.717645
1.0
0.0129904
0.960765
0.656685
0.995361
0.708186
1.0
0.0128404
0.063442
0.712137
0.168488
0.857798
1.0
0.0128122
0.506362
0.472681
0.565266
0.556305
1.0
0.0127769
0.0991282
0.207608
0.1718
0.338582
1.0
0.0127386
0.272176
0.587999
0.36766
0.71279
1.0
0.0126271
0.392775
0.714322
0.438943
0.780934
1.0
0.0125944
0.405308
0.755779
0.51148
0.918479
1.0
0.0125583
0.690375
0.667273
0.731701
0.720651
1.0
0.0124576
0.1232
0.193161
0.152646
0.242837
1.0
0.0123761
0.096025
0.293976
0.126036
0.340894
1.0
0.0123455
0.561562
0.482863
0.607822
0.554866
1.0
0.0123255
0.689851
0.48118
0.784606
0.620187
1.0
0.0122677
0.613873
0.492486
0.811338
0.778326
1.0
0.0122671
0.766892
0.95228
0.811529
0.996822
1.0
0.0122559
0.125191
0.220343
0.155664
0.270742
1.0
0.0122447
0.123154
0.294244
0.152508
0.340636
1.0
0.0121533
0.643075
0.522167
0.683353
0.580889
1.0
0.0121503
0.966714
0.754858
1.00081
0.807896
1.0
0.0121301
0.374692
0.520587
0.411134
0.574563
1.0
0.01201
0.453255
0.542137
0.514613
0.625404
1.0
0.0119963
0.909935
0.825256
0.960478
0.882133
1.0
0.0119636
0.461981
0.742534
0.513594
0.816321
1.0
0.0119355
0.565673
0.573428
0.609308
0.64608
1.0
0.0118412
0.588064
0.608712
0.635327
0.679257
1.0
0.0117958
0.373457
0.55681
0.410012
0.611028
1.0
0.0117797
0.504389
0.540524
0.5639
0.620125
1.0
0.0117333
0.374786
0.459931
0.410123
0.513001
1.0
0.011705
0.338685
0.647845
0.383056
0.713367
1.0
0.0116836
0.0017737
0.917425
0.0388185
0.982813
1.0
0.0116783
0.485126
0.710912
0.536252
0.788035
1.0
0.0116619
0.323668
0.472834
0.415129
0.622214
1.0
0.0116566
0.500561
0.659101
0.609316
0.821313
1.0
0.0116517
0.00442095
0.660104
0.032302
0.708213
1.0
0.0116464
0.00397492
0.58531
0.0343525
0.643064
1.0
0.0115771
0.442462
0.357432
0.487672
0.421139
1.0
0.0115401
0.83484
0.740882
0.942163
0.872566
1.0
0.0114647
0.78756
0.931267
0.839138
0.989826
1.0
0.0114458
0.581114
0.706201
0.688864
0.860625
1.0
0.0114298
0.965103
0.721688
0.999971
0.777901
1.0
0.0114256
0.587869
0.453884
0.6319
0.518559
1.0
0.0113918
0.688336
0.707758
0.732611
0.767449
1.0
0.011389
0.560279
0.421027
0.605521
0.488015
1.0
0.0113862
0.0748613
0.134205
0.150896
0.272307
1.0
0.0113737
0.00524856
0.724507
0.0336602
0.77418
1.0
0.0113502
0.964978
0.688503
0.997863
0.738259
1.0
0.0113323
0.845557
0.801894
0.890827
0.851383
1.0
0.0113295
0.962731
0.880632
1.00179
0.944435
1.0
0.0112207
0.369909
0.591054
0.409639
0.648189
1.0
0.0111651
0.00301393
0.821534
0.0364744
0.878701
1.0
0.0111315
0.265832
0.652438
0.364641
0.782643
1.0
0.011102
0.0206402
0.692175
0.0583142
0.745885
1.0
0.011095
0.216355
0.776225
0.443468
1.00633
1.0
0.0110708
0.96444
0.7912
1.00155
0.849213
1.0
0.0110313
0.513876
0.948534
0.556832
0.998366
1.0
0.0110179
0.124567
0.259535
0.153397
0.306745
1.0
0.0109811
0.320582
0.68356
0.363538
0.743463
1.0
0.0109753
0.762015
0.865693
0.886068
0.988991
1.0
0.0109709
0.706783
0.677554
0.813772
0.809978
1.0
0.0109703
0.0146188
0.186189
0.0527417
0.247254
1.0
0.0109611
0.414504
0.742918
0.462224
0.810232
1.0
0.0109312
0.613235
0.487956
0.656006
0.551509
1.0
0.0109112
0.37497
0.423367
0.408846
0.477027
1.0
0.010911
0.464965
0.871289
0.559546
0.997865
1.0
0.0108905
0.762175
0.719346
0.868118
0.84849
1.0
0.0108781
0.0671971
0.255685
0.142937
0.388838
1.0
0.0108494
0.642336
0.712068
0.688725
0.772568
1.0
0.0108467
0.708186
0.684926
0.751778
0.741353
1.0
0.0108094
0.587819
0.48844
0.632925
0.555454
1.0
0.0107651
0.00476937
0.69199
0.0340772
0.741722
1.0
0.0107553
0.0965812
0.222542
0.127052
0.272326
1.0
0.0107531
0.506715
0.610472
0.561549
0.686673
1.0
0.0106703
0.147761
0.258046
0.175982
0.303781
1.0
0.0106698
0.932072
0.695408
1.00566
0.805719
1.0
0.0106634
0.505742
0.512294
0.71271
0.82518
1.0
0.0106401
0.364759
0.650381
0.40847
0.713295
1.0
0.0106118
0.274217
0.624638
0.306979
0.668856
1.0
0.0105693
0.0100526
0.572345
0.441497
1.16796
1.0
0.010568
0.538602
0.612192
0.587909
0.68314
1.0
0.0105613
0.590252
0.715143
0.63551
0.776711
1.0
0.0105372
0.640297
0.58593
0.682126
0.645792
1.0
0.0105243
0.611319
0.581677
0.65548
0.647893
1.0
0.0105175
0.00283255
0.758433
0.0332702
0.810878
1.0
0.0104773
0.146242
0.196599
0.174594
0.243759
1.0
0.0103978
0.714019
0.518295
0.7557
0.578578
1.0
0.010375
0.692447
0.52277
0.7313
0.580518
1.0
0.0103694
0.123021
0.72286
0.15804
0.774981
1.0
0.0103561
0.884538
0.804033
0.934155
0.856119
1.0
0.0102855
0.096927
0.322729
0.125939
0.369819
1.0
0.0102689
0.270407
0.69267
0.307788
0.74522
1.0
0.0102523
0.398318
0.859744
0.513072
0.999687
1.0
0.0102522
0.794457
0.825019
0.83862
0.875952
1.0
0.0102344
0.563736
0.36505
0.754604
0.657615
1.0
0.0102195
0.00394365
0.884411
0.0378049
0.943039
1.0
0.0101986
0.270037
0.477927
0.363446
0.611035
1.0
0.010159
0.14604
0.22372
0.175553
0.271322
1.0
0.010136
0.216766
0.680972
0.312426
0.809123
1.0
0.0101013
0.297878
0.623725
0.335186
0.673769
1.0
0.0100759
0.64077
0.553698
0.681908
0.611281
1.0
0.0100576
0.487249
0.355444
0.534007
0.418927
1.0
0.0100372
0.17605
0.495246
0.205273
0.539424
1.0
0.0100054
0.792144
0.791752
0.835274
0.842799
