1.0
0.979909
0.38913
0.303432
0.534053
0.565098
1.0
0.18975
0.334185
0.293752
0.713832
0.90249
1.0
0.0369082
0.0106162
0.307591
0.433505
1.02583
1.0
0.0319437
0.809694
0.652017
0.854055
0.709158
1.0
0.0298282
0.865749
0.635807
0.908865
0.684926
1.0
0.0293245
0.745066
0.632794
0.786445
0.681983
1.0
0.0290374
0.823759
0.627639
0.910202
0.728255
1.0
0.0270947
0.392194
0.283766
0.437141
0.353303
1.0
0.0238829
0.566204
0.453863
0.976449
1.0066
1.0
0.023603
0.742336
0.621932
0.829002
0.729955
1.0
0.0232223
0.370528
0.265814
0.475998
0.435731
1.0
0.0230162
0.482489
0.370118
0.537674
0.459063
1.0
0.0221442
0.780978
0.649527
0.865133
0.762007
1.0
0.0220296
0.408429
0.445733
0.518169
0.6342
1.0
0.0201618
0.638579
0.521844
0.678447
0.573734
1.0
0.019993
0.799639
0.6819
0.840094
0.73851
1.0
0.0199391
0.612637
0.484064
0.702139
0.596904
1.0
0.0199315
0.882959
0.0617568
1.004
0.378233
1.0
0.0198238
0.680371
0.524255
0.883185
0.768169
1.0
0.0198093
0.459251
0.282705
0.510046
0.360559
1.0
0.0198051
0.483136
0.318366
0.53784
0.40154
1.0
0.0197556
0.374627
0.289557
0.413011
0.348788
1.0
0.0195156
0.558189
0.545801
0.65826
0.682811
1.0
0.019061
0.961958
0.181396
0.997884
0.255169
1.0
0.0188979
0.559138
0.71748
0.606536
0.77585
1.0
0.0188808
0.762578
0.649915
0.803728
0.703754
1.0
0.0186601
0.374269
0.385473
0.413498
0.447396
1.0
0.0179574
0.432622
0.499505
0.491919
0.585143
1.0
0.0179445
0.898543
0.856366
0.997691
0.997293
1.0
0.0176624
0.163458
0.538042
0.257729
0.680095
1.0
0.017618
0.524628
0.666982
0.62503
0.797011
1.0
0.0170568
0.815003
0.674499
0.905409
0.804451
1.0
0.0168417
0.0972178
0.533735
0.209683
0.686411
1.0
0.016795
0.8131
0.714954
0.856009
0.769923
1.0
0.0166518
0.533456
0.461949
0.635277
0.608579
1.0
0.0166481
0.655241
0.481347
0.762709
0.609649
1.0
0.0162229
0.693993
0.639663
0.790005
0.767596
1.0
0.0161754
0.746875
0.677851
0.8371
0.803417
1.0
0.0161355
0.969958
0.688231
1.00059
0.744707
1.0
0.0161123
0.315437
0.504112
0.419085
0.662541
1.0
0.016099
0.963553
0.283619
0.998332
0.352477
1.0
0.0158918
0.61631
0.545119
0.713404
0.668422
1.0
0.0158885
0.969626
0.556895
0.99996
0.613684
1.0
0.0158513
0.927317
0.163205
0.997155
0.321172
1.0
0.0156989
0.48514
0.436354
0.53692
0.519806
1.0
0.015652
0.694398
0.571541
0.792677
0.693584
1.0
0.0156477
0.968622
0.653226
1.00058
0.713266
1.0
0.0155768
0.967986
0.590642
0.9995
0.647621
1.0
0.0155039
0.968477
0.621776
0.999568
0.676647
1.0
0.015408
0.821918
0.12289
0.856291
0.174028
1.0
0.015353
0.503308
0.4019
0.605707
0.55544
1.0
0.0151665
0.435634
0.254661
0.487716
0.330316
1.0
0.015149
0.723973
0.627156
0.765653
0.677471
1.0
0.0151421
0.50992
0.286079
0.553824
0.360294
1.0
0.0146985
0.390732
0.440547
0.440655
0.519412
1.0
0.0146879
0.579412
0.61326
0.67945
0.745737
1.0
0.014635
0.761922
0.955593
0.806684
0.999815
1.0
0.0145749
0.586994
0.419517
0.681379
0.558438
1.0
0.0144273
0.841898
0.647161
0.889997
0.701087
1.0
0.0143769
0.967532
0.719495
1.00022
0.78078
1.0
0.0142929
0.791516
0.581523
0.884404
0.694772
1.0
0.014177
0.535233
0.38423
0.581547
0.45452
1.0
0.01417
0.426394
0.238461
0.533063
0.40103
1.0
0.0141635
0.652508
0.617455
0.745747
0.739756
1.0
0.0141217
0.390633
0.35234
0.437629
0.426739
1.0
0.0141095
0.839441
0.721377
0.879552
0.772465
1.0
0.0140804
0.817749
0.951883
0.861271
0.997073
1.0
0.0138931
0.592038
0.51706
0.638306
0.577261
1.0
0.0137953
0.0142889
0.551356
0.0609637
0.619475
1.0
0.0137647
0.779524
0.618206
0.974483
0.901944
1.0
0.0137442
0.667314
0.589869
0.708387
0.642686
1.0
0.0137327
0.458228
0.34594
0.515989
0.434969
1.0
0.0137142
0.393034
0.513431
0.439159
0.585975
1.0
0.0135525
0.216221
0.540736
0.312643
0.685718
1.0
0.0135166
0.0579822
0.487733
0.27049
0.78718
1.0
0.0135099
0.693692
0.593119
0.735772
0.64435
1.0
0.0134364
0.00234356
0.718222
0.035084
0.777232
1.0
0.0133955
0.815445
0.515165
0.852247
0.560687
1.0
0.0133485
0.589366
0.557506
0.789146
0.84077
1.0
0.0133286
0.967474
0.520296
0.998842
0.577925
1.0
0.0133256
0.712573
0.910041
0.809597
1.00362
1.0
0.013242
0.117073
0.552234
0.158793
0.61214
1.0
0.0132061
0.48677
0.25323
0.535262
0.326063
1.0
0.0131813
0.524748
0.312878
0.622169
0.467177
1.0
0.0130959
0.460454
0.556797
0.668155
0.842867
1.0
0.0130743
0.768626
0.6838
0.808069
0.738196
1.0
0.0130595
0.966849
0.34735
0.999008
0.410765
1.0
0.0130506
0.713237
0.952728
0.762258
0.998904
1.0
0.0130295
0.768926
0.48074
0.860551
0.58671
1.0
0.0130009
0.179185
0.800218
0.350329
1.02262
1.0
0.012902
0.410956
0.313613
0.463042
0.392599
1.0
0.0128619
0.265858
0.951688
0.307829
0.996288
1.0
0.0128212
0.693872
0.655935
0.735465
0.709038
1.0
0.0127131
0.1368
0.601535
0.231648
0.754329
1.0
0.0126356
0.168836
0.55506
0.208035
0.612993
1.0
0.0126329
0.436731
0.31565
0.493164
0.399118
1.0
0.0124865
0.79724
0.498601
0.837502
0.542899
1.0
0.0124558
0.0931372
0.529145
0.134141
0.584473
1.0
0.0124377
0.763468
0.603429
0.804308
0.653809
1.0
0.0124247
0.537746
0.443631
0.589545
0.516374
1.0
0.0124236
0.865379
0.722244
0.905379
0.774369
1.0
0.0124075
0.864651
0.679556
0.907671
0.736281
1.0
0.0123624
0.96235
0.946757
1.00036
0.999214
1.0
0.0123622
0.622387
0.351625
0.714457
0.48537
1.0
0.0123289
0.191256
0.656578
0.233877
0.716783
1.0
0.0123006
0.965231
0.490158
0.997749
0.545405
1.0
0.0122606
0.768123
0.719098
0.808182
0.771967
1.0
0.0122561
0.691303
0.726026
0.731982
0.777196
1.0
0.0121835
0.816539
0.751899
0.859002
0.807196
1.0
0.0121604
0.33389
0.362378
0.426787
0.530763
1.0
0.0121588
0.796723
0.122176
0.830785
0.171864
1.0
0.0121522
0.719174
0.60011
0.760461
0.650684
1.0
0.0121522
0.817271
0.605128
0.855813
0.652213
1.0
0.0121505
0.484414
0.509284
0.532243
0.583715
1.0
0.0121116
0.564274
0.476455
0.611617
0.545962
1.0
0.0121052
0.364548
0.550829
0.467097
0.71979
1.0
0.0120832
0.920984
0.185522
0.959847
0.24795
1.0
0.0120666
0.670017
0.783189
0.76422
0.91101
1.0
0.0120376
0.642579
0.585393
0.683494
0.638599
1.0
0.012007
0.266297
0.484522
0.360638
0.623242
1.0
0.0119851
0.194431
0.601232
0.282921
0.751415
1.0
0.0119687
0.350362
0.44943
0.458013
0.618874
1.0
0.0119415
0.795312
0.747209
0.88263
0.876545
1.0
0.0118497
0.41183
0.536197
0.463981
0.613096
1.0
0.0118119
0.865125
0.955212
0.908407
0.998835
1.0
0.0117718
0.590691
0.583872
0.635896
0.644039
1.0
0.0117689
0.509244
0.40491
0.556692
0.485191
1.0
0.0117632
0.696096
0.62531
0.739145
0.676805
1.0
0.0117101
0.822053
0.15589
0.856455
0.207471
1.0
0.0116938
0.249043
0.602511
0.345684
0.755163
1.0
0.011672
0.818207
0.0560946
0.854709
0.109458
1.0
0.0116666
0.51063
0.510593
0.556086
0.580749
1.0
0.0116462
0.507018
0.348281
0.55224
0.426643
1.0
0.0116348
0.218772
0.582097
0.258166
0.644831
1.0
0.0116197
0.457546
0.535531
0.510564
0.617268
1.0
0.011572
0.0555305
0.509123
0.168373
0.634539
1.0
0.0115239
0.713416
0.716871
0.807129
0.848914
1.0
0.0114846
0.77117
0.121524
0.805703
0.1721
1.0
0.0114642
0.692208
0.689169
0.734324
0.742692
1.0
0.0114585
0.669864
0.657042
0.71014
0.710475
1.0
0.0114563
0.943293
0.597413
1.00465
0.706062
1.0
0.0114406
0.737064
0.525805
0.837534
0.64618
1.0
0.0113939
0.839236
0.686553
0.882016
0.741129
1.0
0.0113788
0.146181
0.328457
0.178275
0.375248
1.0
0.0113622
0.619752
0.723608
0.712984
0.854388
1.0
0.0113419
0.474737
0.491316
0.578127
0.651038
1.0
0.0113343
0.894828
0.219775
0.931896
0.275846
1.0
0.0112931
0.839666
0.755686
0.880485
0.808416
1.0
0.0112797
0.218044
0.655197
0.258432
0.715143
1.0
0.0112343
0.372047
0.479471
0.413777
0.541594
1.0
0.0111703
0.0626688
0.342221
0.152088
0.473444
1.0
0.0111295
0.742926
0.680649
0.787053
0.738802
1.0
0.0111017
0.854991
0.578381
0.951593
0.695208
1.0
0.0110918
0.462086
0.224803
0.508752
0.288179
1.0
0.0110365
0.588275
0.452887
0.634002
0.518275
1.0
0.0110129
0.817148
0.788062
0.858705
0.841508
1.0
0.0110064
0.242765
0.721325
0.282169
0.778209
1.0
0.0109784
0.000458071
0.68994
0.0591473
0.800097
1.0
0.0109688
0.430078
0.432593
0.49307
0.527023
1.0
0.0109309
0.788831
0.890348
0.886116
0.997235
1.0
0.0109079
0.519077
0.719688
0.569233
0.779918
1.0
0.0109011
0.160815
0.668627
0.250779
0.808852
1.0
0.0108665
0.671226
0.690955
0.710618
0.741892
1.0
0.0108517
0.619638
0.49059
0.662225
0.550504
1.0
0.0108311
0.871448
0.188403
0.904572
0.241638
1.0
0.0108089
0.479588
0.705441
0.582564
0.842991
1.0
0.0108049
0.243265
0.655702
0.283576
0.714232
1.0
0.0107922
0.939209
0.69489
1.00515
0.815183
1.0
0.0107779
0.141048
0.531485
0.180303
0.585912
1.0
0.0107582
0.895283
0.186266
0.932182
0.244535
1.0
0.0107435
0.795657
0.603653
0.833534
0.647808
1.0
0.0107184
0.93914
0.247058
1.00089
0.377522
1.0
0.0106995
0.194018
0.581436
0.235344
0.64514
1.0
0.010679
0.372501
0.519197
0.414286
0.58412
1.0
0.0106581
0.439052
0.574001
0.489767
0.646308
1.0
0.0106361
0.865428
0.755612
0.906113
0.807711
1.0
0.0106312
0.662502
0.554205
0.703977
0.608164
1.0
0.0106304
0.265236
0.651113
0.30857
0.713626
1.0
0.0106189
0.0576116
0.595645
0.173906
0.7527
1.0
0.0106118
0.620731
0.54808
0.661097
0.604364
1.0
0.0105927
0.00301813
0.523809
0.0360952
0.582121
1.0
0.010585
0.304768
0.591832
0.419401
0.753843
1.0
0.0105732
0.0632954
0.554107
0.107979
0.615785
1.0
0.0105368
0.79016
0.955383
0.835894
1.00016
1.0
0.0105363
0.87069
0.12133
0.90643
0.176258
1.0
0.0105195
0.967351
0.458395
0.999765
0.517439
1.0
0.0104725
0.144527
0.120819
0.181146
0.177777
1.0
0.0104628
0.715718
0.685632
0.759386
0.739799
1.0
0.0104485
0.415296
0.227166
0.458111
0.287647
1.0
0.0104439
0.0925622
0.393454
0.125322
0.443494
1.0
0.0104434
0.688927
0.756878
0.7328
0.812475
1.0
0.0104054
0.00868387
0.496711
0.0976671
0.629732
1.0
0.0103936
-0.00215234
0.415862
0.0627266
0.534972
1.0
0.0103538
0.145628
0.259401
0.176798
0.306891
1.0
0.0103387
0.821398
0.187382
0.855341
0.239567
1.0
0.0103325
0.539426
0.318557
0.583537
0.385111
1.0
0.0103268
0.11992
0.100972
0.205921
0.245822
1.0
0.0103104
0.2166
0.719266
0.255333
0.774304
1.0
0.0103104
0.661356
0.368828
0.769972
0.515177
1.0
0.0103039
0.918899
0.483046
0.993336
0.600774
1.0
0.0102877
0.870786
0.219886
0.905921
0.27193
1.0
0.0102761
0.690369
0.521515
0.73135
0.571649
1.0
0.0102756
0.643014
0.624707
0.683772
0.677515
1.0
0.0102517
0.814811
0.529112
0.915414
0.651208
1.0
0.010206
0.341131
0.516766
0.382489
0.578928
1.0
0.0102037
0.00296223
0.452523
0.0347583
0.511603
1.0
0.010201
0.820537
0.137293
0.899826
0.274057
1.0
0.0101971
0.860452
0.00971112
0.980204
0.187863
1.0
0.0101869
0.93246
0.758094
1.00584
0.896886
1.0
0.0101802
0.664201
0.353249
0.707266
0.416164
1.0
0.010173
0.193123
0.616761
0.235378
0.679244
1.0
0.0101387
0.00428312
0.388101
0.0344187
0.445321
1.0
0.0101355
0.264626
0.721288
0.308408
0.781976
1.0
0.01012
0.410618
0.47023
0.468433
0.554134
1.0
0.0101016
0.274558
0.494225
0.309174
0.543988
1.0
0.010087
0.171453
0.329793
0.20288
0.375539
1.0
0.0100831
0.216428
0.956546
0.254568
0.996059
1.0
0.010081
0.14197
0.582544
0.182173
0.642506
1.0
0.0100553
0.593277
0.552013
0.638625
0.612139
1.0
0.0100511
0.146426
0.387853
0.179898
0.436351
1.0
0.0100054
0.190961
0.717639
0.234101
0.774872
1.0
0.0100052
0.659421
0.495098
0.70339
0.55003
