1.0
0.27076
0.364057
0.161427
0.530813
0.466761
1.0
0.0380739
0.42726
0.236342
0.976589
1.0276
1.0
0.0206204
0.361326
0.116385
0.482572
0.284281
1.0
0.0201968
0.0267266
0.468582
0.457619
1.09073
1.0
0.0200702
-0.000187691
0.536989
0.0519142
0.675228
1.0
0.0191662
0.315753
0.949458
0.356917
0.995
1.0
0.0162754
0.431825
0.370895
0.491327
0.455714
1.0
0.0161792
0.256601
0.488051
0.364189
0.628128
1.0
0.0155989
0.3129
0.414804
0.410296
0.551119
1.0
0.0152523
0.224015
0.203058
0.57649
0.788157
1.0
0.0145319
0.531648
0.52689
0.648091
0.679353
1.0
0.0143845
0.267748
0.957402
0.309452
0.999271
1.0
0.0141893
0.3505
0.325181
0.457056
0.488304
1.0
0.0141125
0.363818
0.417142
0.407426
0.480731
1.0
0.0135463
0.465168
0.192379
0.571006
0.374414
1.0
0.0133359
0.338528
0.447013
0.387445
0.516171
1.0
0.0129026
0.485809
0.605511
0.593775
0.763655
1.0
0.0127397
0.33748
0.387768
0.383104
0.453408
1.0
0.0127223
0.29701
0.926852
0.34027
0.982538
1.0
0.0125721
0.494793
0.471271
0.608454
0.622126
1.0
0.0123062
0.965428
0.693322
0.99502
0.742679
1.0
0.0122952
0.755666
0.632238
1.02832
1.01112
1.0
0.0122171
0.286139
0.517204
0.33527
0.585129
1.0
0.011942
0.00278432
0.644043
0.0338014
0.717003
1.0
0.0118117
-2.31937e-05
0.676163
0.0537727
0.816049
1.0
0.0117279
0.364943
0.180546
0.411142
0.249429
1.0
0.0116645
0.324825
0.47282
0.444385
0.624265
1.0
0.0115851
0.427925
0.308511
0.550111
0.498134
1.0
0.0115774
0.268214
0.548047
0.313304
0.611734
1.0
0.0114643
0.295887
0.346229
0.387232
0.484197
1.0
0.0114619
0.665337
0.957765
0.705478
0.998115
1.0
0.0113839
0.366403
0.281558
0.40972
0.342231
1.0
0.0113757
0.892925
0.631703
0.925369
0.674401
1.0
0.0112495
0.27276
0.895443
0.360841
1.00112
1.0
0.0112037
0.61402
0.955615
0.656554
0.997385
1.0
0.011193
0.446875
0.659326
0.533217
0.797159
1.0
0.0111809
0.435281
0.248296
0.489027
0.323614
1.0
0.0111351
0.38977
0.378971
0.442676
0.451081
1.0
0.0110714
-0.000854036
0.277947
0.0572234
0.42164
1.0
0.0110335
0.693775
0.608352
0.784005
0.750463
1.0
0.0110315
0.00251549
0.716614
0.0316496
0.783296
1.0
0.0108564
0.336031
0.198615
0.434985
0.360536
1.0
0.0108469
0.487247
0.178145
0.538351
0.254148
1.0
0.0108341
0.426161
0.100845
0.539386
0.240025
1.0
0.0108197
0.336429
0.509681
0.387761
0.581189
1.0
0.0107947
0.312161
0.661603
0.412573
0.814677
1.0
0.0106698
0.540552
0.202811
0.629886
0.357665
1.0
0.0105682
0.312811
0.0748226
0.423903
0.222151
1.0
0.01053
0.48499
0.243708
0.536141
0.317693
1.0
0.0104865
0.254225
0.590933
0.363874
0.764671
1.0
0.0104239
0.465506
0.716403
0.505481
0.77534
1.0
0.0104192
0.457681
0.439703
0.508495
0.516069
1.0
0.0104106
0.289956
0.65418
0.331531
0.714414
1.0
0.0102453
0.514992
0.340406
0.613158
0.496887
1.0
0.0102315
0.320905
0.416769
0.361825
0.474345
1.0
0.0101758
0.00120259
0.514996
0.0335997
0.59386
1.0
0.0101405
0.242058
0.959708
0.283107
1.00028
1.0
0.0100372
0.269218
0.495601
0.307966
0.546857
1.0
0.0100027
0.355192
0.608412
0.458356
0.770061
