1.0
0.0411321
0.468329
0.861207
0.507508
0.91607
1.0
0.0373412
0.322082
0.408751
0.723305
0.999336
1.0
0.0331214
0.747126
0.585585
1.01354
1.03574
1.0
0.0245184
0.963942
0.950378
1.00111
0.999505
1.0
0.0234091
0.327639
0.458962
0.540767
0.770512
1.0
0.0222753
0.483595
0.884264
0.522378
0.935695
1.0
0.0220565
0.487596
0.917002
0.529944
0.969424
1.0
0.0219767
0.515095
0.955465
0.555619
0.996613
1.0
0.0218183
0.360736
0.691136
0.452936
0.829161
1.0
0.0212744
0.468902
0.953068
0.509916
0.995758
1.0
0.0211786
0.373506
0.821667
0.405941
0.870567
1.0
0.021169
0.420688
0.827126
0.454726
0.873868
1.0
0.0209747
0.163003
0.151515
0.628282
0.782282
1.0
0.0205553
0.462842
0.390697
0.572541
0.523692
1.0
0.0204674
0.569593
0.851615
0.604873
0.900602
1.0
0.0203935
0.361655
0.456857
0.480593
0.617322
1.0
0.0201145
0.867415
0.794429
0.918455
0.849527
1.0
0.0197508
0.32595
0.747101
0.417876
0.882255
1.0
0.0194749
0.37102
0.791712
0.405595
0.846494
1.0
0.0194537
0.3943
0.824845
0.428865
0.871462
1.0
0.0194232
0.322473
0.612182
0.407761
0.7451
1.0
0.0193476
0.511914
0.926155
0.552504
0.976432
1.0
0.0192169
0.416573
0.796677
0.45258
0.846783
1.0
0.0191431
0.423972
0.854742
0.457858
0.902514
1.0
0.018925
0.418232
0.958819
0.457433
0.999041
1.0
0.0188603
0.589154
0.418825
0.634569
0.480714
1.0
0.0187117
0.848878
0.767158
0.946568
0.88292
1.0
0.0186904
0.590884
0.819365
0.627209
0.873375
1.0
0.0186871
0.548764
0.860511
0.58368
0.906777
1.0
0.0184669
0.513169
0.863887
0.549002
0.911211
1.0
0.0183626
0.910988
0.909585
0.993518
1.00145
1.0
0.0182566
0.34262
0.653499
0.381586
0.709965
1.0
0.018116
0.433477
0.827477
0.518907
0.93451
1.0
0.0180869
0.524182
0.387872
0.631013
0.522871
1.0
0.018075
0.565408
0.761605
0.648555
0.890298
1.0
0.0179571
0.368837
0.756896
0.404797
0.811591
1.0
0.0179452
0.348107
0.725291
0.384594
0.778795
1.0
0.0179449
0.962212
0.821831
0.99974
0.879101
1.0
0.0178509
0.449124
0.90508
0.531569
1.00122
1.0
0.0178274
0.469214
0.833804
0.505629
0.885283
1.0
0.0178194
0.564777
0.958411
0.605273
0.998758
1.0
0.0173293
0.539444
0.956689
0.581116
0.999002
1.0
0.0171917
0.417483
0.922095
0.457095
0.973389
1.0
0.0170713
0.897992
0.789297
0.993373
0.910383
1.0
0.0170455
0.468426
0.41969
0.514323
0.481456
1.0
0.017018
0.445316
0.956797
0.486648
0.999437
1.0
0.0166819
0.346027
0.686525
0.384012
0.741826
1.0
0.0164487
0.543296
0.214623
0.955009
0.914331
1.0
0.0163443
0.419954
0.393928
0.460533
0.454401
1.0
0.0163087
0.394479
0.794851
0.430195
0.84454
1.0
0.0163006
0.297938
0.684391
0.38616
0.826484
1.0
0.01629
0.514038
0.830078
0.549561
0.877976
1.0
0.0161063
0.564354
0.419495
0.609252
0.481796
1.0
0.016062
0.390701
0.760366
0.428433
0.812578
1.0
0.0160342
0.367874
0.617242
0.576918
0.924685
1.0
0.0159608
0.368113
0.959789
0.407512
1.00019
1.0
0.0159307
0.469502
0.801692
0.505489
0.852243
1.0
0.0159063
0.51722
0.820798
0.610931
0.944983
1.0
0.0158305
0.390441
0.758636
0.484388
0.886489
1.0
0.0157803
0.734111
0.884201
0.835404
0.995257
1.0
0.0155747
0.53715
0.387751
0.583781
0.450168
1.0
0.0155168
0.57536
0.795403
0.611626
0.849971
1.0
0.0152176
0.581246
0.409415
0.682006
0.543637
1.0
0.0151823
0.363393
0.510218
0.410835
0.584014
1.0
0.015172
0.614514
0.392049
0.657646
0.452526
1.0
0.0151418
0.361794
0.599812
0.462593
0.757893
1.0
0.0151342
0.363833
0.658557
0.402793
0.714746
1.0
0.0150259
0.493252
0.389097
0.539095
0.453436
1.0
0.0150191
0.534455
0.444902
0.585819
0.515293
1.0
0.0149641
0.271018
0.61907
0.356655
0.742297
1.0
0.0149169
0.664334
0.952127
0.710001
0.999685
1.0
0.0149034
0.966841
0.754721
1.00036
0.807066
1.0
0.0148995
0.886809
0.952331
0.936192
1.00018
1.0
0.0148355
0.220165
0.683079
0.307502
0.812068
1.0
0.0148355
0.623153
0.672728
0.713313
0.819219
1.0
0.0148078
0.618226
0.314557
0.716346
0.457338
1.0
0.014602
0.3516
0.787351
0.388625
0.84197
1.0
0.0145623
0.397495
0.853617
0.431175
0.899889
1.0
0.014485
0.605892
0.776196
0.70929
0.921253
1.0
0.01443
0.406721
0.67944
0.515948
0.832192
1.0
0.0144129
0.322292
0.72353
0.358211
0.776993
1.0
0.0144005
0.266468
0.746872
0.364057
0.8931
1.0
0.0143613
0.453266
0.768553
0.547378
0.896007
1.0
0.0142669
0.455232
0.879887
0.493316
0.931841
1.0
0.0142436
0.612481
0.447916
0.655301
0.509117
1.0
0.0142338
0.323745
0.6514
0.360994
0.705282
1.0
0.0142284
0.508152
0.4153
0.558667
0.484747
1.0
0.0142155
0.714215
0.947182
0.763118
0.998478
1.0
0.0141789
0.669584
0.600895
0.751321
0.736792
1.0
0.0141698
0.392411
0.393036
0.493056
0.531993
1.0
0.0141382
0.572291
0.761046
0.608102
0.816358
1.0
0.0141018
0.515053
0.79577
0.552527
0.8463
1.0
0.0140379
0.26963
0.655255
0.305078
0.707454
1.0
0.0140264
0.390279
0.729853
0.427509
0.7809
1.0
0.0140193
0.394267
0.957844
0.436051
1.00036
1.0
0.0140104
0.394718
0.920092
0.434495
0.972907
1.0
0.0139593
0.263614
0.952216
0.30994
0.999513
1.0
0.0139241
0.887083
0.812087
0.93819
0.870367
1.0
0.0139203
0.965871
0.723357
0.999566
0.777481
1.0
0.013915
0.41328
0.76023
0.452399
0.81376
1.0
0.0139087
0.616837
0.355875
0.656261
0.412306
1.0
0.0139051
0.395308
0.869339
0.499661
0.988279
1.0
0.0138642
0.609496
0.871051
0.727732
0.997792
1.0
0.0138547
0.816415
0.811311
0.930772
0.949345
1.0
0.0138515
0.538702
0.678229
0.635674
0.83606
1.0
0.0138131
0.37235
0.847135
0.40469
0.896177
1.0
0.0137827
0.615666
0.957145
0.65843
1.00011
1.0
0.0136828
0.763671
0.950452
0.809412
0.999072
1.0
0.0136259
0.8215
0.906656
0.917895
1.00459
1.0
0.0136018
0.551222
0.829882
0.586912
0.879282
1.0
0.0135622
0.445438
0.799528
0.483471
0.848561
1.0
0.0135433
0.167234
0.683596
0.253078
0.812146
1.0
0.0135405
0.675381
0.679799
0.713889
0.738956
1.0
0.0135222
0.00405538
0.522757
0.0333326
0.582069
1.0
0.0135118
0.368821
0.921561
0.409279
0.975564
1.0
0.0135007
0.489069
0.440992
0.543002
0.512213
1.0
0.0134291
0.319552
0.78687
0.356505
0.841679
1.0
0.013427
0.966129
0.886139
1.00197
0.945538
1.0
0.0133937
0.489227
0.799958
0.52694
0.850847
1.0
0.0133326
0.813435
0.951883
0.863074
1.00065
1.0
0.0133165
0.667248
0.384702
0.766821
0.523478
1.0
0.0132862
0.514045
0.914891
0.600474
1.00532
1.0
0.0132844
0.68806
0.658288
0.72624
0.715461
1.0
0.0132573
0.448038
0.916917
0.489422
0.970543
1.0
0.0132085
0.339288
0.868571
0.444439
0.991522
1.0
0.013074
0.447917
0.832845
0.485483
0.880882
1.0
0.0130407
0.711424
0.786482
0.810566
0.929734
1.0
0.0129461
0.566045
0.925218
0.607764
0.978397
1.0
0.012858
0.561881
0.319224
0.656382
0.457913
1.0
0.0128258
0.510742
0.326619
0.607466
0.464399
1.0
0.0128151
0.513888
0.361253
0.554553
0.41864
1.0
0.0127571
0.641714
0.392186
0.684665
0.450599
1.0
0.0127096
0.412531
0.445794
0.46179
0.519234
1.0
0.0126923
0.820801
0.790644
0.863016
0.8432
1.0
0.0126865
0.665137
0.388548
0.710002
0.449236
1.0
0.0125944
0.26881
0.720557
0.305653
0.775618
1.0
0.0125722
0.762829
0.681371
0.867262
0.814817
1.0
0.0125698
0.295637
0.652137
0.332193
0.704291
1.0
0.0125376
0.930369
0.735018
1.00469
0.844648
1.0
0.0125058
0.0548737
0.709326
0.161151
0.85397
1.0
0.0124412
-0.000307824
0.546137
0.0586769
0.66589
1.0
0.0124411
0.302468
0.545902
0.39074
0.684359
1.0
0.0124138
0.513696
0.612951
0.701581
0.925255
1.0
0.0123624
0.321635
0.755824
0.358252
0.810113
1.0
0.0123563
0.479179
0.718112
0.586781
0.860868
1.0
0.0123311
0.543688
0.885356
0.578565
0.934533
1.0
0.0123255
0.589897
0.957919
0.632685
1.0003
1.0
0.0123059
0.589078
0.483253
0.635355
0.547409
1.0
0.0122969
0.7696
0.789101
0.874607
0.925801
1.0
0.0122773
0.170451
0.717015
0.206502
0.772525
1.0
0.012269
0.862701
0.848411
0.913824
0.912272
1.0
0.0122494
0.910481
0.848469
0.956991
0.907212
1.0
0.0122449
0.00321406
0.582301
0.0352575
0.645933
1.0
0.0122331
0.476731
0.853495
0.567043
0.966563
1.0
0.0121886
0.444869
0.330135
0.542539
0.464074
1.0
0.0121832
0.279838
0.868177
0.386334
0.992154
1.0
0.0121337
0.566577
0.356954
0.605718
0.412583
1.0
0.0121171
0.315345
0.957702
0.357303
1.0001
1.0
0.0120727
0.540601
0.358394
0.581869
0.415596
1.0
0.0120705
0.245169
0.71851
0.281083
0.773306
1.0
0.0120694
0.663539
0.707825
0.756535
0.849759
1.0
0.0120346
0.323475
0.686083
0.359922
0.741142
1.0
0.012031
0.415299
0.728518
0.454377
0.780025
1.0
0.0120262
0.551377
0.470845
0.658432
0.624252
1.0
0.0120098
0.00937751
0.0636828
0.367334
0.767092
1.0
0.0119791
0.36705
0.458658
0.411438
0.525824
1.0
0.0119687
0.592345
0.357255
0.632277
0.413718
1.0
0.011961
0.293148
0.788688
0.33081
0.842782
1.0
0.0119523
0.398814
0.888726
0.432052
0.937339
1.0
0.0119472
0.471359
0.356831
0.512137
0.412607
1.0
0.0119472
0.610467
0.820951
0.646959
0.873818
1.0
0.0119146
0.669144
0.356884
0.710288
0.414749
1.0
0.0118954
0.710753
0.676908
0.811073
0.820521
1.0
0.0118412
0.342282
0.959133
0.384216
1.00162
1.0
0.0118083
0.569686
0.239534
0.661878
0.390165
1.0
0.0118062
0.741636
0.821047
0.785358
0.883507
1.0
0.0118008
0.936207
0.630276
0.981529
0.679131
1.0
0.0117958
0.321947
0.491564
0.358362
0.548261
1.0
0.0117631
0.796333
0.727167
0.902032
0.864462
1.0
0.0117627
0.618829
0.724566
0.653991
0.776755
1.0
0.0117611
0.548263
0.794473
0.585089
0.845927
1.0
0.0116326
0.4393
0.41556
0.486075
0.479201
1.0
0.0115766
0.617938
0.320593
0.656668
0.379133
1.0
0.0115408
0.38886
0.658557
0.430016
0.714998
1.0
0.0115248
0.968088
0.692559
0.999345
0.742405
1.0
0.0114313
0.377669
0.334944
0.576338
0.586929
1.0
0.0114308
0.0952747
0.522252
0.127176
0.574818
1.0
0.0113783
0.0930142
0.691526
0.129323
0.743745
1.0
0.0113292
0.59401
0.762815
0.631632
0.82094
1.0
0.0113142
0.442703
0.728778
0.481304
0.778772
1.0
0.0113065
0.934498
0.79546
0.985364
0.85291
1.0
0.0113011
0.26808
0.68807
0.304915
0.743736
1.0
0.011272
0.221131
0.717472
0.256275
0.773609
1.0
0.0112499
0.440201
0.447713
0.489025
0.515223
1.0
0.0112013
0.295426
0.721167
0.332559
0.776437
1.0
0.0111697
0.563468
0.909156
0.659279
1.00703
1.0
0.0111527
0.413286
0.68792
0.455847
0.745047
1.0
0.0111519
0.268253
0.787756
0.307428
0.844022
1.0
0.011107
0.715911
0.352816
0.75808
0.412471
1.0
0.0110456
0.668966
0.317922
0.708397
0.376582
1.0
0.011042
0.228166
0.676754
0.42491
0.963037
1.0
0.0110315
0.642814
0.448929
0.686653
0.509877
1.0
0.011016
0.217905
0.87626
0.319943
0.995115
1.0
0.0110104
0.414829
0.655474
0.456211
0.712964
1.0
0.0110062
0.516992
0.757574
0.55495
0.810562
1.0
0.0109988
0.244924
0.790186
0.281486
0.844488
1.0
0.0109908
0.296216
0.624481
0.335035
0.677588
1.0
0.0109661
0.817019
0.821172
0.860621
0.877428
1.0
0.0109135
0.766628
0.611821
0.875133
0.742055
1.0
0.0108856
0.713055
0.584716
0.813914
0.728243
1.0
0.0108418
0.569572
0.29017
0.604111
0.342785
1.0
0.0108243
0.66714
0.278961
0.764899
0.420452
1.0
0.0108099
0.938712
0.846079
0.988728
0.908721
1.0
0.0107974
0.766441
0.823355
0.805919
0.880144
1.0
0.0107922
0.42831
0.59906
0.54157
0.762863
1.0
0.0107777
0.462602
0.479961
0.512343
0.550865
1.0
0.010772
0.172188
0.124838
0.204551
0.176186
1.0
0.0107676
0.309239
0.477301
0.400228
0.615484
1.0
0.0107652
0.906905
0.616356
0.992471
0.719819
1.0
0.0107548
0.964372
0.656111
0.997612
0.708032
1.0
0.0107482
0.423516
0.884182
0.457013
0.932088
1.0
0.010745
0.567367
0.321817
0.605069
0.378549
1.0
0.0107384
0.36844
0.42283
0.408484
0.482963
1.0
0.0107048
0.47272
0.211719
0.668054
0.506231
1.0
0.0107016
0.508101
0.603538
0.614481
0.764857
1.0
0.0106917
0.14631
0.693374
0.181815
0.744203
1.0
0.010678
0.675713
0.812003
0.868162
1.01901
1.0
0.0106658
0.581269
0.290565
0.775974
0.593542
1.0
0.0106654
0.442102
0.655473
0.482863
0.710405
1.0
0.0106557
0.239167
0.919778
0.288954
0.984552
1.0
0.0106167
0.118312
0.692352
0.15389
0.743203
1.0
0.0106067
0.443084
0.762055
0.481761
0.8132
1.0
0.0106038
0.614198
0.921852
0.660343
0.981053
1.0
0.0105971
0.857071
0.698701
0.973163
0.830103
1.0
0.0105951
0.193822
0.718673
0.230287
0.776607
1.0
0.0105637
0.00457198
0.456187
0.0319324
0.511846
1.0
0.0105459
0.467074
0.656853
0.507734
0.71321
1.0
0.0105203
0.215227
0.954797
0.262053
1.00149
1.0
0.0105175
0.294492
0.689138
0.332499
0.74586
1.0
0.0105155
0.674824
0.63092
0.711758
0.686469
1.0
0.0104937
0.0698642
0.467667
0.150467
0.608737
1.0
0.0104864
0.58497
0.545698
0.683237
0.705537
1.0
0.010484
0.468927
0.460267
0.592068
0.628715
1.0
0.0104744
0.791705
0.887737
0.836002
0.944491
1.0
0.0104724
0.273309
0.627412
0.306895
0.675578
1.0
0.0104597
0.363418
0.581666
0.407532
0.6469
1.0
0.010458
0.319934
0.822422
0.356478
0.875483
1.0
0.0104287
0.11885
0.714449
0.212832
0.855288
1.0
0.0104249
0.246149
0.65762
0.282723
0.711801
1.0
0.0104152
0.51318
0.475564
0.563896
0.545568
1.0
0.010413
0.149011
0.122255
0.180883
0.173555
1.0
0.0104073
0.223034
0.773446
0.313392
0.9118
1.0
0.0103583
0.27
0.757579
0.30711
0.812317
1.0
0.010297
0.622025
0.286776
0.65844
0.34073
1.0
0.0102902
0.642918
0.318176
0.682221
0.376117
1.0
0.0102783
0.35943
0.618923
0.403929
0.681367
1.0
0.0102733
0.384587
0.48392
0.438209
0.560041
1.0
0.010227
0.689648
0.918583
0.743105
0.986673
1.0
0.01022
0.694366
0.319591
0.735786
0.379112
1.0
0.0102167
0.410253
0.511007
0.46058
0.583502
1.0
0.010194
0.612769
0.473408
0.717286
0.621276
1.0
0.0101756
0.872512
0.633134
0.910141
0.675259
1.0
0.0101734
0.787579
0.918859
0.838273
0.985207
1.0
0.0101688
0.54088
0.514665
0.58464
0.576643
1.0
0.010154
0.816088
0.72323
0.857337
0.774292
1.0
0.0101502
0.692689
0.12575
0.730032
0.179253
1.0
0.0101355
0.965886
0.596694
0.998039
0.646861
1.0
0.01011
0.611875
0.850857
0.650295
0.904208
1.0
0.0101082
0.845052
0.813975
0.894009
0.873386
1.0
0.0101062
0.468079
0.763438
0.504821
0.814776
1.0
0.0100994
0.592694
0.322478
0.631003
0.37909
1.0
0.0100967
0.295445
0.757644
0.333285
0.813424
1.0
0.0100902
0.740734
0.853681
0.78753
0.918444
1.0
0.0100663
0.711327
0.498637
0.813596
0.649314
1.0
0.0100626
0.587982
0.920043
0.632491
0.977458
1.0
0.0100617
0.0757032
0.520659
0.107029
0.575011
1.0
0.0100326
0.562091
0.480125
0.607922
0.545574
1.0
0.0100326
0.170226
0.752621
0.207923
0.809674
1.0
0.0100309
0.854685
0.196128
0.995823
0.436574
