1.0
0.892401
0.489192
0.33986
0.639199
0.570736
1.0
0.138625
0.353295
0.309636
0.721473
0.868555
1.0
0.0351008
0.808498
0.653848
0.854159
0.71457
1.0
0.0346755
0.801634
0.633785
0.889484
0.741781
1.0
0.034607
0.867156
0.632525
0.911926
0.683496
1.0
0.0344385
0.488032
0.379807
0.537529
0.456844
1.0
0.0319293
0.422484
0.37101
0.525543
0.534417
1.0
0.0300828
0.51038
0.684243
0.553063
0.737492
1.0
0.0285731
0.422782
0.46789
0.525608
0.620709
1.0
0.0274094
0.00622234
0.301553
0.492505
1.07472
1.0
0.0254213
0.747126
0.621425
0.831721
0.734198
1.0
0.0247125
0.57973
0.432647
0.635562
0.518205
1.0
0.0245836
0.842258
0.610034
0.931973
0.709488
1.0
0.0244628
0.507539
0.641086
0.609983
0.760181
1.0
0.0241119
0.561101
0.319923
0.613837
0.398963
1.0
0.0239292
0.744879
0.629051
0.787342
0.683912
1.0
0.0234969
0.798928
0.679093
0.840954
0.739511
1.0
0.0233061
0.365935
0.372521
0.456663
0.525903
1.0
0.0215159
0.660785
0.468517
0.986199
1.02459
1.0
0.0214618
0.444019
0.483186
0.488432
0.551866
1.0
0.0210737
0.565059
0.690252
0.613678
0.743629
1.0
0.0208466
0.816424
0.948237
0.86094
0.99552
1.0
0.0203631
0.486502
0.504744
0.544217
0.586147
1.0
0.0203384
0.512518
0.316679
0.562163
0.392488
1.0
0.0202622
0.579792
0.375655
0.639624
0.47049
1.0
0.0200338
0.379768
0.52496
0.493225
0.685425
1.0
0.0200148
0.967607
0.591058
0.999506
0.647797
1.0
0.019944
0.469685
0.412941
0.514627
0.484894
1.0
0.0195199
0.526411
0.524927
0.633703
0.678852
1.0
0.0195013
0.464872
0.449656
0.512729
0.521089
1.0
0.0192472
0.470442
0.580528
0.566789
0.72704
1.0
0.0191229
0.968157
0.622025
0.99955
0.677749
1.0
0.0190797
0.969219
0.558766
0.999688
0.613859
1.0
0.0189108
0.96796
0.652892
1.00026
0.712946
1.0
0.0184261
0.901582
0.845048
0.999047
0.995148
1.0
0.0184233
0.863106
0.00978145
0.977721
0.176621
1.0
0.0183387
0.548851
0.676438
0.646169
0.800685
1.0
0.0180705
0.493495
0.269032
0.595327
0.423245
1.0
0.0179978
0.96891
0.686836
1.00029
0.743907
1.0
0.0179246
0.553618
0.463228
0.614919
0.548772
1.0
0.0175153
0.472428
0.354691
0.513506
0.419414
1.0
0.0173897
0.435165
0.533056
0.628726
0.817994
1.0
0.0173337
0.217064
0.956618
0.254679
0.994021
1.0
0.0173023
0.613623
0.948709
0.656539
0.995851
1.0
0.0172971
0.611565
0.790313
0.698985
0.932212
1.0
0.0172798
0.880312
0.0653698
1.00576
0.379597
1.0
0.0172511
0.71596
0.673975
0.808855
0.811821
1.0
0.0172275
0.53737
0.284524
0.585104
0.353272
1.0
0.0169418
0.491748
0.582388
0.534885
0.644639
1.0
0.016713
0.532993
0.500429
0.588974
0.576762
1.0
0.0167092
0.536231
0.380318
0.593146
0.462727
1.0
0.0167039
0.96071
0.181044
0.997549
0.252044
1.0
0.0166025
0.483864
0.468648
0.594752
0.63617
1.0
0.0163977
0.585438
0.509527
0.636235
0.579379
1.0
0.0163962
0.967108
0.718377
1.00002
0.778715
1.0
0.0163575
0.677711
0.530749
0.883005
0.782328
1.0
0.0162826
0.272694
0.495842
0.304326
0.538514
1.0
0.0162378
0.445343
0.417164
0.487951
0.486456
1.0
0.0160103
0.817258
0.7093
0.904571
0.845695
1.0
0.0159496
0.106896
0.538432
0.213435
0.686824
1.0
0.0159415
0.672149
0.786919
0.710748
0.840204
1.0
0.0158271
0.777843
0.671992
0.859416
0.792655
1.0
0.0158133
0.446635
0.381195
0.488481
0.448316
1.0
0.0157295
0.76333
0.648583
0.806024
0.707206
1.0
0.0156382
0.666653
0.957537
0.706218
1.00046
1.0
0.0155429
0.14593
0.258066
0.180003
0.308784
1.0
0.0154788
0.534253
0.544179
0.586844
0.613111
1.0
0.0154509
0.564394
0.748058
0.659156
0.901133
1.0
0.0154509
0.771792
0.891833
0.867458
1.00169
1.0
0.0150348
0.372684
0.389199
0.407267
0.447878
1.0
0.0150325
0.606632
0.409235
0.654216
0.488679
1.0
0.0149361
0.670807
0.779787
0.761885
0.916157
1.0
0.0148554
0.626409
0.371118
0.727217
0.531704
1.0
0.0148422
0.942129
0.566739
1.0035
0.675212
1.0
0.0148125
0.247219
0.524811
0.282831
0.574793
1.0
0.0147546
0.652236
0.72228
0.73627
0.853409
1.0
0.0147345
0.702527
0.59394
0.796489
0.718398
1.0
0.014734
0.967008
0.522107
0.998661
0.577908
1.0
0.014715
0.767086
0.957565
0.808238
0.999781
1.0
0.0146839
0.673861
0.723731
0.712161
0.775181
1.0
0.0146483
0.374342
0.36153
0.406506
0.414034
1.0
0.0146087
0.640496
0.519804
0.68358
0.579763
1.0
0.0145841
0.372311
0.448933
0.411695
0.51166
1.0
0.014575
0.605857
0.876727
0.694081
0.997289
1.0
0.0145676
0.270382
0.523798
0.303518
0.571665
1.0
0.0145661
0.53122
0.679728
0.703589
0.966082
1.0
0.0145086
0.576805
0.583801
0.677008
0.717078
1.0
0.0143671
0.419459
0.518061
0.461707
0.581685
1.0
0.0143586
0.537051
0.583996
0.584393
0.647028
1.0
0.0143123
0.441008
0.542303
0.488494
0.613392
1.0
0.0142889
0.613632
0.515596
0.660209
0.582092
1.0
0.0142403
0.812236
0.712563
0.856048
0.770792
1.0
0.0142022
0.938752
0.626656
1.00301
0.739079
1.0
0.0141379
0.614174
0.686322
0.706759
0.816985
1.0
0.0141376
0.562922
0.416734
0.669423
0.58125
1.0
0.0140866
0.207973
0.538652
0.3039
0.673722
1.0
0.0140826
0.168703
0.256735
0.202238
0.307152
1.0
0.0140706
0.608555
0.475944
0.704019
0.611332
1.0
0.0139781
0.0660315
0.19788
0.160501
0.345364
1.0
0.0139596
0.586869
0.711003
0.630261
0.764047
1.0
0.0139558
0.638748
0.954879
0.681971
1.00026
1.0
0.013934
0.414707
0.419693
0.454531
0.484103
1.0
0.0139076
0.76853
0.0540464
0.809741
0.111283
1.0
0.0139051
0.793436
0.953254
0.837876
0.998804
1.0
0.0138572
0.60834
0.319983
0.656553
0.393583
1.0
0.0138414
0.768917
0.716097
0.807739
0.771029
1.0
0.0137955
0.00264629
0.719295
0.0353928
0.778156
1.0
0.0136981
0.316667
0.543382
0.428381
0.683511
1.0
0.0136269
0.0121414
0.413051
0.052945
0.478496
1.0
0.0134449
0.533109
0.688929
0.584534
0.74203
1.0
0.01343
0.965305
0.491242
0.997644
0.544676
1.0
0.0133934
0.373155
0.55517
0.4129
0.613176
1.0
0.0132327
0.415044
0.603683
0.519134
0.752195
1.0
0.0131999
0.865419
0.953744
0.907927
0.998189
1.0
0.0131966
0.923665
0.143214
0.99755
0.289251
1.0
0.0131909
0.966948
0.350919
0.99909
0.413947
1.0
0.0131671
0.634129
0.382463
0.681377
0.450616
1.0
0.0131282
0.241908
0.663545
0.280874
0.71636
1.0
0.0130555
0.162558
0.567861
0.259444
0.716045
1.0
0.0130209
0.962917
0.946181
1.00079
0.999647
1.0
0.0130152
0.839659
0.719727
0.8795
0.772309
1.0
0.0129972
0.264477
0.956545
0.303453
0.997164
1.0
0.0129881
0.211473
0.672767
0.302205
0.800735
1.0
0.0129733
0.42179
0.29655
0.518111
0.435951
1.0
0.0129677
0.714594
0.956186
0.759065
1.00133
1.0
0.0129667
0.588275
0.32004
0.697026
0.477518
1.0
0.0129441
0.612489
0.290538
0.658491
0.353706
1.0
0.0129202
0.237311
0.492363
0.326623
0.607482
1.0
0.0128977
0.825264
0.672043
1.0094
0.987872
1.0
0.0128908
0.248223
0.495947
0.282026
0.540493
1.0
0.0128241
0.24596
0.258431
0.280441
0.309395
1.0
0.0128241
0.593714
0.792428
0.632317
0.843412
1.0
0.0128183
0.394411
0.524188
0.434917
0.58566
1.0
0.0127798
0.345547
0.480324
0.44448
0.623035
1.0
0.0127449
0.941862
0.752428
0.987591
0.813733
1.0
0.0127131
0.195053
0.956645
0.234883
0.994911
1.0
0.0127051
-0.00519218
0.722431
0.381633
1.01806
1.0
0.0126934
0.583788
0.660288
0.632673
0.719431
1.0
0.01269
0.795772
0.637017
0.839658
0.689103
1.0
0.0126749
0.0565865
0.564574
0.165912
0.719035
1.0
0.0126496
0.14143
0.211019
0.229139
0.340926
1.0
0.0126093
0.740282
0.955179
0.784935
1.00028
1.0
0.0125438
0.418213
0.357872
0.454934
0.415659
1.0
0.0125381
0.769426
0.682676
0.809724
0.7413
1.0
0.012507
0.19438
0.257917
0.228319
0.306668
1.0
0.0124755
0.864257
0.678977
0.908376
0.736983
1.0
0.0124497
0.911458
0.753137
1.00089
0.921237
1.0
0.012444
0.645168
0.613901
0.737808
0.741913
1.0
0.0124223
0.640265
0.623749
0.813879
0.893739
1.0
0.0124082
0.572607
0.489934
0.763641
0.772478
1.0
0.0124019
0.465371
0.546836
0.513683
0.615694
1.0
0.0123789
0.495047
0.286985
0.53985
0.353606
1.0
0.0123756
0.273705
0.32616
0.304919
0.371052
1.0
0.0123568
0.322749
0.363076
0.353307
0.409322
1.0
0.0123565
0.219498
0.214843
0.309229
0.344722
1.0
0.0123396
0.837134
0.492297
0.937744
0.610351
1.0
0.0123006
0.222333
0.291798
0.256358
0.340847
1.0
0.0122997
0.817436
0.603366
0.857173
0.651975
1.0
0.0122617
0.240889
0.583345
0.279088
0.640974
1.0
0.0122271
0.865613
0.720852
0.905623
0.774305
1.0
0.0121971
0.144745
0.288194
0.178618
0.33616
1.0
0.0121943
0.242816
0.55469
0.281078
0.610429
1.0
0.0121938
0.967056
0.457185
0.999801
0.515309
1.0
0.0121666
0.393273
0.480427
0.434238
0.543443
1.0
0.0121549
0.222497
0.258455
0.256797
0.309793
1.0
0.0121311
0.295514
0.325818
0.327722
0.373287
1.0
0.0121261
0.732208
0.81633
0.911456
1.02225
1.0
0.0121173
0.643622
0.792011
0.681839
0.843156
1.0
0.012106
0.0678711
-0.148105
0.603116
0.645984
1.0
0.0120733
0.00412668
0.38875
0.0349425
0.448545
1.0
0.012054
0.246944
0.394117
0.278595
0.43902
1.0
0.012042
0.322391
0.39276
0.353595
0.441829
1.0
0.0120401
0.118212
0.553499
0.157425
0.612116
1.0
0.0120211
0.14217
0.11589
0.178167
0.174282
1.0
0.0120127
0.17027
0.289973
0.203486
0.33743
1.0
0.012007
0.916484
0.487183
0.993461
0.601184
1.0
0.0120042
0.240701
0.616237
0.333031
0.749035
1.0
0.0119801
0.295813
0.391983
0.327314
0.439794
1.0
0.0119708
0.718232
0.910896
0.808731
1.0059
1.0
0.011969
0.321247
0.491927
0.354167
0.536096
1.0
0.011966
0.788054
0.479738
0.882322
0.5874
1.0
0.0119364
0.673061
0.755303
0.714063
0.81165
1.0
0.0119261
0.636393
0.817594
0.813882
1.02408
1.0
0.0119251
0.838076
0.684858
0.882447
0.741686
1.0
0.011923
0.248022
0.325175
0.27898
0.368233
1.0
0.0119202
0.144469
0.191302
0.177976
0.242301
1.0
0.011899
0.780219
0.571902
0.974297
0.841106
1.0
0.0118981
0.167796
0.504461
0.266971
0.629651
1.0
0.011898
0.542578
0.753688
0.583315
0.808661
1.0
0.0118823
0.0026065
0.4499
0.0345745
0.511985
1.0
0.0118277
0.59075
0.757702
0.633032
0.812382
1.0
0.0118227
0.269994
0.553326
0.30472
0.605454
1.0
0.0118175
0.0964206
0.255165
0.128821
0.305736
1.0
0.0118062
0.941687
0.495542
0.983496
0.548844
1.0
0.0117788
0.320799
0.328289
0.352539
0.375616
1.0
0.0117636
0.170294
0.226672
0.204964
0.280162
1.0
0.0117154
0.225345
0.494272
0.258915
0.538934
1.0
0.0117103
0.0939707
0.191565
0.127572
0.245002
1.0
0.0117103
0.542002
0.717711
0.584383
0.769533
1.0
0.0116938
0.145497
0.228196
0.180434
0.281418
1.0
0.0116356
0.421226
0.48378
0.461635
0.545028
1.0
0.0116226
0.586478
0.583363
0.633902
0.64506
1.0
0.0116004
0.274096
0.394116
0.305124
0.439377
1.0
0.0115961
0.74154
0.715709
0.785159
0.774421
1.0
0.0115908
0.596455
0.920394
0.640843
0.982869
1.0
0.0115722
0.274926
0.364128
0.305631
0.40836
1.0
0.0115702
0.306907
0.291776
0.479951
0.565576
1.0
0.0115381
0.343824
0.586018
0.382624
0.641066
1.0
0.0115143
0.968547
0.416929
1.00031
0.477025
1.0
0.0115014
0.63775
0.321042
0.683789
0.385161
1.0
0.0114899
0.817679
0.515454
0.856412
0.563991
1.0
0.0114178
0.349927
0.330464
0.381183
0.379025
1.0
0.0114116
0.263901
0.525691
0.362858
0.655324
1.0
0.011384
0.390688
0.386272
0.430442
0.452234
1.0
0.0113787
0.511801
0.406861
0.566242
0.491214
1.0
0.0113778
0.220657
0.526089
0.258107
0.57942
1.0
0.0113711
0.742646
0.788962
0.783308
0.843369
1.0
0.0113633
0.145689
0.323036
0.177602
0.367235
1.0
0.0113579
0.271601
0.291071
0.306767
0.341938
1.0
0.0113576
0.35302
0.362299
0.3849
0.412679
1.0
0.0113545
0.722005
0.648444
0.764256
0.706047
1.0
0.0113271
0.00434253
0.255686
0.0335291
0.312218
1.0
0.0113166
0.664588
0.285231
0.708938
0.343917
1.0
0.0112857
0.126289
0.289571
0.158882
0.337955
1.0
0.0112446
0.564469
0.752884
0.607891
0.809129
1.0
0.0112418
0.658566
0.474739
0.762708
0.617357
1.0
0.0112395
0.965015
0.286774
0.99971
0.353291
1.0
0.0112284
0.27065
0.259345
0.305134
0.310916
1.0
0.0112241
0.171363
0.55584
0.209231
0.612106
1.0
0.0112088
0.318186
0.291679
0.352847
0.341325
1.0
0.0111952
0.124909
0.2577
0.158396
0.309689
1.0
0.0111779
0.291681
0.28701
0.381504
0.425287
1.0
0.0111681
0.0968806
0.329194
0.127672
0.375872
1.0
0.0111681
0.0944412
0.530116
0.131008
0.583689
1.0
0.011127
0.295853
0.362676
0.328031
0.4106
1.0
0.0111222
0.514322
0.621318
0.555768
0.6829
1.0
0.0111121
0.323951
0.424481
0.354532
0.472011
1.0
0.011089
0.742154
0.679988
0.786374
0.742786
1.0
0.0110739
0.710138
0.746592
0.802814
0.890437
1.0
0.0110716
0.220214
0.555718
0.258719
0.611942
1.0
0.0110693
0.14239
0.585852
0.180864
0.643196
1.0
0.0110642
0.351802
0.38955
0.385214
0.444169
1.0
0.0110642
0.644575
0.72042
0.685031
0.772293
1.0
0.0110538
0.911219
0.682376
0.9968
0.821898
1.0
0.0110486
0.69091
0.957003
0.734914
1.00207
1.0
0.0110311
0.358837
0.603803
0.463095
0.751479
1.0
0.011028
0.610731
0.717827
0.65157
0.769655
1.0
0.0110189
0.238793
0.713839
0.280827
0.769945
1.0
0.0109911
0.613839
0.758149
0.654754
0.811769
1.0
0.0109888
0.146122
0.393742
0.178341
0.439613
1.0
0.0109653
0.714969
0.786537
0.759529
0.84343
1.0
0.0109534
0.269979
0.346806
0.360441
0.479872
1.0
0.0109283
0.538764
0.619137
0.585895
0.680225
1.0
0.0109212
0.607
0.474939
0.655438
0.549426
1.0
0.0108935
0.246368
0.290989
0.281199
0.340524
1.0
0.0108616
0.669958
0.822326
0.709632
0.878345
1.0
0.0108469
0.641688
0.855786
0.680673
0.911895
1.0
0.0108459
0.265178
0.659121
0.303131
0.711149
1.0
0.0108321
0.846234
0.604488
0.883999
0.649595
1.0
0.0108138
0.373526
0.334052
0.405223
0.385194
1.0
0.0107671
0.615081
0.793597
0.653594
0.846179
1.0
0.0107484
0.00414291
0.32194
0.0324824
0.377169
1.0
0.010746
0.196583
0.326432
0.228115
0.370105
1.0
0.0107411
0.694584
0.654763
0.735848
0.710516
1.0
0.0107215
0.29453
0.260409
0.329269
0.310964
1.0
0.0106995
0.290073
0.525005
0.324689
0.57326
1.0
0.0106798
0.964758
0.822091
0.999643
0.886377
1.0
0.0106669
0.268993
0.584832
0.305402
0.640397
1.0
0.0106581
0.63411
0.449204
0.680568
0.515894
1.0
0.0106387
0.190938
0.658309
0.234195
0.716106
1.0
0.010628
0.668932
0.854787
0.706787
0.908984
1.0
0.0106169
0.446445
0.656691
0.485288
0.710403
1.0
0.0106148
0.0736393
0.489542
0.274775
0.78618
1.0
0.0106014
0.911652
0.596674
0.950544
0.642602
1.0
0.0105772
0.9196
0.182937
0.960701
0.24526
1.0
0.0105656
0.640966
0.827163
0.680614
0.880756
1.0
0.0105627
0.329304
0.331808
0.416448
0.474687
1.0
0.0105579
0.665218
0.321833
0.707792
0.384122
1.0
0.0105565
0.142354
0.529526
0.179552
0.582013
1.0
0.0105392
0.294093
0.292458
0.32953
0.343632
1.0
0.0105201
0.768987
0.741631
0.857992
0.879921
1.0
0.0105171
0.319739
0.259412
0.354157
0.309605
1.0
0.0105171
0.616125
0.85549
0.656503
0.915937
1.0
0.0105127
0.839133
0.753534
0.880134
0.808667
1.0
0.0104959
0.844757
0.781512
0.937914
0.931752
1.0
0.0104749
0.141622
0.65839
0.183073
0.714181
1.0
0.0104674
0.712791
0.479695
0.816296
0.607093
1.0
0.0104382
0.173508
0.325919
0.204354
0.370161
1.0
0.0103954
0.866164
0.788332
0.907137
0.846352
1.0
0.0103867
0.469622
0.289567
0.508852
0.349088
1.0
0.010384
0.595229
0.823435
0.635011
0.877734
1.0
0.0103419
0.888752
0.60416
0.929225
0.652957
1.0
0.0103391
0.291164
0.492295
0.324727
0.537705
1.0
0.0103347
0.815624
0.749239
0.859281
0.807707
1.0
0.0103251
0.0635115
0.335263
0.153682
0.469415
1.0
0.0103094
0.0781156
0.0335717
0.266689
0.402566
1.0
0.0103033
0.113561
0.101815
0.202111
0.249568
1.0
0.0102925
0.392219
0.579489
0.431549
0.639977
1.0
0.0102799
0.81826
0.786233
0.858736
0.840981
1.0
0.0102658
0.274236
0.469796
0.305538
0.516274
1.0
0.0102541
0.167806
0.657244
0.210309
0.715023
1.0
0.0102408
0.867534
0.822424
0.908053
0.879442
1.0
0.0102293
0.19569
0.529263
0.233228
0.582003
1.0
0.0102261
0.668009
0.655179
0.70877
0.711486
1.0
0.01022
0.44867
0.328098
0.487153
0.386025
1.0
0.0102124
0.496877
0.697961
0.595355
0.831876
1.0
0.0101711
0.246636
0.469822
0.27806
0.514969
1.0
0.0101613
0.19517
0.918042
0.27345
1.00316
1.0
0.0101524
0.962261
0.87837
0.999486
0.95119
1.0
0.010147
0.123234
0.390694
0.155821
0.440389
1.0
0.010122
0.346412
0.488041
0.382014
0.539822
1.0
0.010122
0.242083
0.956606
0.280998
0.996195
1.0
0.0101174
0.00167797
0.398575
0.0771214
0.542316
1.0
0.0101059
0.644659
0.7584
0.685922
0.811742
1.0
0.0100893
0.172243
0.393448
0.204245
0.439727
1.0
0.0100847
0.517882
0.262912
0.560881
0.326469
1.0
0.0100718
0.830975
0.921645
0.878417
0.983098
1.0
0.0100709
0.171976
0.193058
0.205135
0.244425
1.0
0.010069
0.894173
0.217353
0.931909
0.273543
1.0
0.0100686
0.221124
0.324815
0.25244
0.368482
1.0
0.010064
0.66235
0.381583
0.706747
0.448037
1.0
0.0100601
0.275175
0.425226
0.305187
0.469277
1.0
0.0100571
0.907507
0.652305
0.948192
0.704662
1.0
0.0100374
0.691899
0.588956
0.735023
0.64545
1.0
0.0100372
0.221595
0.226844
0.257164
0.279619
1.0
0.0100326
0.866096
0.754244
0.906897
0.808344
1.0
0.0100235
0.615807
0.824977
0.65606
0.880588
1.0
0.0100052
0.904664
0.628373
0.94537
0.675841
1.0
0.0100026
0.456959
0.667781
0.551174
0.797406
