1.0
0.789666
0.457726
0.31972
0.59888
0.557408
1.0
0.218812
0.342609
0.313806
0.734529
0.900616
1.0
0.051841
-0.0112226
0.73035
0.355933
1.01508
1.0
0.0413636
0.489849
0.665388
0.52619
0.713958
1.0
0.0351633
0.51082
0.316247
0.564049
0.400254
1.0
0.0350727
0.44107
0.374158
0.48685
0.456118
1.0
0.0327499
0.551833
0.410715
0.963679
1.00858
1.0
0.0299959
0.534173
0.435391
0.588029
0.520211
1.0
0.0298595
0.810463
0.65082
0.857654
0.712116
1.0
0.0296862
0.423995
0.396244
0.53381
0.588859
1.0
0.0287126
0.813937
0.64185
0.905207
0.766039
1.0
0.0278983
0.463008
0.441656
0.649801
0.750993
1.0
0.0264176
0.440772
0.50543
0.489638
0.581447
1.0
0.0262344
0.533078
0.373871
0.589919
0.466434
1.0
0.0260871
0.866023
0.636168
0.90767
0.685016
1.0
0.0260637
0.563591
0.690681
0.607498
0.742696
1.0
0.0256164
0.378415
0.396846
0.467823
0.557766
1.0
0.0248057
0.574581
0.363608
0.674965
0.525473
1.0
0.0244076
0.485496
0.342531
0.543858
0.433767
1.0
0.0236296
0.743886
0.623572
0.82984
0.739385
1.0
0.0229696
0.441896
0.325396
0.487958
0.402252
1.0
0.0229014
0.744056
0.631222
0.785253
0.684349
1.0
0.0228952
0.561615
0.510982
0.605625
0.574444
1.0
0.0228295
0.930967
0.145997
0.998847
0.304127
1.0
0.0228179
0.500602
0.4809
0.605427
0.639132
1.0
0.0224923
0.587729
0.471861
0.681432
0.610515
1.0
0.0219355
0.367838
0.505148
0.466783
0.660985
1.0
0.0214136
0.513855
0.667676
0.614748
0.781783
1.0
0.0213709
0.58399
0.381518
0.633448
0.453512
1.0
0.0213642
0.959979
0.180526
0.997236
0.25732
1.0
0.0209404
0.445107
0.510388
0.542725
0.672052
1.0
0.0209356
0.489447
0.285509
0.539258
0.357583
1.0
0.0207793
0.558067
0.317924
0.605908
0.393546
1.0
0.0205116
0.88655
0.0769798
1.00355
0.399339
1.0
0.0204777
0.557876
0.544363
0.659857
0.685407
1.0
0.0201609
0.799566
0.682104
0.840524
0.741456
1.0
0.0199976
0.485974
0.548665
0.534115
0.617558
1.0
0.0198806
0.471893
0.631965
0.559165
0.744532
1.0
0.0197319
0.418475
0.514385
0.461327
0.580334
1.0
0.0195941
0.612156
0.581519
0.710392
0.715276
1.0
0.0195922
0.580671
0.549029
0.779425
0.83448
1.0
0.0192255
0.622058
0.524433
0.662758
0.581113
1.0
0.0192183
0.423913
0.355192
0.463841
0.420471
1.0
0.0189928
0.411539
0.321655
0.502712
0.475505
1.0
0.0189117
0.571489
0.615106
0.670779
0.744378
1.0
0.0186783
0.507237
0.467596
0.564816
0.550997
1.0
0.0186659
0.437267
0.440789
0.487385
0.525193
1.0
0.018653
0.968442
0.689109
0.999469
0.745792
1.0
0.0184181
0.420573
0.414683
0.461848
0.485604
1.0
0.0181725
0.968268
0.591402
0.999536
0.647688
1.0
0.0181533
0.216878
0.954949
0.25493
0.994519
1.0
0.0180046
0.469562
0.578708
0.511688
0.641217
1.0
0.0178908
0.965033
0.719133
0.998573
0.779352
1.0
0.0177921
0.676387
0.526945
0.882394
0.783949
1.0
0.0177697
0.968131
0.653452
1.00014
0.713321
1.0
0.0177372
-0.00403692
0.304134
0.474455
1.05876
1.0
0.0177228
0.970001
0.556924
1.00022
0.613361
1.0
0.0176663
0.899112
0.850479
0.997849
0.99423
1.0
0.0174124
0.968048
0.622047
0.999245
0.676586
1.0
0.0171929
0.275401
0.495494
0.307655
0.540565
1.0
0.0171576
0.317876
0.483866
0.420054
0.626485
1.0
0.0168606
0.444902
0.285983
0.48966
0.35536
1.0
0.0168537
0.59039
0.518969
0.634745
0.576341
1.0
0.016815
0.216375
0.535462
0.314231
0.675383
1.0
0.0167082
0.634908
0.508434
0.730878
0.647512
1.0
0.0162902
0.396202
0.518518
0.437165
0.582566
1.0
0.0162556
0.673202
0.728448
0.710166
0.77766
1.0
0.0162077
0.271962
0.525304
0.307047
0.577245
1.0
0.0161351
0.593403
0.554959
0.637038
0.614116
1.0
0.0161202
0.697367
0.637029
0.789483
0.773976
1.0
0.016095
0.817417
0.585749
0.914181
0.698232
1.0
0.0160844
0.562412
0.548539
0.608116
0.613305
1.0
0.0159792
0.586972
0.662987
0.629052
0.718117
1.0
0.0158629
0.534076
0.290564
0.584243
0.360746
1.0
0.0156903
0.508349
0.664437
0.550765
0.717209
1.0
0.0155917
0.628586
0.406458
0.733946
0.559774
1.0
0.0155882
0.0958014
0.534708
0.208699
0.682577
1.0
0.0155812
0.259112
0.496348
0.35614
0.621601
1.0
0.0155697
0.762046
0.649947
0.804007
0.707963
1.0
0.0154613
0.534597
0.547761
0.582503
0.614796
1.0
0.015443
0.55402
0.705289
0.652518
0.83671
1.0
0.015408
0.81766
0.707258
0.906816
0.845415
1.0
0.0153182
0.849507
0.620678
0.948253
0.735786
1.0
0.0153118
0.539925
0.665383
0.585009
0.719887
1.0
0.0152626
0.617114
0.687032
0.711011
0.814572
1.0
0.0152286
0.58461
0.452843
0.632961
0.518009
1.0
0.0151658
0.942278
0.748984
0.987729
0.810216
1.0
0.0151479
0.96758
0.520697
0.998961
0.577821
1.0
0.0151215
0.963928
0.282607
0.998462
0.350922
1.0
0.015063
0.543201
0.289437
0.650356
0.449818
1.0
0.0150436
0.779995
0.607567
0.976617
0.903654
1.0
0.0149539
0.221907
0.680511
0.313096
0.815322
1.0
0.0149234
0.667773
0.55604
0.768873
0.688802
1.0
0.0148293
0.484389
0.504391
0.537473
0.582336
1.0
0.0147716
0.777712
0.673344
0.860899
0.794569
1.0
0.0147106
0.81186
0.714602
0.855506
0.771718
1.0
0.0146583
0.50868
0.397442
0.569636
0.491849
1.0
0.0146452
0.586513
0.320579
0.634852
0.390505
1.0
0.0146316
0.0767991
-0.0778939
0.566528
0.641742
1.0
0.0146181
0.911804
0.619936
0.998911
0.757048
1.0
0.0145048
0.721601
0.647329
0.764297
0.70581
1.0
0.0144798
0.838671
0.647644
0.887553
0.703601
1.0
0.0144666
0.542876
0.710221
0.585543
0.762017
1.0
0.0144434
0.964621
0.490186
0.997273
0.544559
1.0
0.0143065
0.240777
0.716457
0.283978
0.776108
1.0
0.0141958
0.504795
0.241048
0.608486
0.388916
1.0
0.0141832
0.271562
0.552246
0.308456
0.607606
1.0
0.0140769
0.943251
0.565316
1.0045
0.677545
1.0
0.0139774
0.513689
0.260971
0.558691
0.327686
1.0
0.0139685
0.194306
0.955541
0.234787
0.995634
1.0
0.0139087
0.615912
0.618723
0.657585
0.678533
1.0
0.0139026
0.343127
0.520763
0.380568
0.577271
1.0
0.0138635
0.66686
0.589172
0.707256
0.644727
1.0
0.0138582
0.459373
0.471501
0.518146
0.557283
1.0
0.013788
0.670342
0.715241
0.761873
0.848072
1.0
0.0137629
0.314146
0.566134
0.424295
0.720451
1.0
0.0137267
0.640197
0.586651
0.68169
0.643439
1.0
0.0137231
0.918243
0.48242
0.994871
0.601566
1.0
0.0136831
0.587118
0.712694
0.628512
0.766138
1.0
0.0135713
0.169308
0.961622
0.206409
0.99671
1.0
0.013535
0.547155
0.363603
0.748502
0.647025
1.0
0.0135284
0.247605
0.529061
0.283331
0.580713
1.0
0.0134792
0.484389
0.43455
0.545447
0.525797
1.0
0.0134364
0.245061
0.661554
0.283361
0.716862
1.0
0.013423
0.264741
0.65479
0.304145
0.711115
1.0
0.0133508
0.267568
0.752972
0.311123
0.811807
1.0
0.0133225
0.164982
0.519671
0.265267
0.64924
1.0
0.0133205
0.170059
0.554859
0.208476
0.610698
1.0
0.0132782
0.46119
0.40086
0.516725
0.490626
1.0
0.0132661
0.817009
0.951095
0.861527
0.99703
1.0
0.0132512
0.14416
0.123706
0.178446
0.176262
1.0
0.0132332
0.840346
0.72034
0.879745
0.772278
1.0
0.0132299
0.864299
0.679657
0.906576
0.737304
1.0
0.013229
0.614669
0.584675
0.656394
0.644225
1.0
0.0131809
0.866464
0.722897
0.905048
0.7753
1.0
0.0131629
0.912917
0.714112
1.00031
0.864174
1.0
0.0131586
0.309113
0.341205
0.488572
0.623487
1.0
0.013119
0.96838
0.351466
0.999227
0.412267
1.0
0.0131101
0.672033
0.754401
0.712055
0.807584
1.0
0.0130506
0.768235
0.68293
0.808158
0.741062
1.0
0.0130414
0.420279
0.235811
0.514054
0.374832
1.0
0.0130206
0.245824
0.610898
0.338355
0.754853
1.0
0.0129856
0.694856
0.653415
0.736115
0.709971
1.0
0.0129235
0.963168
0.948597
1.00024
0.999277
1.0
0.0129147
0.420887
0.28818
0.459875
0.349599
1.0
0.0128967
0.243806
0.553899
0.281529
0.610051
1.0
0.0128358
0.883031
0.646648
0.924157
0.697404
1.0
0.0128229
0.56439
0.585626
0.608226
0.646069
1.0
0.0127978
0.0978051
0.258548
0.128338
0.30767
1.0
0.0127627
0.371953
0.553587
0.413271
0.615996
1.0
0.0127595
0.79811
0.635677
0.841747
0.686806
1.0
0.0126992
0.445932
0.579525
0.489746
0.644715
1.0
0.0126617
0.693521
0.591576
0.734576
0.644884
1.0
0.0126382
0.160669
0.61145
0.256698
0.753927
1.0
0.0125772
0.768867
0.717401
0.808161
0.771307
1.0
0.0125258
0.669612
0.654907
0.708386
0.710642
1.0
0.0124916
0.21961
0.528593
0.257479
0.583182
1.0
0.0124415
0.81427
0.499457
0.852056
0.54286
1.0
0.0124077
0.647055
0.724904
0.686269
0.774221
1.0
0.0123446
0.611115
0.653755
0.65361
0.709268
1.0
0.0123343
0.115803
0.554558
0.156435
0.613197
1.0
0.0123137
0.609023
0.323263
0.708713
0.466648
1.0
0.0123115
0.640206
0.622238
0.681734
0.679377
1.0
0.0122673
0.00221635
0.718598
0.0348554
0.777121
1.0
0.012264
0.660157
0.349507
0.763392
0.49412
1.0
0.0122559
0.60776
0.689917
0.650509
0.742558
1.0
0.0122132
0.27139
0.583331
0.309714
0.642531
1.0
0.0121865
0.396465
0.449949
0.438102
0.51631
1.0
0.0121605
0.613092
0.722263
0.65155
0.772139
1.0
0.01207
0.385101
0.595032
0.491433
0.744379
1.0
0.0120398
0.54046
0.622289
0.585836
0.682274
1.0
0.0120348
0.242009
0.582547
0.279624
0.640834
1.0
0.0119791
0.219622
0.581052
0.259065
0.641495
1.0
0.0119745
0.867173
0.755669
0.906297
0.807845
1.0
0.0119736
0.511706
0.579777
0.554644
0.639475
1.0
0.0119605
0.489327
0.629579
0.527968
0.689538
1.0
0.0119527
0.266018
0.956375
0.306497
0.998481
1.0
0.0119418
0.612893
0.414396
0.657799
0.48033
1.0
0.0119311
0.344096
0.584607
0.384261
0.643552
1.0
0.0119202
0.0972367
0.326826
0.126972
0.372518
1.0
0.0118551
0.671147
0.690597
0.708393
0.742981
1.0
0.0118335
0.611882
0.349743
0.657124
0.418078
1.0
0.0118227
0.865096
0.954981
0.908234
0.997909
1.0
0.0117797
0.615559
0.7583
0.654513
0.808599
1.0
0.0117793
0.592657
0.756961
0.632495
0.809125
1.0
0.0117768
0.0723446
0.208443
0.159768
0.346169
1.0
0.0117365
0.292127
0.557404
0.330282
0.612548
1.0
0.0117146
0.21767
0.717525
0.260682
0.775595
1.0
0.0116991
0.837989
0.684754
0.881136
0.741448
1.0
0.011689
0.294942
0.584413
0.333238
0.642196
1.0
0.0116826
0.320075
0.524072
0.356856
0.575906
1.0
0.0116719
0.617411
0.788131
0.713186
0.929582
1.0
0.0116617
0.739099
0.706102
0.829484
0.846636
1.0
0.011623
0.495136
0.209968
0.695301
0.498086
1.0
0.011614
0.691495
0.780481
0.788429
0.914487
1.0
0.0116116
0.326731
0.405714
0.417796
0.554024
1.0
0.0115248
0.568601
0.752783
0.608149
0.80532
1.0
0.0115245
0.686428
0.477902
0.792351
0.612791
1.0
0.0115066
0.145152
0.3243
0.176241
0.369505
1.0
0.0115014
0.194321
0.529984
0.232375
0.583101
1.0
0.0114695
0.397387
0.356521
0.435318
0.415932
1.0
0.0114637
0.660366
0.519419
0.703662
0.576355
1.0
0.0114585
0.124519
0.923017
0.20645
1.00584
1.0
0.0114543
0.142922
0.531444
0.18067
0.583472
1.0
0.0114507
0.966734
0.459226
0.999175
0.517368
1.0
0.0114272
0.37241
0.522027
0.411885
0.582205
1.0
0.0113637
0.0571495
0.491853
0.270727
0.792137
1.0
0.0113503
0.0925194
0.531258
0.131379
0.585288
1.0
0.0113368
0.196239
0.910886
0.272586
1.001
1.0
0.0113286
0.923296
0.229028
0.993966
0.383069
1.0
0.0113271
0.144132
0.259654
0.176877
0.309432
1.0
0.0113269
0.915286
0.690858
0.954172
0.742741
1.0
0.0112957
0.762583
0.888641
0.867074
1.00021
1.0
0.0112908
0.764453
0.956522
0.808996
1.00068
1.0
0.0112833
0.935656
0.910457
0.990431
0.985481
1.0
0.0112728
0.969099
0.419876
1.00014
0.478872
1.0
0.0112649
0.860549
0.678581
0.966213
0.825454
1.0
0.0112591
0.371597
0.254843
0.46587
0.403479
1.0
0.0112412
0.965032
0.117207
0.998643
0.185082
1.0
0.0111397
0.590659
0.621182
0.635668
0.682256
1.0
0.0110809
0.923782
0.18478
0.962345
0.248341
1.0
0.0110658
0.91504
0.595963
0.952252
0.642131
1.0
0.0110515
0.615083
0.489311
0.658743
0.550146
1.0
0.0110436
0.840467
0.754557
0.88089
0.808277
1.0
0.0110213
0.271008
0.623093
0.307268
0.679004
1.0
0.0110162
0.815038
0.749997
0.858355
0.807812
1.0
0.0109913
0.288363
0.727369
0.329487
0.782202
1.0
0.0109908
0.644877
0.690449
0.685137
0.743205
1.0
0.0109803
0.466967
0.260956
0.511018
0.328486
1.0
0.0109763
0.34475
0.723183
0.380749
0.772482
1.0
0.0109413
0.00425948
0.256592
0.031338
0.310221
1.0
0.0109308
0.74203
0.677257
0.7867
0.740433
1.0
0.0109253
0.218865
0.473074
0.309667
0.594003
1.0
0.0108618
0.191277
0.71885
0.23566
0.774942
1.0
0.0108566
0.0132127
0.548951
0.0560437
0.614331
1.0
0.0108395
0.45206
0.65571
0.490798
0.708416
1.0
0.010827
0.965573
0.821575
0.999751
0.883379
1.0
0.0107777
0.718065
0.682423
0.760899
0.74002
1.0
0.01077
0.646313
0.75748
0.687648
0.808905
1.0
0.01077
0.693731
0.688124
0.734109
0.74348
1.0
0.0107646
0.866686
0.604841
0.907198
0.656547
1.0
0.0107288
0.00428847
0.388377
0.0344203
0.445462
1.0
0.010714
0.125655
0.289672
0.157557
0.339641
1.0
0.0107091
0.373357
0.486615
0.411343
0.541412
1.0
0.0106966
0.143694
0.289653
0.176516
0.33814
1.0
0.0106314
0.795632
0.125306
0.830105
0.1747
1.0
0.0106236
0.89474
0.220406
0.930608
0.276286
1.0
0.0106144
0.14481
0.393908
0.176636
0.4406
1.0
0.0106067
0.0977565
0.291144
0.128977
0.340068
1.0
0.0106051
0.685791
0.676478
0.869084
0.953558
1.0
0.010578
0.71384
0.956252
0.760014
1.00016
1.0
0.0105684
0.221969
0.494804
0.256335
0.54147
1.0
0.0105676
0.415447
0.578773
0.457302
0.643215
1.0
0.0105219
0.911254
0.653627
0.950023
0.704349
1.0
0.0105155
0.013984
0.416573
0.053623
0.479133
1.0
0.0105027
0.816741
0.602959
0.85656
0.652604
1.0
0.0104744
0.249673
0.495612
0.283472
0.542085
1.0
0.0104724
0.219098
0.618513
0.25724
0.675425
1.0
0.0104487
0.00328084
0.521868
0.0362883
0.582669
1.0
0.0104358
0.31624
0.585572
0.356344
0.642617
1.0
0.0104215
0.165983
0.711955
0.260063
0.850267
1.0
0.010412
0.266905
0.710575
0.356288
0.847504
1.0
0.0103964
0.0958707
0.391663
0.12765
0.440791
1.0
0.0103817
0.24349
0.753534
0.286766
0.811056
1.0
0.0103509
0.191027
0.687903
0.23576
0.744847
1.0
0.010332
0.695857
0.624548
0.738138
0.679022
1.0
0.0103292
0.866484
0.78764
0.906928
0.842852
1.0
0.0103269
0.672117
0.786084
0.710692
0.837649
1.0
0.0103206
0.317356
0.557123
0.355937
0.611079
1.0
0.0102307
0.764074
0.602142
0.804598
0.654137
1.0
0.0102289
0.120592
0.214368
0.205121
0.344593
1.0
0.0102261
0.124193
0.259431
0.156353
0.3109
1.0
0.0102195
0.890585
0.688049
0.929817
0.740132
1.0
0.0101841
0.123201
0.392858
0.154707
0.440883
1.0
0.0101799
0.638507
0.546781
0.679173
0.60487
1.0
0.0101758
0.00315531
0.453363
0.0348117
0.513058
1.0
0.0101748
0.560349
0.253511
0.609049
0.323845
1.0
0.0101748
0.374515
0.452911
0.41278
0.512899
1.0
0.0101655
0.717159
0.910374
0.813072
1.00607
1.0
0.0101339
0.663623
0.351398
0.708188
0.417172
1.0
0.0100488
0.345051
0.653394
0.383399
0.709611
1.0
0.0100324
0.76811
0.479389
0.85836
0.58291
1.0
0.0100008
0.141614
0.583699
0.180902
0.641232
