1.0
0.585845
0.340502
0.413689
0.533453
0.730106
1.0
0.0417547
0.323757
0.48999
0.435363
0.667148
1.0
0.0373574
0.127196
0.263256
0.515287
0.889636
1.0
0.0351502
0.357072
0.60922
0.408281
0.684655
1.0
0.0307289
0.340265
0.526611
0.384093
0.589144
1.0
0.0298279
0.735862
0.611691
1.00803
1.03119
1.0
0.0284587
0.325653
0.549685
0.363282
0.604122
1.0
0.0273008
0.354847
0.583496
0.470727
0.771124
1.0
0.0269178
0.439255
0.436955
0.563785
0.622524
1.0
0.0257727
0.509193
0.473673
0.559899
0.55599
1.0
0.025622
0.419485
0.566999
0.547779
0.76946
1.0
0.0224629
0.344316
0.5894
0.388301
0.653368
1.0
0.0224474
0.361846
0.419206
0.41146
0.490022
1.0
0.0221209
0.963557
0.948877
1.0013
0.999639
1.0
0.0212352
0.844134
0.748953
0.951484
0.880882
1.0
0.0210927
0.324105
0.617966
0.361825
0.670725
1.0
0.0209867
0.606554
0.568263
0.700331
0.707615
1.0
0.0207559
0.865278
0.793503
0.918713
0.8514
1.0
0.0202154
0.334106
0.395728
0.45835
0.572591
1.0
0.0199711
0.362838
0.665759
0.411562
0.739685
1.0
0.0198137
0.357836
0.546249
0.40704
0.615764
1.0
0.018868
0.911146
0.906496
0.994499
1.00125
1.0
0.0185439
0.343237
0.45658
0.388698
0.52251
1.0
0.018198
0.308216
0.580563
0.404338
0.735177
1.0
0.0181862
0.617562
0.95619
0.660705
0.996995
1.0
0.0178679
0.361378
0.480303
0.410768
0.551581
1.0
0.0178436
0.710529
0.950653
0.757456
0.997562
1.0
0.0178069
0.897096
0.773494
0.992356
0.892588
1.0
0.0176827
0.960393
0.820677
0.999874
0.881384
1.0
0.017487
0.387354
0.416791
0.440483
0.491066
1.0
0.016948
0.670756
0.657966
0.714413
0.716888
1.0
0.0169265
0.488955
0.648384
0.53908
0.720413
1.0
0.0168156
0.379711
0.638655
0.430147
0.714272
1.0
0.0167696
0.666265
0.956378
0.709995
0.997526
1.0
0.0165579
0.558129
0.366694
0.961506
0.967675
1.0
0.0164865
0.524121
0.460622
0.619797
0.628872
1.0
0.0163823
0.559282
0.597093
0.665359
0.748788
1.0
0.0163442
0.405731
0.69733
0.52205
0.853234
1.0
0.016218
0.325277
0.458369
0.68323
1.04682
1.0
0.0161636
0.322442
0.460921
0.362578
0.520667
1.0
0.0158025
0.386096
0.515718
0.436572
0.586966
1.0
0.0155732
0.576579
0.510925
0.669563
0.668345
1.0
0.0154898
0.966011
0.756391
1.00073
0.809446
1.0
0.0153949
0.662556
0.622373
0.747997
0.741011
1.0
0.0152701
0.49175
0.578064
0.539224
0.646399
1.0
0.0152044
0.434772
0.450242
0.490972
0.524066
1.0
0.0151926
0.61593
0.644409
0.713582
0.775261
1.0
0.0151837
0.53715
0.650889
0.583784
0.721075
1.0
0.0150596
0.497971
0.606891
0.595833
0.766944
1.0
0.0150498
0.641333
0.652197
0.686929
0.709321
1.0
0.0146713
0.210276
0.67578
0.30471
0.810206
1.0
0.0146549
0.859956
0.95009
0.91117
1.00043
1.0
0.014628
0.731512
0.888295
0.838697
0.998419
1.0
0.0145092
0.409124
0.677687
0.462228
0.750633
1.0
0.0144828
0.0147098
0.547383
0.0549807
0.611228
1.0
0.0144587
0.823408
0.90581
0.918685
1.00276
1.0
0.0144563
0.818629
0.812032
0.932582
0.951831
1.0
0.0144128
0.269938
0.639073
0.365062
0.781705
1.0
0.0143583
0.7657
0.955635
0.808198
0.999609
1.0
0.0141636
0.762715
0.680175
0.870663
0.812566
1.0
0.014141
0.595236
0.95808
0.638324
0.998895
1.0
0.0141253
0.461032
0.416911
0.511434
0.490329
1.0
0.0140826
0.320667
0.646845
0.360348
0.706633
1.0
0.0138834
0.510933
0.53957
0.556916
0.616503
1.0
0.0138666
0.363194
0.711813
0.409151
0.777574
1.0
0.0138393
0.51201
0.676927
0.561736
0.753166
1.0
0.0136698
0.684132
0.911598
0.777438
1.00263
1.0
0.0136352
0.614096
0.58039
0.663294
0.654273
1.0
0.0136112
0.71066
0.613062
0.815035
0.751653
1.0
0.0135888
0.819127
0.789021
0.865025
0.844497
1.0
0.0135438
0.435566
0.712111
0.486162
0.782054
1.0
0.013467
0.00443653
0.520894
0.0346675
0.578814
1.0
0.0132742
0.965726
0.722722
1.00024
0.777504
1.0
0.0132269
0.96447
0.884215
1.00163
0.946115
1.0
0.013116
0.463225
0.678512
0.515243
0.752437
1.0
0.0130268
0.321424
0.423407
0.360671
0.484201
1.0
0.0130236
0.77282
0.749621
0.877902
0.88301
1.0
0.0129438
0.931673
0.697608
1.00597
0.809927
1.0
0.0129031
0.00430834
0.454741
0.0326355
0.510521
1.0
0.0128795
0.815616
0.951266
0.865022
1.00016
1.0
0.0128502
0.014571
0.486609
0.0518268
0.54854
1.0
0.0127802
0.32098
0.682593
0.362712
0.74397
1.0
0.0127542
0.243513
0.65903
0.281121
0.713111
1.0
0.0127392
0.00875562
0.476795
0.0812097
0.613435
1.0
0.0127106
0.171345
0.690499
0.207746
0.744009
1.0
0.0127096
0.903543
0.796826
0.958687
0.856126
1.0
0.012691
0.517847
0.479905
0.702452
0.778703
1.0
0.0126784
0.590294
0.34151
0.685366
0.484442
1.0
0.0126586
0.56912
0.959765
0.610061
1.00058
1.0
0.0125324
0.513795
0.617664
0.558283
0.686148
1.0
0.0125229
0.620746
0.921439
0.714762
1.00667
1.0
0.0124831
0.415989
0.781795
0.461776
0.847146
1.0
0.0124762
0.217832
0.398852
0.408227
0.701191
1.0
0.0124643
0.341617
0.392901
0.388544
0.460835
1.0
0.0124264
0.31122
0.695307
0.424703
0.857936
1.0
0.0123739
0.390619
0.712152
0.439288
0.779859
1.0
0.0123727
0.283008
0.445884
0.388061
0.60236
1.0
0.0123362
0.815843
0.721839
0.86027
0.77601
1.0
0.0123306
0.562507
0.513965
0.604931
0.58049
1.0
0.0123284
0.925329
0.619574
1.00086
0.722541
1.0
0.0123064
0.437163
0.643395
0.489114
0.71754
1.0
0.0122863
0.937111
0.628594
0.982944
0.678292
1.0
0.0122585
0.617895
0.416387
0.703825
0.5583
1.0
0.0121356
0.910921
0.847633
0.958055
0.909326
1.0
0.0121201
0.381952
0.579901
0.433578
0.65429
1.0
0.0121118
0.534778
0.505932
0.580868
0.580854
1.0
0.0120896
0.91114
0.951852
0.958111
1.00094
1.0
0.0120289
0.393796
0.362039
0.520992
0.52014
1.0
0.0119496
0.300871
0.6261
0.336553
0.676284
1.0
0.0119033
0.836948
0.645649
0.944898
0.773202
1.0
0.0118866
0.616775
0.645897
0.662826
0.708271
1.0
0.0118812
0.269274
0.656267
0.304923
0.706566
1.0
0.0118494
0.711073
0.753084
0.812625
0.889509
1.0
0.0118175
0.435721
0.511903
0.488788
0.585093
1.0
0.0117636
0.013391
0.616487
0.0529883
0.676561
1.0
0.0117199
0.619404
0.386962
0.657031
0.445812
1.0
0.0117044
0.632051
0.615474
0.680917
0.680056
1.0
0.0116916
0.933543
0.795238
0.986964
0.855637
1.0
0.0116781
0.817021
0.818178
0.863235
0.87709
1.0
0.0116326
0.73743
0.953115
0.783937
0.99996
1.0
0.0114724
0.460729
0.477802
0.51475
0.554131
1.0
0.0114413
0.0035784
0.586084
0.0344095
0.644919
1.0
0.0114098
0.671086
0.422227
0.706135
0.474744
1.0
0.0113476
0.408023
0.479223
0.462741
0.556716
1.0
0.0113467
0.411645
0.387906
0.461374
0.460423
1.0
0.0113372
0.967444
0.691037
0.999466
0.742062
1.0
0.011308
0.670011
0.389952
0.7072
0.444244
1.0
0.0113003
0.4933
0.399158
0.595026
0.559852
1.0
0.0112473
0.64541
0.389119
0.683093
0.443786
1.0
0.0112349
0.177939
0.550087
0.373612
0.844782
1.0
0.0112213
0.532164
0.346745
0.630902
0.498463
1.0
0.0112136
0.142138
0.675797
0.237428
0.813151
1.0
0.0112085
0.769231
0.610644
0.878533
0.738446
1.0
0.0111756
0.409764
0.544105
0.46343
0.619661
1.0
0.011173
0.220937
0.687866
0.2579
0.743174
1.0
0.0111295
0.683626
0.66543
0.780935
0.799427
1.0
0.0111118
0.146237
0.691778
0.183327
0.745097
1.0
0.0110891
0.00117379
0.628774
0.0655198
0.747574
1.0
0.0110693
0.58931
0.649837
0.636424
0.712122
1.0
0.0110582
0.963637
0.653843
0.997881
0.707799
1.0
0.0110516
0.00441171
0.388475
0.0318997
0.442925
1.0
0.011047
0.668535
0.817881
0.865964
1.02197
1.0
0.0109778
0.670732
0.457555
0.705948
0.511706
1.0
0.0109313
0.489039
0.501922
0.544881
0.585753
1.0
0.0109084
0.686446
0.67699
0.729008
0.734924
1.0
0.010903
0.707349
0.655289
0.751398
0.713133
1.0
0.0108986
0.556652
0.413938
0.654477
0.568942
1.0
0.0108963
0.272433
0.627884
0.305266
0.67464
1.0
0.0107995
0.740817
0.821286
0.784829
0.87966
1.0
0.0107607
0.642759
0.526838
0.682476
0.586156
1.0
0.0107313
0.93954
0.845678
0.990479
0.911363
1.0
0.01073
0.407878
0.254635
0.764236
0.760411
1.0
0.010663
0.531377
0.455799
0.577405
0.525081
1.0
0.0106484
0.486801
0.389255
0.535389
0.461004
1.0
0.0105828
0.407288
0.611726
0.46204
0.687498
1.0
0.01057
0.663865
0.512452
0.755868
0.650506
1.0
0.0105348
0.00332755
0.655863
0.0340442
0.7135
1.0
0.0105299
0.871719
0.63247
0.909003
0.673968
1.0
0.0104936
0.5423
0.95965
0.584836
1.00195
1.0
0.0104867
0.514215
0.956558
0.554797
0.999901
1.0
0.0104767
0.241098
0.716505
0.337021
0.857266
1.0
0.0104125
0.695002
0.42805
0.731378
0.477927
1.0
0.010412
0.618485
0.453906
0.65649
0.513793
1.0
0.0104025
0.814939
0.855844
0.863021
0.915943
1.0
0.010394
0.883026
0.916027
0.937254
0.985108
1.0
0.0103841
0.062245
0.680219
0.167295
0.820905
1.0
0.0103297
0.792428
0.822197
0.836857
0.878537
1.0
0.0103207
0.592434
0.518745
0.633427
0.5811
1.0
0.0103043
0.146919
0.665848
0.180815
0.715454
1.0
0.0102924
0.665753
0.625412
0.708269
0.685193
1.0
0.0102827
0.476908
0.719234
0.58178
0.887265
1.0
0.0102548
0.619658
0.423124
0.656794
0.480643
1.0
0.010232
-0.00692793
0.415415
0.13737
0.689555
1.0
0.0102125
0.298954
0.362566
0.403319
0.509744
1.0
0.0102035
0.817625
0.759407
0.861028
0.811081
1.0
0.0102009
0.492439
0.821221
0.533343
0.882911
1.0
0.010192
0.489909
0.924113
0.529906
0.981821
1.0
0.0101845
0.546021
0.915842
0.637245
1.01083
1.0
0.0101595
0.489118
0.783795
0.533658
0.849069
1.0
0.0101545
0.000259614
0.418498
0.0603146
0.538074
1.0
0.0101382
0.642746
0.681818
0.689947
0.742767
1.0
0.0101244
0.438242
0.869672
0.536655
1.0035
1.0
0.01012
0.0747595
0.491495
0.105649
0.544097
1.0
0.0101156
0.241359
0.715857
0.282084
0.775645
1.0
0.0100962
0.0728025
0.519823
0.105109
0.575086
1.0
0.0100916
0.765335
0.720661
0.809507
0.777713
1.0
0.0100464
0.268215
0.688968
0.306594
0.744239
1.0
0.0100433
0.268647
0.718266
0.308923
0.776321
1.0
0.0100281
0.766948
0.82243
0.807341
0.877588
1.0
0.0100095
0.339988
0.748924
0.387831
0.813422
