1.0
0.253945
0.342397
0.493824
0.55765
0.836656
1.0
0.0467646
0.502072
0.482996
0.58428
0.622163
1.0
0.0304391
0.608394
0.579237
0.704574
0.71311
1.0
0.0304338
0.335466
0.470579
0.471266
0.668067
1.0
0.0290438
0.350476
0.579578
0.464081
0.759303
1.0
0.0282153
0.401692
0.665466
0.522518
0.839618
1.0
0.0277705
0.387473
0.414731
0.785647
0.947472
1.0
0.0273735
0.710199
0.607922
1.00865
1.03713
1.0
0.0268599
0.50113
0.932243
0.537692
0.982314
1.0
0.0258752
0.866073
0.794414
0.920197
0.850125
1.0
0.0255015
0.559901
0.482661
0.651055
0.63232
1.0
0.0244908
0.963562
0.949642
1.00116
0.999004
1.0
0.023994
0.534445
0.602034
0.630103
0.753573
1.0
0.0236931
0.318702
0.380395
0.454878
0.53201
1.0
0.0225737
0.444299
0.512498
0.568679
0.710054
1.0
0.0225107
0.0905577
0.407401
0.57491
0.992072
1.0
0.0224609
0.669278
0.656601
0.713661
0.717856
1.0
0.0223709
0.538741
0.683721
0.584589
0.750909
1.0
0.0222362
0.645543
0.522881
0.685726
0.582284
1.0
0.0220065
0.319548
0.618369
0.363697
0.681447
1.0
0.0219866
0.667459
0.955546
0.709678
0.99621
1.0
0.0219362
0.644858
0.644856
0.734495
0.767522
1.0
0.0219219
0.615949
0.486948
0.703867
0.627164
1.0
0.021749
0.288693
0.433665
0.410404
0.594131
1.0
0.0215103
0.30014
0.544368
0.407286
0.690472
1.0
0.0214576
0.615691
0.61191
0.662374
0.678451
1.0
0.0204507
0.387155
0.706739
0.434623
0.776322
1.0
0.0202897
0.642053
0.652164
0.687166
0.709461
1.0
0.0202619
0.71282
0.952221
0.756033
0.996026
1.0
0.0200464
0.912657
0.908729
0.995115
1.00051
1.0
0.019867
0.643927
0.95725
0.685696
0.997418
1.0
0.0191575
0.367135
0.676417
0.41674
0.750908
1.0
0.0191567
0.845175
0.753768
0.947869
0.868667
1.0
0.0190018
0.282578
0.612112
0.377135
0.745667
1.0
0.0188193
0.510422
0.491134
0.70426
0.774767
1.0
0.0187248
0.960568
0.821396
0.999907
0.88059
1.0
0.0185035
0.519405
0.194629
0.90514
0.767045
1.0
0.0182558
0.471957
0.651368
0.578559
0.822236
1.0
0.0181078
0.895664
0.772562
0.994266
0.885591
1.0
0.0175625
0.596032
0.41862
0.684265
0.561658
1.0
0.0174744
0.619522
0.453641
0.65878
0.514706
1.0
0.0174397
0.65729
0.555871
0.752506
0.696139
1.0
0.0174285
0.393098
0.779565
0.435356
0.840426
1.0
0.0173325
0.565959
0.657062
0.605302
0.717292
1.0
0.0170149
0.591463
0.522994
0.63074
0.58289
1.0
0.0170069
0.620631
0.957988
0.659932
0.997033
1.0
0.0168332
0.366761
0.781054
0.407613
0.841832
1.0
0.0168156
0.634515
0.587059
0.682249
0.653948
1.0
0.0168102
0.322929
0.695427
0.427585
0.853699
1.0
0.016656
0.37001
0.361052
0.415288
0.41829
1.0
0.0165847
0.437612
0.779678
0.483608
0.84154
1.0
0.016305
0.340633
0.642628
0.38977
0.717559
1.0
0.0163043
0.643201
0.681979
0.691873
0.743879
1.0
0.0162638
0.271397
0.677239
0.371561
0.821199
1.0
0.0162224
0.55745
0.51414
0.599809
0.585052
1.0
0.0161136
0.665747
0.624005
0.709115
0.684288
1.0
0.0160771
0.567617
0.95903
0.605177
0.998887
1.0
0.0159393
0.436237
0.516564
0.487246
0.592478
1.0
0.0159285
0.385457
0.636043
0.438439
0.720369
1.0
0.0157307
0.412782
0.744979
0.463934
0.816386
1.0
0.0157232
0.58684
0.668826
0.692286
0.810268
1.0
0.0157046
0.819593
0.79118
0.862956
0.843586
1.0
0.0156157
0.511228
0.911662
0.595055
1.00626
1.0
0.015591
0.618676
0.521706
0.659945
0.582752
1.0
0.0155697
0.669685
0.459823
0.706477
0.515378
1.0
0.0155494
0.385198
0.349454
0.524896
0.508607
1.0
0.0155215
0.966161
0.756556
1.00086
0.809368
1.0
0.0154971
0.00526284
0.191993
0.0337203
0.24684
1.0
0.0154731
0.386858
0.791048
0.570733
1.02105
1.0
0.0154579
0.567314
0.350676
0.664191
0.490875
1.0
0.0154013
-0.00290613
0.110762
0.338285
0.779922
1.0
0.0153777
0.669353
0.424386
0.705081
0.477654
1.0
0.0153359
0.663461
0.548024
0.70405
0.605987
1.0
0.0153011
0.765613
0.956163
0.806666
0.998833
1.0
0.0152078
0.641321
0.456926
0.680622
0.514256
1.0
0.0151697
0.461549
0.544729
0.512255
0.621447
1.0
0.0151522
0.664796
0.487706
0.752708
0.621967
1.0
0.0151389
0.437516
0.578971
0.485521
0.65223
1.0
0.0151284
0.667488
0.492205
0.704571
0.548339
1.0
0.0150703
0.592725
0.583607
0.64081
0.652461
1.0
0.0150641
0.2496
0.589269
0.460114
0.897132
1.0
0.0149946
0.595297
0.959227
0.634874
0.998647
1.0
0.0149638
0.686633
0.915525
0.775105
1.00264
1.0
0.0148493
0.861314
0.95302
0.910897
1.00049
1.0
0.0148355
0.0680556
0.140371
0.150626
0.28648
1.0
0.0148352
0.53193
0.394082
0.625225
0.540868
1.0
0.0147887
0.516202
0.824054
0.551809
0.875013
1.0
0.0147619
0.319255
0.422015
0.365835
0.490033
1.0
0.0147554
0.0967727
0.195712
0.1269
0.245998
1.0
0.0147373
0.618831
0.387385
0.658144
0.446005
1.0
0.0146546
0.732991
0.889775
0.835407
0.996715
1.0
0.014604
0.364615
0.581586
0.416675
0.657372
1.0
0.014561
0.662088
0.589313
0.70685
0.652402
1.0
0.0145226
0.00446569
0.521897
0.0345826
0.580444
1.0
0.0145187
0.928196
0.823276
1.00491
0.935192
1.0
0.0144793
0.711211
0.612906
0.816698
0.752636
1.0
0.0144752
0.360144
0.752049
0.472437
0.908749
1.0
0.0144469
0.437712
0.647911
0.484726
0.719083
1.0
0.0144101
0.462894
0.916911
0.541343
1.00708
1.0
0.0143867
0.901421
0.797551
0.957426
0.853594
1.0
0.0143714
0.964406
0.884793
1.00148
0.944693
1.0
0.0143583
0.474746
0.955968
0.513773
0.997441
1.0
0.0141346
0.799498
0.886417
0.902993
0.993815
1.0
0.0140933
0.0127639
0.548122
0.0531348
0.614032
1.0
0.0140762
0.627588
0.921494
0.716149
1.00502
1.0
0.0140474
0.514497
0.789801
0.553384
0.849207
1.0
0.0140391
0.644866
0.387421
0.683835
0.443256
1.0
0.0140166
0.319382
0.680866
0.361141
0.741295
1.0
0.0138645
0.815491
0.951343
0.86505
1.00004
1.0
0.0138603
0.774292
0.788178
0.876308
0.910957
1.0
0.0138233
0.81894
0.817168
0.93082
0.943826
1.0
0.0137943
0.910735
0.850509
0.958254
0.908669
1.0
0.0136704
0.912012
0.953546
0.95845
1.00042
1.0
0.0136455
0.458906
0.746969
0.509594
0.818186
1.0
0.0135684
0.591099
0.653376
0.635032
0.711245
1.0
0.0135124
0.444443
0.959467
0.485155
1.00166
1.0
0.0134517
0.697181
0.460683
0.732404
0.511748
1.0
0.0134236
0.41828
0.421575
0.546988
0.601769
1.0
0.0133499
0.668297
0.388449
0.706458
0.443493
1.0
0.0132892
0.664199
0.711932
0.760792
0.846288
1.0
0.0132542
0.00358157
0.583801
0.0355992
0.646024
1.0
0.0132301
0.0951658
0.257966
0.12647
0.30592
1.0
0.0132079
0.709629
0.65418
0.752935
0.711307
1.0
0.0131756
0.503014
0.736062
0.601846
0.891277
1.0
0.0131569
0.519788
0.853709
0.551131
0.90101
1.0
0.0131248
0.763051
0.680743
0.868479
0.809228
1.0
0.0131032
0.96613
0.723965
1.00075
0.778497
1.0
0.0130982
0.406531
0.541979
0.461463
0.625867
1.0
0.0130959
0.572478
0.36567
0.760818
0.650678
1.0
0.0129643
0.934877
0.629737
0.982227
0.68027
1.0
0.0129496
0.929689
0.697782
1.00668
0.80695
1.0
0.0129384
0.487938
0.648589
0.53452
0.716802
1.0
0.0129183
0.863919
0.00569507
0.978776
0.156132
1.0
0.0129085
0.816767
0.696018
0.926483
0.82208
1.0
0.0128089
0.690208
0.628715
0.730671
0.686588
1.0
0.0127453
0.617879
0.556118
0.658443
0.615238
1.0
0.0127444
0.464761
0.0519784
0.505247
0.108883
1.0
0.012675
0.765414
0.920905
0.808213
0.979159
1.0
0.0126068
0.816998
0.820636
0.861436
0.87474
1.0
0.0125956
0.492856
0.789033
0.532928
0.846278
1.0
0.0125635
0.737685
0.953538
0.782749
0.999037
1.0
0.0125617
0.849262
0.673934
1.01047
0.907314
1.0
0.0125212
0.00458131
0.455379
0.0331555
0.511211
1.0
0.012495
0.642629
0.425311
0.682071
0.483084
1.0
0.0124928
0.00428459
0.387963
0.0329546
0.443639
1.0
0.0124415
0.616156
0.683654
0.662173
0.743331
1.0
0.0123502
0.71426
0.52163
0.753965
0.577244
1.0
0.0123345
0.489443
0.712914
0.536741
0.782701
1.0
0.0123284
0.212309
0.679911
0.307272
0.815417
1.0
0.0123118
0.712857
0.554706
0.754167
0.610867
1.0
0.012295
0.0126005
0.612278
0.0539338
0.675309
1.0
0.0122812
0.434024
0.71145
0.486164
0.787477
1.0
0.0122662
0.565626
0.388934
0.606646
0.448933
1.0
0.0122606
0.357227
0.447292
0.412604
0.523743
1.0
0.0122449
0.537491
0.57031
0.581286
0.641169
1.0
0.0121648
0.442353
0.324076
0.65762
0.63611
1.0
0.0121643
0.593573
0.38871
0.63284
0.446816
1.0
0.0121229
0.0042349
0.255755
0.0325322
0.310735
1.0
0.0121195
0.488594
0.75046
0.535436
0.817653
1.0
0.0121118
0.538072
0.46546
0.582392
0.53628
1.0
0.0120338
0.56681
0.579648
0.608779
0.64635
1.0
0.0120291
0.416982
0.957985
0.458311
1.00072
1.0
0.0120264
0.0146339
0.216342
0.0513826
0.276524
1.0
0.0120182
0.565287
0.422502
0.60525
0.484799
1.0
0.0120146
0.817398
0.722516
0.860888
0.775403
1.0
0.0119992
0.884282
0.918211
0.935863
0.982737
1.0
0.011955
0.537952
0.748579
0.580602
0.811662
1.0
0.011887
0.641441
0.391034
0.731346
0.527025
1.0
0.011885
0.347037
0.708981
0.392419
0.775279
1.0
0.0118715
0.934106
0.795867
0.986711
0.853941
1.0
0.011844
0.903321
0.613785
0.993971
0.717686
1.0
0.0118434
0.614845
0.716101
0.659782
0.775353
1.0
0.0118227
0.568528
0.61664
0.609825
0.682456
1.0
0.0117987
0.492053
0.513249
0.545795
0.589758
1.0
0.0117713
0.587317
0.68501
0.632543
0.742258
1.0
0.0117663
0.463244
0.61435
0.513062
0.68943
1.0
0.0117493
0.0753095
0.192873
0.10528
0.245097
1.0
0.0117422
0.0140106
0.487848
0.0512433
0.548963
1.0
0.0117205
0.00436817
0.530797
0.0775129
0.673941
1.0
0.0117066
0.317632
0.713655
0.359163
0.774727
1.0
0.011689
0.145033
0.194527
0.175697
0.243314
1.0
0.0116831
0.47701
0.356465
0.58179
0.510801
1.0
0.0116781
0.0159833
0.688361
0.0613372
0.755255
1.0
0.0116332
0.145281
0.260776
0.177452
0.307893
1.0
0.0116332
0.489355
0.576496
0.536134
0.647505
1.0
0.0116194
0.33191
0.861746
0.444177
0.997167
1.0
0.0116083
0.261294
0.76674
0.371157
0.92101
1.0
0.0115872
0.515595
0.70852
0.56054
0.778445
1.0
0.0115666
0.683428
0.678169
0.727838
0.737991
1.0
0.0115555
0.708021
0.787373
0.808649
0.921113
1.0
0.0115534
0.538533
0.956725
0.579172
0.998716
1.0
0.0115376
0.337079
0.478374
0.392665
0.556698
1.0
0.0115248
0.458415
0.479372
0.511236
0.557279
1.0
0.0115218
0.00348768
0.287915
0.0329522
0.343127
1.0
0.0114977
0.563302
0.71134
0.602831
0.77109
1.0
0.0114851
0.540484
0.423927
0.583378
0.487828
1.0
0.0114619
0.122971
0.220764
0.154713
0.270908
1.0
0.0114272
0.862101
0.848057
0.914518
0.910667
1.0
0.0114017
0.591634
0.488777
0.631769
0.548714
1.0
0.0113752
0.5745
0.245213
0.674792
0.379318
1.0
0.0113603
0.000955034
0.62309
0.0693622
0.74513
1.0
0.0113528
0.71568
0.486438
0.754748
0.542763
1.0
0.0113404
0.619726
0.832392
0.81713
1.02882
1.0
0.0113287
0.47111
0.854372
0.50739
0.907183
1.0
0.011291
0.00388138
0.322379
0.0328858
0.379524
1.0
0.0112828
0.794493
0.825073
0.836594
0.876389
1.0
0.0112386
0.36305
0.515837
0.414734
0.595029
1.0
0.0111753
0.297112
0.617013
0.340469
0.678158
1.0
0.0111549
0.0953289
0.292637
0.128161
0.341476
1.0
0.0111194
0.791973
0.955537
0.838373
1.0025
1.0
0.0111169
0.352768
0.314427
0.462206
0.436907
1.0
0.0111121
0.967508
0.690763
0.999791
0.741043
1.0
0.0111118
0.69726
0.428382
0.734173
0.480063
1.0
0.0110265
0.340072
0.590764
0.38973
0.659082
1.0
0.0110185
0.580921
0.742556
0.686615
0.885249
1.0
0.0110164
0.146757
0.122098
0.178857
0.174022
1.0
0.0109312
0.410572
0.480872
0.464228
0.560429
1.0
0.0109312
0.311325
0.551725
0.359928
0.618217
1.0
0.0108881
0.962387
0.653499
0.997771
0.707895
1.0
0.010876
0.436681
0.762973
0.539076
0.905464
1.0
0.0108657
0.615792
0.314237
0.709913
0.447704
1.0
0.0108538
0.695618
0.488441
0.733096
0.542683
1.0
0.010827
0.270761
0.620675
0.308361
0.675031
1.0
0.0108144
0.000349013
0.417913
0.0609577
0.540287
1.0
0.0108072
0.416633
0.812944
0.459054
0.874573
1.0
0.0108069
0.143747
0.222481
0.175924
0.271073
1.0
0.0107941
0.711376
0.508916
0.811767
0.655447
1.0
0.0107725
0.844619
0.812994
0.896472
0.871444
1.0
0.0107631
0.593918
0.456719
0.633806
0.517989
1.0
0.0107215
0.691692
0.592631
0.732266
0.650464
1.0
0.0107181
0.667636
0.708874
0.710337
0.769145
1.0
0.0107156
0.569427
0.916775
0.660562
1.00843
1.0
0.0107142
0.590869
0.716813
0.634108
0.774739
1.0
0.010714
0.366468
0.956628
0.409389
1.00108
1.0
0.010675
0.820318
0.630245
0.860519
0.679351
1.0
0.0106604
0.871333
0.633199
0.908949
0.674111
1.0
0.0106256
0.0644294
0.247113
0.152563
0.388819
1.0
0.0106215
0.620907
0.353476
0.660177
0.410022
1.0
0.0106167
0.168286
0.689428
0.206517
0.743258
1.0
0.0105801
0.840652
0.611332
0.947645
0.721629
1.0
0.01057
0.717003
0.457884
0.7544
0.511803
1.0
0.0105604
0.122626
0.259336
0.154035
0.30723
1.0
0.0105589
0.0979601
0.463253
0.128106
0.509636
1.0
0.0104912
0.39208
0.814347
0.434616
0.876598
1.0
0.0104435
0.159994
0.676802
0.255358
0.810713
1.0
0.0104177
0.498866
0.853858
0.533004
0.903215
1.0
0.0104154
0.797051
0.793151
0.836545
0.842065
1.0
0.0104077
0.344999
0.75222
0.389058
0.817893
1.0
0.0104009
0.818767
0.761092
0.860327
0.810839
1.0
0.0103987
0.54091
0.388482
0.582793
0.448701
1.0
0.0103793
0.391493
0.956852
0.435467
1.00178
1.0
0.0103778
0.675363
0.544034
0.88291
0.845792
1.0
0.0103747
0.248065
0.858895
0.365935
0.996088
1.0
0.0103725
0.462621
0.678503
0.511113
0.750797
1.0
0.0103717
0.224077
0.588304
0.313893
0.715155
1.0
0.0103486
0.593355
0.421885
0.633072
0.481884
1.0
0.0103419
0.341335
0.391637
0.391332
0.457874
1.0
0.0103175
0.471556
0.125684
0.504458
0.174885
1.0
0.010297
0.403238
0.353232
0.457158
0.416264
1.0
0.010262
0.387759
0.453928
0.441296
0.527346
1.0
0.0102455
0.406881
0.674387
0.459161
0.751606
1.0
0.0102081
0.718858
0.426904
0.755464
0.477901
1.0
0.0102032
0.490932
0.803976
0.575067
0.947183
1.0
0.0101893
0.768519
0.610578
0.877645
0.738999
1.0
0.0101479
0.0960364
0.323903
0.127354
0.370848
1.0
0.0101424
0.563465
0.460243
0.602379
0.523235
1.0
0.0101387
0.0028525
0.65456
0.0351633
0.713245
1.0
0.0101109
0.691038
0.522729
0.730681
0.577818
1.0
0.0100962
0.173963
0.123671
0.206165
0.17586
1.0
0.0100801
0.61693
0.78903
0.657258
0.842776
1.0
0.0100617
0.714632
0.590792
0.755426
0.647141
1.0
0.0100415
0.487705
0.352775
0.533687
0.413697
1.0
0.0100276
0.393625
0.912567
0.48455
1.01098
