1.0
0.339326
0.440458
0.423902
0.572454
0.618364
1.0
0.322712
0.349326
0.36531
0.713787
0.894303
1.0
0.0430258
-0.00284779
0.71535
0.363921
1.00971
1.0
0.0417492
0.485265
0.662172
0.529286
0.721623
1.0
0.0370681
0.438797
0.450329
0.489337
0.526587
1.0
0.0365987
0.420417
0.449625
0.460718
0.513816
1.0
0.0340845
0.456382
0.329193
0.567059
0.505934
1.0
0.0330697
0.563834
0.691964
0.612336
0.751478
1.0
0.0323251
0.799833
0.63411
0.887162
0.739604
1.0
0.0316832
0.868103
0.636265
0.910464
0.684174
1.0
0.0315201
0.45337
0.615405
0.541685
0.742302
1.0
0.0298194
0.809086
0.653676
0.854123
0.713001
1.0
0.0290206
0.556891
0.45801
0.941252
1.00388
1.0
0.0282939
0.438713
0.50333
0.494738
0.586473
1.0
0.0277342
0.385373
0.411672
0.478637
0.555036
1.0
0.0274189
0.367623
0.542608
0.464856
0.680018
1.0
0.0272911
0.482261
0.449603
0.541613
0.534659
1.0
0.0272234
0.50016
0.535988
0.560313
0.617928
1.0
0.0263297
0.397131
0.522363
0.580538
0.792739
1.0
0.0261227
0.53435
0.518305
0.586281
0.590981
1.0
0.0259765
0.440978
0.580501
0.488417
0.650258
1.0
0.0258763
0.746469
0.631371
0.786134
0.681943
1.0
0.0255805
0.461062
0.382993
0.511765
0.461132
1.0
0.0246837
0.745877
0.623958
0.830137
0.735618
1.0
0.0236834
0.264964
0.952007
0.305182
0.995635
1.0
0.0236687
0.884044
0.0803418
1.00157
0.388205
1.0
0.0235395
0.552475
0.638819
0.64363
0.758157
1.0
0.0235075
0.799406
0.681675
0.840303
0.740562
1.0
0.0232179
0.840625
0.613476
0.929526
0.709924
1.0
0.0229334
0.485598
0.568212
0.539504
0.640617
1.0
0.0214125
0.414183
0.583363
0.458467
0.64815
1.0
0.0208611
0.590647
0.519111
0.637403
0.579596
1.0
0.0207381
0.505305
0.474506
0.616457
0.626563
1.0
0.0205055
0.496865
0.294122
0.604486
0.431541
1.0
0.0202466
0.559354
0.708719
0.650607
0.834387
1.0
0.0202238
0.616932
0.517272
0.661137
0.578435
1.0
0.0200343
0.415915
0.548631
0.460735
0.614015
1.0
0.0199083
0.532587
0.452102
0.586416
0.526248
1.0
0.0198975
0.509351
0.381964
0.560952
0.461347
1.0
0.0198895
0.392691
0.597683
0.494335
0.740446
1.0
0.0196695
0.967887
0.653561
0.999868
0.712802
1.0
0.0195553
0.814212
0.674709
0.903781
0.804018
1.0
0.0195234
0.960626
0.180862
0.997775
0.254644
1.0
0.019459
0.536135
0.314186
0.58543
0.382661
1.0
0.0193836
0.648417
0.616572
0.736284
0.744607
1.0
0.0193658
0.701606
0.598814
0.792109
0.718468
1.0
0.0192966
0.968737
0.687243
0.999858
0.743318
1.0
0.0192621
0.395329
0.521003
0.435971
0.580127
1.0
0.019228
0.493906
0.489334
0.692661
0.751797
1.0
0.0191654
0.490327
0.651073
0.58316
0.764148
1.0
0.0191345
0.422636
0.397299
0.459337
0.457934
1.0
0.0191301
0.967559
0.591616
0.999322
0.648243
1.0
0.0191056
0.969686
0.558716
0.999796
0.614086
1.0
0.0190893
0.678173
0.52794
0.882121
0.777299
1.0
0.0189975
0.715531
0.681127
0.808657
0.815963
1.0
0.0188481
0.967847
0.622579
0.999172
0.677778
1.0
0.0188055
0.815215
0.951487
0.860425
0.996877
1.0
0.0187076
0.55328
0.539833
0.652443
0.674451
1.0
0.0185184
0.557802
0.545557
0.605566
0.612066
1.0
0.0184886
0.402373
0.428375
0.437962
0.48343
1.0
0.0182392
0.392321
0.552316
0.437947
0.617656
1.0
0.0181533
0.614618
0.755815
0.655701
0.808918
1.0
0.0181445
0.397598
0.484558
0.43667
0.54376
1.0
0.0181117
0.589735
0.483544
0.676202
0.610457
1.0
0.0180618
0.672622
0.722759
0.711282
0.777
1.0
0.0179811
0.663641
0.556963
0.762668
0.686754
1.0
0.0179324
0.897664
0.841141
0.996156
0.994012
1.0
0.0176984
0.619812
0.687746
0.707365
0.809642
1.0
0.0176264
0.754048
0.891155
0.861589
1.00172
1.0
0.0175903
0.392933
0.612557
0.438489
0.678087
1.0
0.0175513
0.487254
0.317654
0.538989
0.391359
1.0
0.0175394
0.345112
0.586205
0.385056
0.644803
1.0
0.0173144
0.54436
0.708049
0.590685
0.76488
1.0
0.0172713
0.145851
0.260169
0.178588
0.310418
1.0
0.0172511
0.549552
0.419881
0.655321
0.57182
1.0
0.0172502
0.72219
0.64847
0.762607
0.705583
1.0
0.0172199
0.614559
0.541824
0.707316
0.675097
1.0
0.0171488
0.315444
0.573375
0.42136
0.720808
1.0
0.0171346
0.9666
0.349804
0.998126
0.413346
1.0
0.0170366
0.668208
0.653878
0.708504
0.713547
1.0
0.0167509
0.44856
0.652559
0.493477
0.714675
1.0
0.0167077
0.672937
0.715942
0.760896
0.847421
1.0
0.0165056
0.670828
0.690252
0.709218
0.746456
1.0
0.0164682
0.604202
0.689151
0.649946
0.747917
1.0
0.0164384
0.462762
0.532603
0.526873
0.619514
1.0
0.0163443
0.764163
0.64982
0.804717
0.706187
1.0
0.0163041
0.591778
0.794403
0.679019
0.930056
1.0
0.0161792
0.0706187
0.202728
0.161587
0.355017
1.0
0.0160524
0.866261
0.00594679
0.979604
0.172002
1.0
0.016014
0.81237
0.713257
0.855843
0.770239
1.0
0.0159922
0.967073
0.718067
1.00004
0.778137
1.0
0.0159748
0.590314
0.753304
0.633886
0.809215
1.0
0.0158772
0.486462
0.622522
0.533125
0.69247
1.0
0.015808
0.74208
0.688351
0.996472
0.995001
1.0
0.015745
0.274853
0.495294
0.306973
0.539686
1.0
0.0155815
0.217473
0.95585
0.255119
0.995128
1.0
0.0155812
0.322011
0.487608
0.416439
0.621478
1.0
0.015525
0.514717
0.293393
0.558635
0.351438
1.0
0.0155215
0.965159
0.286741
0.998772
0.354163
1.0
0.0155203
0.418652
0.649436
0.457548
0.706386
1.0
0.0154887
0.967951
0.522294
0.998957
0.577853
1.0
0.0154024
0.586371
0.663502
0.631556
0.724836
1.0
0.0153139
0.373652
0.390063
0.404463
0.439776
1.0
0.0152972
0.691555
0.888099
0.80187
0.997732
1.0
0.0152733
0.561519
0.488045
0.607473
0.555777
1.0
0.0152618
0.501821
0.574247
0.608555
0.716736
1.0
0.0152187
0.293956
0.130461
0.6124
0.642765
1.0
0.0151212
0.605399
0.883772
0.702121
0.997051
1.0
0.0150778
0.586137
0.56175
0.777431
0.839965
1.0
0.0150572
0.328026
0.351338
0.501618
0.622267
1.0
0.0150321
0.943604
0.566885
1.00363
0.675512
1.0
0.0150191
0.691914
0.592449
0.732307
0.645959
1.0
0.0149871
0.613422
0.580867
0.656673
0.642365
1.0
0.0149531
0.464114
0.711272
0.560772
0.84155
1.0
0.0149237
0.417566
0.357095
0.453916
0.414972
1.0
0.0148898
0.618265
0.219277
0.658371
0.276182
1.0
0.0148898
0.966421
0.75073
0.999968
0.809758
1.0
0.0148089
0.375378
0.364095
0.40539
0.411118
1.0
0.0147688
0.244663
0.926697
0.283843
0.980373
1.0
0.0147649
0.429516
0.672415
0.521739
0.803915
1.0
0.0147485
0.96619
0.491233
0.997546
0.54407
1.0
0.014698
0.262947
0.492311
0.354067
0.614237
1.0
0.0146919
0.694304
0.653155
0.734853
0.710731
1.0
0.0146816
0.763416
0.954354
0.809713
0.99969
1.0
0.0145952
0.374413
0.423525
0.405599
0.474046
1.0
0.0145885
0.511994
0.684146
0.559117
0.742592
1.0
0.0145226
0.644986
0.720929
0.685653
0.775538
1.0
0.0144962
0.344463
0.722409
0.380745
0.774546
1.0
0.0144428
0.645064
0.783752
0.73176
0.912241
1.0
0.0144369
0.0130019
0.415286
0.0536843
0.478875
1.0
0.0144041
0.816149
0.50147
0.852531
0.541546
1.0
0.0143978
0.533563
0.571663
0.584489
0.644546
1.0
0.014293
0.164458
0.537823
0.260195
0.676371
1.0
0.0142545
0.0970095
0.257447
0.128446
0.307849
1.0
0.0142345
0.523304
0.345023
0.628736
0.504269
1.0
0.0142343
0.399256
0.331505
0.490775
0.481521
1.0
0.0141121
0.941045
0.628233
1.00334
0.739023
1.0
0.0141093
0.612893
0.94679
0.658967
0.99617
1.0
0.0140903
0.84317
0.648479
0.890703
0.702468
1.0
0.0140762
0.370081
0.584891
0.412471
0.647168
1.0
0.0140411
0.666313
0.587316
0.706724
0.64578
1.0
0.0139784
0.562773
0.291084
0.604906
0.348361
1.0
0.0139496
0.6584
0.479712
0.761379
0.614765
1.0
0.0139152
0.342556
0.520248
0.379855
0.575917
1.0
0.0138761
0.66966
0.784925
0.711045
0.841027
1.0
0.0138666
0.967307
0.38465
0.998874
0.445813
1.0
0.0138018
0.538806
0.66047
0.586724
0.723478
1.0
0.0137856
0.104529
0.535783
0.21321
0.683066
1.0
0.0137724
0.172024
0.259234
0.204077
0.308891
1.0
0.013736
0.840081
0.72062
0.879602
0.772371
1.0
0.0137136
0.643212
0.689566
0.684253
0.746221
1.0
0.0136953
0.565984
0.749215
0.609777
0.80697
1.0
0.0136828
0.671427
0.75346
0.713232
0.811505
1.0
0.0136638
0.742732
0.679202
0.785499
0.740968
1.0
0.0136383
0.471607
0.709866
0.50814
0.762779
1.0
0.0136327
0.394837
0.360309
0.429686
0.414289
1.0
0.0136246
0.0857324
0.120043
0.277811
0.460523
1.0
0.0136234
0.797121
0.637094
0.838839
0.685368
1.0
0.0136143
0.327857
0.4145
0.411437
0.548901
1.0
0.0135435
0.969438
0.417082
0.999763
0.475834
1.0
0.013537
0.644888
0.756368
0.686452
0.811161
1.0
0.0135281
0.769934
0.682912
0.809058
0.740617
1.0
0.0134572
0.192237
0.955469
0.232878
0.995801
1.0
0.0134572
0.789692
0.953498
0.837057
0.999332
1.0
0.0134535
0.768937
0.718163
0.808041
0.773101
1.0
0.0134272
0.144602
0.324897
0.178726
0.372988
1.0
0.0134178
0.61903
0.824882
0.658709
0.8802
1.0
0.0133993
0.162712
0.666996
0.258544
0.811045
1.0
0.0133992
0.541964
0.225711
0.636033
0.355948
1.0
0.0133876
0.644185
0.653014
0.685413
0.711562
1.0
0.0133651
0.123375
0.259395
0.156223
0.311458
1.0
0.0133347
0.659739
0.522447
0.702435
0.579309
1.0
0.0133294
0.215257
0.541443
0.309644
0.680283
1.0
0.0133024
0.509851
0.61605
0.557511
0.686002
1.0
0.013287
0.917265
0.4865
0.993467
0.602512
1.0
0.0132863
0.272186
0.521405
0.306432
0.57207
1.0
0.0132754
0.396319
0.392694
0.431387
0.447263
1.0
0.013238
0.618778
0.792995
0.657041
0.845757
1.0
0.0132145
0.344907
0.554979
0.384477
0.613039
1.0
0.0131966
0.220242
0.67273
0.311896
0.821731
1.0
0.0131761
0.196396
0.258188
0.228768
0.305665
1.0
0.0131755
0.694621
0.624278
0.735892
0.678598
1.0
0.0131699
0.866353
0.954647
0.90868
0.998116
1.0
0.0131629
0.0689081
0.303671
0.161478
0.449324
1.0
0.0131459
0.963554
0.947834
0.999952
0.998958
1.0
0.0131425
0.691891
0.688969
0.73275
0.747075
1.0
0.0131342
0.0956085
0.327199
0.128021
0.375986
1.0
0.0130508
0.593982
0.788808
0.632955
0.841059
1.0
0.0130448
0.0039742
0.388092
0.0350183
0.446967
1.0
0.0130383
0.939345
0.694603
1.00428
0.812386
1.0
0.0129911
0.363553
0.67121
0.462514
0.811783
1.0
0.0129472
0.586722
0.580129
0.634696
0.643458
1.0
0.0129143
0.144595
0.289927
0.178452
0.339177
1.0
0.0129119
0.541368
0.261611
0.582369
0.319005
1.0
0.0129029
0.0126173
0.547738
0.058797
0.617595
1.0
0.0128814
0.865956
0.722093
0.905231
0.774143
1.0
0.0128727
0.610072
0.657095
0.653732
0.715758
1.0
0.0128352
0.794424
0.743691
0.881856
0.876069
1.0
0.0127996
0.118642
0.241247
0.20803
0.388717
1.0
0.0127654
0.266263
0.603622
0.367809
0.753801
1.0
0.0127108
0.00441911
0.321777
0.0331247
0.377112
1.0
0.0127096
0.373645
0.45481
0.40816
0.510413
1.0
0.0127044
0.94209
0.494587
0.983226
0.547369
1.0
0.0126932
0.569548
0.2214
0.60931
0.277159
1.0
0.0126519
0.618401
0.186813
0.657976
0.245717
1.0
0.0126324
0.80849
0.488875
0.90631
0.594747
1.0
0.0126208
0.538067
0.616202
0.585352
0.683395
1.0
0.0125979
0.446186
0.356967
0.48836
0.424026
1.0
0.0125894
0.609648
0.42544
0.706274
0.565691
1.0
0.0125864
0.352189
0.354664
0.43261
0.484128
1.0
0.0125667
0.321949
0.492756
0.356336
0.539987
1.0
0.0125583
0.245875
0.860886
0.281471
0.911061
1.0
0.0125458
0.967734
0.457977
0.999391
0.515178
1.0
0.0125212
0.395442
0.723368
0.431257
0.772529
1.0
0.012521
0.717767
0.683756
0.75938
0.742456
1.0
0.0124755
0.614289
0.620002
0.657045
0.68057
1.0
0.0124585
0.664772
0.954669
0.709163
1.00069
1.0
0.0124445
0.240992
0.717856
0.281282
0.777581
1.0
0.0124434
0.265503
0.786532
0.306052
0.843861
1.0
0.0124377
0.726271
0.203004
1.00134
0.824119
1.0
0.0124251
0.283475
0.530362
0.486679
0.834016
1.0
0.0123936
0.741938
0.717884
0.785508
0.776388
1.0
0.0123795
0.247242
0.329226
0.277869
0.371594
1.0
0.012368
0.171408
0.290049
0.204756
0.338912
1.0
0.0122894
0.117206
0.552669
0.159154
0.612713
1.0
0.0122894
0.713325
0.953624
0.762401
1.00076
1.0
0.012284
0.00249005
0.719615
0.0349072
0.777761
1.0
0.0122727
0.661486
0.551666
0.703325
0.610926
1.0
0.0122447
0.124574
0.289155
0.158113
0.340066
1.0
0.0122355
0.267784
0.858508
0.304562
0.910211
1.0
0.0122215
0.578291
0.172252
0.665842
0.31282
1.0
0.0121965
0.224166
0.779209
0.309165
0.917718
1.0
0.012181
0.247944
0.2589
0.280466
0.30592
1.0
0.0121778
0.660644
0.350751
0.764772
0.485278
1.0
0.0121466
0.273583
0.257756
0.306657
0.307268
1.0
0.0121367
0.744395
0.787359
0.786058
0.841871
1.0
0.0121337
0.61474
0.287188
0.657441
0.344849
1.0
0.0121163
0.615884
0.251861
0.65839
0.312035
1.0
0.0121116
0.372268
0.488197
0.408463
0.540669
1.0
0.012097
0.519082
0.713248
0.56258
0.767466
1.0
0.012037
0.448128
0.760264
0.48378
0.810788
1.0
0.0120201
0.566271
0.256429
0.609163
0.318463
1.0
0.0119938
0.343859
0.65329
0.382527
0.710492
1.0
0.0119801
0.936495
0.907765
0.989962
0.984478
1.0
0.0119117
0.76586
0.582281
0.865714
0.696119
1.0
0.0119044
0.465997
0.615596
0.660714
0.874326
1.0
0.0118606
0.290344
0.521465
0.326464
0.572721
1.0
0.0118521
0.311088
0.672429
0.409442
0.816657
1.0
0.0118471
0.642754
0.58233
0.683758
0.640856
1.0
0.0118443
0.668222
0.620359
0.708215
0.679803
1.0
0.011831
0.643329
0.791008
0.6827
0.8442
1.0
0.0117799
0.0914391
0.528757
0.13152
0.583204
1.0
0.0117743
0.0729956
0.357588
0.106105
0.410593
1.0
0.0117477
0.593012
0.254311
0.635816
0.314763
1.0
0.0117368
0.171521
0.359847
0.205775
0.408061
1.0
0.0117101
0.222358
0.291912
0.255142
0.339298
1.0
0.0116941
0.0127421
0.484551
0.0550138
0.548337
1.0
0.011672
0.81751
0.786572
0.858721
0.841589
1.0
0.0116703
0.143724
0.123728
0.176752
0.177791
1.0
0.0116597
0.589192
0.453306
0.640049
0.521684
1.0
0.0116592
0.00215461
0.408056
0.0799544
0.54851
1.0
0.0116401
0.221528
0.258556
0.253527
0.305869
1.0
0.011631
0.552253
0.36389
0.755583
0.648474
1.0
0.0116063
0.116969
0.329976
0.209979
0.463962
1.0
0.0115951
0.920249
0.18335
0.962031
0.25004
1.0
0.011588
0.467908
0.293459
0.510451
0.350566
1.0
0.0115661
0.217352
0.717655
0.258984
0.776866
1.0
0.0115612
0.248646
0.9114
0.323931
1.00306
1.0
0.0115271
0.345133
0.618096
0.386189
0.678947
1.0
0.0115143
0.420567
0.294139
0.456726
0.344748
1.0
0.0115038
0.816096
0.749897
0.85951
0.807755
1.0
0.0114881
0.273766
0.289443
0.306965
0.337608
1.0
0.0114878
0.745804
0.4785
0.84609
0.592277
1.0
0.011483
0.00279573
0.451906
0.0349806
0.513013
1.0
0.0114463
0.122417
0.357684
0.156671
0.409087
1.0
0.0114303
0.839027
0.6869
0.881669
0.741897
1.0
0.0114174
0.553555
0.286616
0.657729
0.419361
1.0
0.0114038
0.720052
0.59938
0.758783
0.651144
1.0
0.0113886
0.691615
0.775019
0.788284
0.909275
1.0
0.0113787
0.0148697
0.35328
0.0528179
0.414425
1.0
0.0113752
0.42093
0.725225
0.455719
0.773653
1.0
0.0113629
0.0550183
0.505577
0.16447
0.631561
1.0
0.0113602
0.00825463
0.498281
0.0939402
0.629931
1.0
0.0113421
0.839942
0.754677
0.880274
0.808404
1.0
0.0113086
0.193175
0.605009
0.282559
0.751558
1.0
0.011308
0.764234
0.603488
0.804031
0.65449
1.0
0.0112956
0.640222
0.54884
0.680509
0.60666
1.0
0.0112932
0.0180694
0.338067
0.100334
0.473919
1.0
0.0112756
0.196223
0.329374
0.22824
0.373207
1.0
0.0112571
0.144405
0.358723
0.179653
0.407942
1.0
0.0112497
0.865153
0.679899
0.907703
0.73619
1.0
0.0112335
0.368953
0.650447
0.407392
0.707214
1.0
0.011163
0.0939634
0.38663
0.129322
0.438735
1.0
0.0111544
0.367774
0.722316
0.403658
0.773875
1.0
0.0111421
0.444105
0.27972
0.541412
0.411895
1.0
0.0111016
0.344149
0.490004
0.380507
0.543638
1.0
0.011092
0.247901
0.525854
0.28315
0.576206
1.0
0.0110819
0.590809
0.320844
0.635183
0.38189
1.0
0.0110784
0.611743
0.254884
0.709602
0.381412
1.0
0.0110632
0.517913
0.262391
0.558104
0.317853
1.0
0.0110162
0.519399
0.222756
0.555352
0.273554
1.0
0.0109962
0.168895
0.960584
0.206494
0.996879
1.0
0.0109928
0.372116
0.521868
0.411134
0.578945
1.0
0.0109911
0.369817
0.293934
0.402779
0.340975
1.0
0.0109828
0.420012
0.327159
0.456337
0.383691
1.0
0.0109807
0.846848
0.779956
0.944318
0.93277
1.0
0.0109592
0.636057
0.674749
0.819749
0.938239
1.0
0.0109558
0.591494
0.353471
0.685722
0.492126
1.0
0.0109528
0.817964
0.604924
0.855696
0.650511
1.0
0.0109204
0.265836
0.721342
0.307093
0.781323
1.0
0.0109204
0.711941
0.718885
0.757444
0.778988
1.0
0.0109159
0.894371
0.217089
0.931557
0.274419
1.0
0.0108588
0.846554
0.130811
0.929441
0.28408
1.0
0.0108435
0.122431
0.324332
0.156317
0.374827
1.0
0.0108361
0.713555
0.783324
0.760827
0.842583
1.0
0.0108291
0.0970465
0.291115
0.129656
0.340705
1.0
0.010827
0.669572
0.289523
0.70822
0.34084
1.0
0.0108247
0.791493
0.788976
0.831612
0.841689
1.0
0.0108163
0.620665
0.125565
0.658049
0.176637
1.0
0.0107875
0.423361
0.760702
0.458042
0.808467
1.0
0.0107843
0.265531
0.65231
0.305385
0.711452
1.0
0.0107631
0.450695
0.721627
0.486505
0.772223
1.0
0.0107603
0.16597
0.754952
0.257425
0.891428
1.0
0.0107582
0.2948
0.58854
0.332255
0.645427
1.0
0.0107533
0.292037
0.723514
0.331115
0.777951
1.0
0.0107406
0.928625
0.760073
1.00359
0.90148
1.0
0.0107337
0.296609
0.393461
0.327157
0.439899
1.0
0.0107205
0.914221
0.596962
0.951741
0.641488
1.0
0.0107108
0.216652
0.790333
0.256835
0.843449
1.0
0.0107093
0.00356884
0.522784
0.0374745
0.584761
1.0
0.0107042
0.168767
0.554559
0.208005
0.612511
1.0
0.010699
0.587892
0.619858
0.634783
0.683199
1.0
0.0106961
0.273709
0.189987
0.306964
0.241972
1.0
0.0106917
0.595805
0.220062
0.636431
0.277122
1.0
0.010679
0.222235
0.32872
0.253667
0.371667
1.0
0.010675
0.561058
0.346156
0.608298
0.417404
1.0
0.010675
0.421008
0.688552
0.45831
0.739649
1.0
0.0106405
0.936659
0.124645
1.00119
0.266571
1.0
0.0106377
0.219025
0.582386
0.256905
0.64274
1.0
0.0106212
0.146934
0.227459
0.178475
0.27843
1.0
0.0106188
0.596218
0.826035
0.635925
0.8793
1.0
0.0105946
0.094278
0.357359
0.128902
0.4086
1.0
0.0105676
0.267897
0.707654
0.359252
0.857048
1.0
0.0105604
0.32196
0.52098
0.358453
0.573285
1.0
0.0105589
0.0048571
0.256438
0.0330773
0.311214
1.0
0.0105589
0.244886
0.657295
0.283775
0.714483
1.0
0.0105512
0.590958
0.288422
0.634052
0.346159
1.0
0.0105488
0.247795
0.292342
0.280457
0.339275
1.0
0.0105488
0.394776
0.689751
0.434131
0.743019
1.0
0.0105469
0.444018
0.323029
0.485459
0.385125
1.0
0.0105464
0.643164
0.289118
0.685928
0.343809
1.0
0.0105032
0.138232
0.605412
0.234073
0.752179
1.0
0.0104955
0.321817
0.124363
0.356389
0.178975
1.0
0.0104819
0.816901
0.822276
0.857964
0.875179
1.0
0.0104725
0.588865
0.382529
0.638078
0.450244
1.0
0.0104705
0.506423
0.233219
0.708333
0.520944
1.0
0.0104692
0.171206
0.327241
0.204076
0.374457
1.0
0.0104644
0.870462
0.187377
0.905794
0.245045
1.0
0.0104506
0.636242
0.952953
0.683259
1.00058
1.0
0.0104458
0.291584
0.492561
0.32648
0.540192
1.0
0.010441
0.444055
0.293283
0.484278
0.34713
1.0
0.0104295
0.666109
0.817727
0.708651
0.875942
1.0
0.0104195
0.197457
0.911988
0.274356
1.00199
1.0
0.0104101
0.195521
0.291438
0.228974
0.338959
1.0
0.010351
-0.000926098
0.284207
0.0610469
0.405185
1.0
0.0103441
0.865681
0.75461
0.90614
0.807362
1.0
0.0103296
0.393652
0.265677
0.484803
0.397712
1.0
0.0103207
0.190873
0.717511
0.234514
0.775856
1.0
0.0103175
0.318218
0.588691
0.357669
0.645075
1.0
0.0102916
0.12149
0.388015
0.156307
0.439273
1.0
0.0102827
0.736593
0.749103
0.825326
0.878479
1.0
0.0102799
0.220452
0.528048
0.257409
0.581475
1.0
0.0102799
0.568342
0.788802
0.606133
0.839995
1.0
0.0102497
0.840899
0.531284
0.937742
0.651929
1.0
0.0102475
0.643415
0.621389
0.684329
0.6804
1.0
0.0102153
0.247068
0.394675
0.27911
0.440438
1.0
0.0102106
0.144379
0.388177
0.179545
0.437647
1.0
0.0102032
0.141749
0.553532
0.182749
0.612906
1.0
0.0101942
0.764982
0.7568
0.805884
0.813063
1.0
0.0101892
0.542965
0.749686
0.586332
0.807959
1.0
0.0101795
0.274156
0.39482
0.305671
0.440851
1.0
0.0101725
0.269885
0.121315
0.305422
0.176588
1.0
0.0101725
0.570187
0.187292
0.608595
0.243551
1.0
0.010171
0.0657728
0.552678
0.108305
0.614995
1.0
0.0101707
0.834541
0.865358
0.943779
0.99409
1.0
0.0101549
0.243864
0.120538
0.279269
0.176822
1.0
0.0100847
0.568211
0.122049
0.605741
0.172749
1.0
0.010081
0.294608
0.25752
0.328696
0.307276
1.0
0.0100709
0.320249
0.258935
0.35342
0.307586
1.0
0.0100689
0.197253
0.254177
0.281989
0.377927
1.0
0.0100525
0.0737326
0.325745
0.105146
0.376779
1.0
0.0100378
0.811905
0.566692
1.00484
0.852302
1.0
0.010025
0.320013
0.722544
0.359207
0.777306
1.0
0.0100099
0.242435
0.586039
0.279495
0.643733
1.0
0.0100098
0.173079
0.227847
0.203894
0.278318
1.0
0.0100096
0.272512
0.213458
0.353722
0.335491
1.0
0.0100008
0.492981
0.265946
0.531972
0.317142
