1.0
0.357672
0.26764
0.460602
0.469613
0.822885
1.0
0.0711862
0.296991
0.645498
0.340211
0.70876
1.0
0.0632416
0.285891
0.553932
0.384223
0.728312
1.0
0.0435276
0.293117
0.587486
0.337414
0.656225
1.0
0.040779
0.265987
0.530287
0.306594
0.587297
1.0
0.0331214
0.710719
0.631201
1.01383
1.03385
1.0
0.0321582
0.273223
0.585335
0.312151
0.644801
1.0
0.0308377
0.284757
0.424933
0.40651
0.598891
1.0
0.0293101
0.278463
0.653369
0.316649
0.70843
1.0
0.0289342
0.266047
0.490041
0.308899
0.553037
1.0
0.0279281
0.311396
0.479408
0.364244
0.559693
1.0
0.0275797
0.310082
0.672406
0.357339
0.740172
1.0
0.0273458
0.276246
0.618931
0.313981
0.677573
1.0
0.0256518
0.33851
0.709279
0.38644
0.780805
1.0
0.0252322
0.396683
0.476309
0.509451
0.685144
1.0
0.0248318
0.400616
0.511017
0.879769
1.08313
1.0
0.0242
0.256229
0.495687
0.358018
0.651582
1.0
0.0240319
0.309631
0.634722
0.413038
0.802947
1.0
0.0239676
0.307579
0.551391
0.359033
0.624823
1.0
0.0234289
0.863386
0.818434
0.913913
0.87325
1.0
0.0223141
0.0051931
0.732006
0.287596
0.998139
1.0
0.0221013
0.439485
0.500531
0.492493
0.588081
1.0
0.0218335
0.962125
0.950203
1.0014
0.999795
1.0
0.0204092
0.290708
0.527052
0.336565
0.589461
1.0
0.0200283
0.556602
0.553283
0.663621
0.70973
1.0
0.0199166
0.511744
0.597969
0.613492
0.761951
1.0
0.0196129
0.449767
0.647431
0.548961
0.837265
1.0
0.0193022
0.503075
0.137142
0.925106
0.746572
1.0
0.0191604
0.904505
0.914311
0.994542
1.00309
1.0
0.0190194
0.813972
0.948885
0.869611
0.9996
1.0
0.0186659
0.292161
0.45268
0.341625
0.524955
1.0
0.0183765
0.857868
0.948936
0.914288
0.999028
1.0
0.0180945
0.35871
0.44815
0.411065
0.526915
1.0
0.0177632
0.439646
0.455292
0.490503
0.536092
1.0
0.0175004
0.468744
0.475331
0.665135
0.78723
1.0
0.0173875
0.413944
0.451931
0.463753
0.531364
1.0
0.0169678
0.261093
0.6209
0.350281
0.765178
1.0
0.0168522
0.343996
0.392702
0.4662
0.562083
1.0
0.0167468
0.314258
0.415893
0.364492
0.488465
1.0
0.0162932
0.3887
0.480515
0.440058
0.560701
1.0
0.0162601
0.608117
0.616858
0.716072
0.749883
1.0
0.0161285
0.33436
0.51396
0.386649
0.588831
1.0
0.0158735
0.923987
0.802024
1.00398
0.910248
1.0
0.0155959
0.881217
0.925207
0.938943
0.991202
1.0
0.0154757
0.360341
0.74031
0.406655
0.807987
1.0
0.015469
0.336147
0.584301
0.382984
0.651456
1.0
0.0154617
0.0105918
0.948134
0.0548511
0.998413
1.0
0.0154606
0.362501
0.584696
0.407393
0.651414
1.0
0.0154159
0.51877
0.475203
0.622731
0.638778
1.0
0.0153919
0.293523
0.706556
0.33938
0.771912
1.0
0.015293
0.270237
0.684969
0.372266
0.839229
1.0
0.0152733
0.318542
0.742033
0.364229
0.806744
1.0
0.0152348
0.686133
0.683511
0.731203
0.739631
1.0
0.0151625
0.706104
0.477435
0.807859
0.610874
1.0
0.0149299
0.844995
0.796536
0.944733
0.906765
1.0
0.0149034
0.358449
0.683381
0.408172
0.754939
1.0
0.0148583
0.959531
0.850404
1.00035
0.91469
1.0
0.0147608
0.464174
0.918701
0.507502
0.980616
1.0
0.0146683
0.274328
0.681198
0.312762
0.735676
1.0
0.0145094
0.490015
0.650387
0.534408
0.72371
1.0
0.0143964
0.7774
0.915453
0.881758
1.00578
1.0
0.014333
0.353446
0.588704
0.555519
0.935835
1.0
0.0141926
0.224907
0.667784
0.316458
0.808148
1.0
0.0141834
0.00207187
0.918272
0.0376158
0.982304
1.0
0.014045
0.557188
0.670447
0.67136
0.812827
1.0
0.0139805
0.0647983
0.707794
0.164081
0.855924
1.0
0.0138741
0.333268
0.650391
0.379835
0.717488
1.0
0.0137731
0.230741
0.43367
0.329126
0.569589
1.0
0.0137068
0.0143205
0.185232
0.0536756
0.248943
1.0
0.0135499
0.539323
0.650308
0.585416
0.717526
1.0
0.0135425
0.563232
0.646628
0.612329
0.715721
1.0
0.0134419
0.253051
0.555927
0.288961
0.605228
1.0
0.013426
0.166004
0.712458
0.259595
0.847507
1.0
0.0133658
0.660644
0.667444
0.755948
0.792797
1.0
0.0133385
0.355097
0.716134
0.466908
0.879821
1.0
0.0132832
0.817942
0.794933
0.861928
0.848274
1.0
0.0130919
0.360429
0.871317
0.471894
1.00025
1.0
0.013074
0.793802
0.757358
0.899896
0.885337
1.0
0.0130508
0.390001
0.782892
0.43431
0.847686
1.0
0.0128726
0.66266
0.591507
0.759913
0.72957
1.0
0.0128204
0.937095
0.257482
0.998495
0.380087
1.0
0.0127879
0.507107
0.691808
0.605526
0.854044
1.0
0.0127154
0.870715
0.654437
0.912442
0.699793
1.0
0.0127132
0.110549
0.680808
0.208623
0.822598
1.0
0.0125287
0.667981
0.523125
0.711223
0.582483
1.0
0.0124842
0.384776
0.713538
0.431942
0.781304
1.0
0.0124241
0.245861
0.689353
0.285237
0.745244
1.0
0.0124207
0.668084
0.507998
0.761844
0.639102
1.0
0.0123992
0.308092
0.235523
0.681293
0.802162
1.0
0.0123906
0.0108932
0.809856
0.0532042
0.873532
1.0
0.0123897
0.364882
0.780538
0.40889
0.843129
1.0
0.0123401
0.489131
0.580757
0.531922
0.65185
1.0
0.0123153
0.256284
0.779573
0.468976
1.01432
1.0
0.0123109
0.606878
0.512106
0.704912
0.654498
1.0
0.0122667
0.443275
0.878161
0.532211
0.995053
1.0
0.0122004
0.248781
0.656459
0.287051
0.709932
1.0
0.0121826
0.757548
0.457129
0.864083
0.592958
1.0
0.0121002
0.250111
0.623201
0.286869
0.676331
1.0
0.012098
0.490367
0.706873
0.537122
0.785051
1.0
0.0120804
0.268444
0.71406
0.309662
0.775004
1.0
0.012042
0.568587
0.516996
0.61324
0.586136
1.0
0.0119467
0.826473
0.857212
0.945564
0.986012
1.0
0.0119273
0.169987
0.785982
0.266687
0.918164
1.0
0.0119252
0.839045
0.688543
0.946617
0.821852
1.0
0.0118358
0.442579
0.949218
0.488328
0.999556
1.0
0.0117659
0.0038218
0.884759
0.036299
0.943075
1.0
0.0117368
0.413393
0.536842
0.465689
0.618094
1.0
0.0117101
0.76353
0.954415
0.809279
0.999217
1.0
0.0116906
0.456388
0.754752
0.552544
0.922284
1.0
0.0116645
0.184027
0.871071
0.292637
0.994787
1.0
0.0116197
0.417874
0.953785
0.462218
1.00098
1.0
0.0115529
0.711023
0.66341
0.752
0.715289
1.0
0.011525
0.585345
0.578285
0.637732
0.651073
1.0
0.0115187
0.0160635
0.718667
0.0546454
0.77771
1.0
0.0114564
0.642996
0.685229
0.693692
0.744684
1.0
0.0114407
0.00288587
0.218236
0.0346678
0.277563
1.0
0.011436
0.340292
0.778935
0.385228
0.84013
1.0
0.0114355
0.641879
0.552919
0.685354
0.6113
1.0
0.0114324
0.612646
0.652806
0.660366
0.716513
1.0
0.0114126
0.387743
0.581543
0.434655
0.652958
1.0
0.011384
0.338498
0.391881
0.38758
0.4608
1.0
0.0113711
0.847889
0.802268
0.892476
0.851956
1.0
0.0113158
0.668138
0.665861
0.714697
0.725764
1.0
0.0112704
0.441971
0.649932
0.486343
0.720349
1.0
0.0112679
0.538626
0.715016
0.583208
0.781306
1.0
0.0111799
0.964747
0.721395
1.00019
0.777612
1.0
0.0111722
0.314994
0.781479
0.361159
0.844027
1.0
0.0111621
0.961298
0.656202
0.995704
0.707585
1.0
0.0111442
0.514911
0.379867
0.611432
0.527859
1.0
0.0111374
0.412217
0.415848
0.459603
0.488461
1.0
0.0111169
0.445486
0.421863
0.541039
0.583282
1.0
0.011102
0.966387
0.754384
1.00084
0.80755
1.0
0.0110809
0.515133
0.653025
0.555331
0.72144
1.0
0.0109883
0.540271
0.61377
0.587916
0.682144
1.0
0.0109683
0.587592
0.683213
0.636832
0.745295
1.0
0.0109678
0.562455
0.714792
0.607984
0.777675
1.0
0.0109613
0.589126
0.716483
0.634931
0.775354
1.0
0.0109534
0.707265
0.620838
0.812582
0.750773
1.0
0.0109513
0.00359563
0.253809
0.0336714
0.312226
1.0
0.0108566
0.514876
0.745894
0.555667
0.814119
1.0
0.010837
0.194906
0.718258
0.232524
0.77754
1.0
0.0107826
0.906333
0.824598
0.958232
0.88151
1.0
0.0107723
0.142758
0.904826
0.235138
1.00692
1.0
0.0107705
0.442756
0.575381
0.488466
0.648967
1.0
0.0107236
0.758674
0.685454
0.865266
0.816547
1.0
0.0107068
0.252907
0.585912
0.289852
0.64011
1.0
0.0106971
0.246963
0.462336
0.287341
0.518247
1.0
0.0106971
0.387153
0.649215
0.433654
0.718644
1.0
0.0106795
0.291732
0.747172
0.336964
0.810321
1.0
0.0106771
0.382122
0.787201
0.485997
0.951523
1.0
0.0106693
0.711801
0.516713
0.757938
0.577427
1.0
0.0106312
0.820667
0.422361
0.859261
0.473655
1.0
0.0106172
0.443667
0.640983
0.675045
0.967061
1.0
0.0106167
0.612305
0.554081
0.655501
0.617647
1.0
0.0105657
0.563769
0.417991
0.658696
0.568907
1.0
0.0105459
0.224133
0.52876
0.257709
0.577711
1.0
0.0105027
0.512892
0.516368
0.555129
0.585255
1.0
0.0105012
0.143807
0.718952
0.179856
0.775874
1.0
0.0104788
0.0737019
0.188661
0.107406
0.246015
1.0
0.0104628
0.462061
0.537087
0.505236
0.613691
1.0
0.0104525
0.414536
0.648333
0.459503
0.718258
1.0
0.0104437
0.465538
0.81668
0.508009
0.883168
1.0
0.0103978
0.220387
0.585744
0.253472
0.636249
1.0
0.0103788
0.469479
0.851219
0.510659
0.917443
1.0
0.0103394
0.363207
0.955539
0.40871
1.00221
1.0
0.0102898
0.0490855
0.870461
0.172536
0.998013
1.0
0.0102778
0.282665
0.897282
0.385831
1.00562
1.0
0.0102338
0.965185
0.688739
0.998225
0.738482
1.0
0.0102237
0.96466
0.790678
1.00148
0.847536
1.0
0.0102128
0.268467
0.424644
0.311067
0.486135
1.0
0.0101897
0.883109
0.804739
0.934177
0.857649
1.0
0.0101526
0.486508
0.513804
0.530189
0.585206
1.0
0.0101433
0.00398672
0.585562
0.0345267
0.645942
1.0
0.0101354
0.10984
0.773263
0.211623
0.923251
1.0
0.0100831
0.224385
0.559997
0.256135
0.604678
1.0
0.0100783
0.766312
0.822638
0.882412
0.954735
1.0
0.0100594
0.465304
0.64887
0.510185
0.723694
1.0
0.0100484
0.00271916
0.285641
0.0334812
0.344272
1.0
0.0100374
0.543387
0.517324
0.587038
0.583021
1.0
0.0100258
0.9644
0.287185
0.99804
0.353401
1.0
0.0100004
0.847333
0.622269
0.950463
0.728393
