1.0
0.263112
0.275239
0.291243
0.816249
0.991746
1.0
0.234906
0.371678
0.270413
0.500386
0.462074
1.0
0.0603806
-0.00970583
0.786616
0.245742
1.0159
1.0
0.0455511
0.0141886
0.578781
0.387208
1.12149
1.0
0.0430443
0.329648
0.239085
0.569306
0.605541
1.0
0.0385006
0.40094
0.270042
0.470171
0.359597
1.0
0.0378629
0.475664
0.586447
0.512652
0.641036
1.0
0.0322012
0.405402
0.405326
0.515955
0.562795
1.0
0.0314695
0.368367
0.31197
0.414102
0.37979
1.0
0.0309067
0.647838
0.540931
0.746263
0.690305
1.0
0.030128
0.74183
0.738485
1.00326
1.01034
1.0
0.0285736
0.0115035
0.943398
0.0607014
0.99741
1.0
0.0282506
0.719598
0.434691
0.908242
0.714776
1.0
0.0274544
0.765631
0.460179
0.799295
0.519028
1.0
0.0268588
0.782257
0.556754
0.884362
0.695615
1.0
0.0259928
0.385628
0.341795
0.441062
0.420381
1.0
0.025002
0.83956
0.536238
0.930481
0.686011
1.0
0.0245939
0.410015
0.442024
0.466702
0.520293
1.0
0.0245505
0.474643
0.432168
0.582834
0.570892
1.0
0.0242333
0.963819
0.95062
0.999328
0.997589
1.0
0.0233178
0.538863
0.404662
0.638005
0.528466
1.0
0.0232446
0.67253
0.465143
0.776034
0.610864
1.0
0.0224712
0.630678
0.466954
0.951737
0.99048
1.0
0.0220756
0.615938
0.606636
0.710302
0.747803
1.0
0.0219515
0.723819
0.431227
0.803755
0.566129
1.0
0.0219107
0.416099
0.513313
0.514268
0.647834
1.0
0.0218478
0.558947
0.604759
0.65522
0.730027
1.0
0.0211977
0.459002
0.478439
0.508605
0.546083
1.0
0.0205461
0.666274
0.581188
0.711696
0.651217
1.0
0.0198805
0.474814
0.335855
0.585759
0.496579
1.0
0.0195737
0.483936
0.316189
0.535716
0.38645
1.0
0.0194837
0.964065
0.518912
0.998781
0.587915
1.0
0.0189279
0.668254
0.50891
0.714348
0.575674
1.0
0.0187234
0.620425
0.448062
0.72328
0.581355
1.0
0.0186735
0.744046
0.473962
0.787199
0.544414
1.0
0.0186601
0.405554
0.374108
0.465725
0.456983
1.0
0.0185716
0.341234
0.256049
0.439329
0.394575
1.0
0.018456
0.584608
0.434895
0.636417
0.505746
1.0
0.0184059
0.441079
0.513065
0.486782
0.576598
1.0
0.0183626
0.323055
0.461413
0.421407
0.595801
1.0
0.0183544
0.670751
0.65358
0.711358
0.711708
1.0
0.0183089
0.113498
-0.042383
0.551158
0.644886
1.0
0.0183018
0.869055
0.547945
0.912531
0.616586
1.0
0.0182242
0.602735
0.417822
0.803297
0.706494
1.0
0.0181856
0.391485
0.482917
0.439561
0.548786
1.0
0.0181314
0.961583
0.578807
0.999705
0.654401
1.0
0.0178673
0.588566
0.622335
0.633919
0.680785
1.0
0.0177657
0.962418
0.64978
0.999684
0.71729
1.0
0.0177376
0.816949
0.517382
0.859598
0.5816
1.0
0.0175943
0.546263
0.629474
0.586002
0.679193
1.0
0.0175736
0.614914
0.649356
0.654211
0.704953
1.0
0.0175553
0.644477
0.65405
0.685926
0.712221
1.0
0.0174554
0.39151
0.409473
0.44078
0.484043
1.0
0.017302
0.560737
0.483098
0.663346
0.621209
1.0
0.017283
0.642276
0.582835
0.68699
0.650446
1.0
0.0172541
0.411384
0.513224
0.458776
0.579366
1.0
0.0172541
0.669495
0.723106
0.707846
0.776735
1.0
0.0172385
0.962966
0.78617
0.997755
0.842941
1.0
0.0172236
0.692295
0.48681
0.737979
0.553426
1.0
0.0171893
0.48488
0.447948
0.53586
0.519448
1.0
0.017138
0.688969
0.593339
0.790734
0.739235
1.0
0.0170713
0.0121115
0.895223
0.107094
1.00326
1.0
0.0169874
0.758889
0.477251
0.860259
0.623542
1.0
0.0167086
0.919496
0.52624
0.996472
0.697188
1.0
0.0167054
0.483932
0.376401
0.536779
0.449906
1.0
0.0166744
0.646658
0.688431
0.688127
0.745128
1.0
0.0166032
0.0142175
0.887696
0.0616304
0.956188
1.0
0.0165764
0.843924
0.551174
0.886834
0.616579
1.0
0.0165471
0.426459
0.303383
0.491819
0.39115
1.0
0.0165464
0.645377
0.679346
0.728336
0.81396
1.0
0.0162334
0.713682
0.505541
0.761767
0.579063
1.0
0.0161722
0.456123
0.281168
0.508455
0.35571
1.0
0.0161575
0.0669276
0.950743
0.109993
0.998204
1.0
0.016099
0.81974
0.487788
0.857286
0.544968
1.0
0.0160103
0.117558
0.800472
0.21387
0.941432
1.0
0.0158442
0.363551
0.516456
0.410674
0.582947
1.0
0.0155704
0.542437
0.418041
0.596099
0.485996
1.0
0.0155662
0.36765
0.261125
0.415702
0.332389
1.0
0.0153182
0.515841
0.563147
0.615646
0.696411
1.0
0.0152664
0.26425
0.949775
0.306895
0.996332
1.0
0.0152653
0.613419
0.587831
0.657057
0.652057
1.0
0.0152279
0.353118
0.38405
0.456268
0.546961
1.0
0.0152249
0.669234
0.756748
0.70743
0.811131
1.0
0.0151927
0.812739
0.585988
0.861712
0.653834
1.0
0.0151899
0.35315
0.290468
0.393872
0.346829
1.0
0.0151177
0.930748
0.889034
1.00039
0.995452
1.0
0.0150709
0.368347
0.459352
0.564044
0.740324
1.0
0.0148763
0.619876
0.686262
0.657482
0.739181
1.0
0.0148347
0.912904
0.577387
0.958062
0.650905
1.0
0.0147876
0.963764
0.718498
1.00019
0.781364
1.0
0.0147648
0.69178
0.616826
0.736281
0.684215
1.0
0.0147016
0.713812
0.956778
0.755596
0.998203
1.0
0.0146839
0.615197
0.515575
0.65949
0.578669
1.0
0.0144917
0.36994
0.451122
0.414252
0.516481
1.0
0.0144528
0.141192
0.954545
0.1817
0.998911
1.0
0.014443
0.843729
0.487939
0.881286
0.547225
1.0
0.0143442
0.964562
0.854663
0.999163
0.9113
1.0
0.0143124
0.593226
0.672023
0.687289
0.812792
1.0
0.0142411
0.30965
0.53091
0.423089
0.683804
1.0
0.0141575
0.167547
0.956432
0.205495
0.99795
1.0
0.0141089
0.0391625
0.950662
0.0847496
0.999871
1.0
0.0140357
0.965366
0.820607
0.998439
0.875075
1.0
0.0139277
0.867451
0.960247
0.906264
0.996463
1.0
0.0139045
0.370475
0.374492
0.416015
0.44514
1.0
0.0138634
0.82153
0.452317
0.909222
0.596067
1.0
0.0138519
0.512799
0.416324
0.561939
0.484537
1.0
0.0138483
0.940423
0.545999
0.987516
0.61905
1.0
0.0138112
0.892238
0.527224
0.933825
0.59193
1.0
0.0137661
0.914212
0.524268
0.954736
0.589765
1.0
0.013764
0.816624
0.962221
0.855869
0.998408
1.0
0.0137298
0.643057
0.51214
0.687443
0.576105
1.0
0.0137236
0.646916
0.720669
0.686752
0.774256
1.0
0.0136012
0.41776
0.582258
0.455516
0.639272
1.0
0.013572
0.522509
0.502735
0.720932
0.776824
1.0
0.0134913
0.455953
0.341382
0.512559
0.423455
1.0
0.0132963
0.614931
0.549835
0.659518
0.617437
1.0
0.013254
0.864623
0.613562
0.909808
0.678312
1.0
0.0132506
0.836828
0.614574
0.88531
0.681775
1.0
0.0132299
0.766042
0.962179
0.805713
0.99965
1.0
0.0132267
0.15977
0.756398
0.25131
0.896744
1.0
0.0131406
0.274751
0.206689
0.450019
0.49676
1.0
0.0130912
0.762852
0.506593
0.805522
0.576518
1.0
0.0130889
0.935761
0.675505
1.00595
0.806821
1.0
0.0130051
0.118316
0.900756
0.201423
1.0046
1.0
0.0129441
0.456034
0.406775
0.512893
0.490316
1.0
0.0129373
0.711312
0.651502
0.756678
0.710942
1.0
0.0129323
0.867706
0.489151
0.904831
0.548694
1.0
0.0129055
0.191683
0.957165
0.231724
0.999723
1.0
0.0128613
0.732128
0.640719
0.842892
0.779083
1.0
0.0128035
0.218426
0.958651
0.255264
0.999036
1.0
0.0128003
-0.00202618
0.755544
0.0690841
0.870083
1.0
0.0127938
0.720788
0.45707
0.760053
0.524894
1.0
0.012786
0.118246
0.953112
0.15908
0.998086
1.0
0.0127595
0.294125
0.551465
0.336611
0.612815
1.0
0.0127337
0.915979
0.958891
0.957885
0.998111
1.0
0.0126577
0.916706
0.656529
0.957832
0.714527
1.0
0.0126559
0.795078
0.517785
0.834727
0.578315
1.0
0.01263
0.188302
0.922604
0.229746
0.981717
1.0
0.0126065
0.389256
0.543325
0.437248
0.612935
1.0
0.0125927
0.485573
0.256555
0.533598
0.322808
1.0
0.0125046
0.514214
0.350116
0.725866
0.61279
1.0
0.0124928
0.192595
0.8573
0.231455
0.90984
1.0
0.0124922
0.939474
0.755305
0.9876
0.820463
1.0
0.0124723
0.293532
0.487646
0.333477
0.544024
1.0
0.0124183
0.477663
0.521714
0.570929
0.655248
1.0
0.0123793
0.71436
0.691173
0.758617
0.747404
1.0
0.0123734
0.0579822
0.881284
0.158995
0.996703
1.0
0.0123511
0.216143
0.828821
0.254239
0.882664
1.0
0.0123424
0.692518
0.688648
0.733927
0.743799
1.0
0.0122751
0.88856
0.959129
0.930941
0.997948
1.0
0.0122589
0.693715
0.723905
0.734453
0.776374
1.0
0.0121887
0.891391
0.612077
0.936688
0.678389
1.0
0.0121833
0.433002
0.226915
0.547557
0.3745
1.0
0.0120722
0.621358
0.723326
0.658224
0.773556
1.0
0.0120639
0.716484
0.723438
0.760019
0.776151
1.0
0.0120288
0.694566
0.685179
0.786445
0.814964
1.0
0.0120206
0.593851
0.685016
0.632672
0.739755
1.0
0.0120064
0.713143
0.579877
0.759838
0.650478
1.0
0.0119806
0.845284
0.43756
0.994692
0.741836
1.0
0.0119576
0.935459
0.458782
1.00325
0.606765
1.0
0.0118439
0.446002
0.553169
0.48896
0.615088
1.0
0.0117208
0.0660542
0.892439
0.106845
0.95352
1.0
0.0116836
0.738328
0.581478
0.785711
0.64769
1.0
0.0116751
0.941692
0.610912
0.988737
0.685196
1.0
0.0116693
0.172433
0.594518
0.20878
0.647582
1.0
0.0116622
0.410243
0.228646
0.461022
0.29629
1.0
0.0116215
0.216583
0.791096
0.254628
0.845179
1.0
0.0116199
0.640387
0.451929
0.683428
0.516756
1.0
0.0116162
0.666973
0.455077
0.709905
0.523824
1.0
0.0116109
0.167798
0.858055
0.206526
0.910367
1.0
0.0116092
0.509042
0.288414
0.553632
0.352478
1.0
0.0116087
0.934061
0.786331
1.00307
0.903874
1.0
0.011585
0.0904173
0.953129
0.133179
1.00023
1.0
0.0115799
0.219166
0.750192
0.304861
0.888217
1.0
0.0115722
0.508597
0.480476
0.555975
0.544401
1.0
0.0115592
0.790305
0.460876
0.824761
0.514039
1.0
0.0115429
0.0868149
0.748711
0.186228
0.893157
1.0
0.0115169
0.965548
0.889423
0.998818
0.945532
1.0
0.0114957
0.643538
0.751561
0.728228
0.886141
1.0
0.0114956
0.589131
0.478129
0.637221
0.545559
1.0
0.0114876
0.837433
0.64167
0.933934
0.784275
1.0
0.01148
0.161978
0.676049
0.254465
0.822612
1.0
0.0114585
0.666693
0.786831
0.704592
0.839208
1.0
0.011394
0.275781
0.501507
0.381222
0.629952
1.0
0.011309
0.248114
0.923568
0.28862
0.981787
1.0
0.0112468
0.84221
0.959977
0.88316
0.99742
1.0
0.0110868
0.316774
0.547486
0.365005
0.614371
1.0
0.0110637
0.692279
0.548136
0.738922
0.620282
1.0
0.0110587
0.741562
0.960946
0.784223
1.00021
1.0
0.0110159
0.538724
0.478716
0.58756
0.544319
1.0
0.0110159
0.647898
0.759628
0.687882
0.813846
1.0
0.0109533
0.579778
0.36038
0.679388
0.499181
1.0
0.0109508
0.244064
0.755419
0.282685
0.809725
1.0
0.0109463
0.00266298
0.857901
0.0373921
0.915224
1.0
0.0109279
0.967607
0.452963
0.999397
0.520122
1.0
0.0109162
0.317927
0.488667
0.3613
0.548111
1.0
0.0109104
0.219341
0.926181
0.256645
0.98099
1.0
0.0109035
0.793254
0.48537
0.830419
0.543456
1.0
0.0108963
0.367654
0.228954
0.40997
0.288365
1.0
0.0108765
0.621833
0.760562
0.65835
0.80948
1.0
0.0108494
0.486587
0.514803
0.528631
0.575872
1.0
0.0108469
0.8918
0.658233
0.936495
0.714744
1.0
0.0108311
0.168522
0.790756
0.208022
0.845487
1.0
0.0107823
0.190343
0.886246
0.228512
0.943328
1.0
0.010721
0.894383
0.490433
0.931396
0.551159
1.0
0.0106995
0.192443
0.791233
0.232175
0.845327
1.0
0.0106847
0.670687
0.956672
0.708822
0.996367
1.0
0.010678
0.123081
0.617918
0.308616
0.929565
1.0
0.0106742
0.561125
0.392632
0.61323
0.464531
1.0
0.0106523
0.915823
0.927187
0.962389
0.98007
1.0
0.0106256
0.765523
0.58396
0.811976
0.648726
1.0
0.0106167
0.771701
0.435337
0.802482
0.490889
1.0
0.0105724
0.173728
0.459753
0.20497
0.508855
1.0
0.0105656
0.791991
0.962352
0.832703
0.998961
1.0
0.0105459
0.865136
0.65668
0.909811
0.712494
1.0
0.0105084
0.241782
0.587653
0.280616
0.647608
1.0
0.0104458
0.191343
0.7563
0.232982
0.811362
1.0
0.0103836
0.568132
0.595509
0.610656
0.654143
1.0
0.0103363
0.266226
0.788046
0.305354
0.840883
1.0
0.0103198
0.868287
0.928549
0.909149
0.975902
1.0
0.0103151
0.121204
0.860125
0.160777
0.913386
1.0
0.0102691
0.00207361
0.785181
0.0360445
0.846038
1.0
0.0102405
0.341038
0.163534
0.44068
0.307106
1.0
0.0102405
0.141117
0.828968
0.181905
0.885673
1.0
0.0102243
0.161107
0.582802
0.264997
0.739624
1.0
0.0102223
0.00260163
0.655879
0.0368326
0.716589
1.0
0.0102081
0.0123684
0.818385
0.0575763
0.880694
1.0
0.0102004
0.813098
0.648447
0.860702
0.706904
1.0
0.0101895
0.264313
0.756367
0.304701
0.813832
1.0
0.0101849
0.71987
0.422404
0.754514
0.485084
1.0
0.0101734
0.594094
0.724375
0.629504
0.772385
1.0
0.0101566
0.0297029
0.795591
0.13467
0.939351
1.0
0.0101383
5.1409e-05
0.678485
0.0711882
0.794223
1.0
0.0101355
0.869183
0.861737
0.908161
0.905135
1.0
0.0100647
0.217186
0.756884
0.255658
0.81076
1.0
0.0100601
0.0675979
0.825707
0.105723
0.879334
1.0
0.0100418
0.508609
0.349748
0.556084
0.418194
1.0
0.0100098
0.916207
0.491428
0.95212
0.552316
