1.0
0.682917
0.363747
0.313269
0.617766
0.793522
1.0
0.0369908
0.359342
0.247328
0.456193
0.419675
1.0
0.0335844
0.762289
0.740541
1.0154
1.02503
1.0
0.0329219
0.425221
0.565904
0.569873
0.784988
1.0
0.0272838
0.922823
0.61928
1.00015
0.755666
1.0
0.0263929
0.363622
0.326918
0.467666
0.525728
1.0
0.0257894
0.593817
0.485952
0.68245
0.654265
1.0
0.0251813
0.491146
0.374766
0.610623
0.547402
1.0
0.0246954
0.364397
0.277462
0.415103
0.363037
1.0
0.0235448
0.371528
0.447178
0.473415
0.621909
1.0
0.023304
0.00379896
0.766833
0.260806
1.00037
1.0
0.0223045
0.314547
0.649528
0.42132
0.799079
1.0
0.0222961
0.16434
0.958183
0.205735
0.997554
1.0
0.022202
0.851412
0.555785
1.00283
0.845102
1.0
0.0217107
0.369858
0.484208
0.412116
0.544885
1.0
0.0211691
0.557508
0.377969
0.992547
0.962071
1.0
0.020982
0.41188
0.516335
0.46236
0.585185
1.0
0.0207474
0.140455
0.957362
0.183919
0.998304
1.0
0.0206313
0.116443
0.959289
0.159687
0.999021
1.0
0.020528
0.0975528
-0.0713057
0.53571
0.725883
1.0
0.0203394
-0.0101157
0.609534
0.401556
1.10743
1.0
0.0203025
0.530268
0.411236
0.592652
0.494265
1.0
0.0197953
0.625766
0.555803
0.711263
0.685428
1.0
0.0197556
0.414342
0.61965
0.467278
0.693741
1.0
0.0195013
0.956766
0.647987
0.997609
0.721774
1.0
0.0194862
0.319909
0.525098
0.516531
0.828846
1.0
0.0193316
0.507087
0.941351
0.556914
0.994233
1.0
0.0185355
0.442085
0.516571
0.490508
0.581959
1.0
0.0184431
0.371084
0.420718
0.413584
0.48355
1.0
0.018347
0.661569
0.601748
0.761571
0.73465
1.0
0.0181823
0.638731
0.583729
0.683984
0.65677
1.0
0.0181577
0.386088
0.448636
0.438183
0.520207
1.0
0.0179856
0.460408
0.489168
0.508113
0.558391
1.0
0.0179127
0.799691
0.531186
0.828713
0.581366
1.0
0.0176064
0.817306
0.61073
0.929471
0.767172
1.0
0.0172938
0.466251
0.479221
0.588758
0.689449
1.0
0.0170417
0.962998
0.949966
0.999972
0.998256
1.0
0.0170217
0.933182
0.707169
1.00801
0.834738
1.0
0.0166032
0.966746
0.549762
0.999145
0.615765
1.0
0.0164902
0.577645
0.41668
0.671104
0.574305
1.0
0.0162675
0.331762
0.415051
0.422376
0.558246
1.0
0.0162187
0.909122
0.522355
0.996898
0.688779
1.0
0.01616
0.962346
0.71482
1.00154
0.784827
1.0
0.0161209
0.407853
0.479398
0.458585
0.54965
1.0
0.0159279
0.263712
0.628222
0.361921
0.764166
1.0
0.015591
0.327236
0.4588
0.359994
0.505517
1.0
0.0154544
0.66124
0.686877
0.76115
0.820796
1.0
0.01545
0.662595
0.524815
0.750336
0.661218
1.0
0.0154332
0.490611
0.411376
0.544841
0.487093
1.0
0.0154057
0.912703
0.621144
0.958699
0.692648
1.0
0.0152833
0.0905219
0.960135
0.135188
1.00088
1.0
0.0151108
0.690236
0.946667
0.737396
0.996053
1.0
0.0150729
0.0898269
0.922547
0.180498
1.0082
1.0
0.0149748
0.339428
0.713225
0.387153
0.781125
1.0
0.0149576
0.967169
0.483615
0.997792
0.547583
1.0
0.0149395
0.358937
0.689302
0.476248
0.854656
1.0
0.0147554
0.484544
0.579653
0.537349
0.657088
1.0
0.0147348
0.105995
0.680634
0.204521
0.819845
1.0
0.0146872
0.866551
0.649691
0.911611
0.716879
1.0
0.0146549
0.405857
0.413571
0.457959
0.489184
1.0
0.0145885
0.817262
0.549529
0.849554
0.605945
1.0
0.0144771
0.275809
0.280457
0.44539
0.603236
1.0
0.0144423
0.259974
0.695647
0.370437
0.848906
1.0
0.0144174
0.891603
0.587805
0.93496
0.657092
1.0
0.0143679
0.0578988
0.637335
0.161025
0.766139
1.0
0.0142732
0.790773
0.523616
0.87084
0.657348
1.0
0.0142608
0.870823
0.616471
0.910773
0.68127
1.0
0.0142351
0.00394498
0.586396
0.0369054
0.646848
1.0
0.0141957
0.43622
0.418242
0.485671
0.488069
1.0
0.0140538
0.722095
0.591215
0.756724
0.648648
1.0
0.0139526
0.925559
0.885129
1.00197
0.997808
1.0
0.0139462
0.391613
0.5456
0.440068
0.613215
1.0
0.013896
0.32541
0.489597
0.358657
0.537566
1.0
0.0138956
0.382193
0.341301
0.435062
0.421751
1.0
0.0138635
0.222715
0.721435
0.257629
0.777645
1.0
0.0138426
0.479486
0.51024
0.53115
0.585437
1.0
0.0138332
0.385319
0.386865
0.437067
0.460983
1.0
0.0137327
0.370888
0.224778
0.411651
0.29161
1.0
0.0136787
0.775937
0.52965
0.805124
0.582047
1.0
0.0136272
0.393586
0.64364
0.444351
0.713069
1.0
0.0135555
0.641072
0.956246
0.685262
0.999439
1.0
0.0134872
0.370311
0.5898
0.411094
0.646206
1.0
0.0134729
0.668994
0.953357
0.713223
0.996939
1.0
0.013446
0.247387
0.673371
0.632153
0.996476
1.0
0.0134417
0.846569
0.527165
0.938229
0.681273
1.0
0.0134321
0.119724
0.718187
0.158736
0.775056
1.0
0.0133657
0.534916
0.352375
0.591461
0.434265
1.0
0.0133632
0.0941361
0.660904
0.129918
0.712668
1.0
0.0133448
0.171492
0.828223
0.207047
0.874329
1.0
0.0133321
0.476927
0.253426
0.59607
0.434303
1.0
0.013242
0.371464
0.622305
0.411927
0.676634
1.0
0.013235
0.512401
0.437201
0.57008
0.518361
1.0
0.0132109
0.00275043
0.715252
0.0685958
0.838306
1.0
0.0131726
0.765469
0.672612
0.878971
0.813002
1.0
0.0131599
0.368978
0.650708
0.41253
0.71229
1.0
0.0131013
0.340561
0.652194
0.383725
0.713301
1.0
0.0130972
0.171386
0.858016
0.205915
0.902672
1.0
0.013089
-0.000134587
0.554502
0.0631
0.670398
1.0
0.01303
0.692518
0.590523
0.72904
0.647884
1.0
0.0129849
0.139837
0.922963
0.224609
1.00599
1.0
0.0129114
0.685016
0.744143
0.783588
0.877974
1.0
0.012897
0.0650433
0.958313
0.108454
0.998992
1.0
0.0128538
0.339897
0.13749
0.508232
0.475907
1.0
0.0128229
0.816068
0.70118
0.930371
0.835552
1.0
0.0127954
0.622612
0.542114
0.825665
0.827671
1.0
0.0127909
0.226441
0.661251
0.259702
0.71195
1.0
0.0127891
0.142824
0.71853
0.180585
0.775167
1.0
0.0127513
0.294136
0.655127
0.331242
0.711115
1.0
0.0127333
0.585415
0.418721
0.63025
0.485036
1.0
0.012727
0.963003
0.786638
1.00059
0.846012
1.0
0.0127067
0.818315
0.583932
0.852936
0.645824
1.0
0.0126721
0.718614
0.648853
0.758035
0.70911
1.0
0.0126346
0.22093
0.66049
0.313735
0.800337
1.0
0.0125956
0.847456
0.586396
0.884061
0.647096
1.0
0.0125954
0.864867
0.95427
0.909933
0.997551
1.0
0.0125721
0.344449
0.166731
0.438379
0.327654
1.0
0.0125212
0.48192
0.643081
0.539846
0.724232
1.0
0.012507
0.391644
0.585706
0.440307
0.652292
1.0
0.0125039
0.870066
0.55636
0.905733
0.613921
1.0
0.0125013
0.891474
0.642054
0.943521
0.716259
1.0
0.012486
0.119486
0.661579
0.156249
0.714181
1.0
0.0124842
0.347302
0.458083
0.384208
0.508751
1.0
0.0123962
0.458663
0.538308
0.510302
0.611494
1.0
0.0123737
0.370202
0.549959
0.411124
0.607243
1.0
0.0123699
0.168422
0.720953
0.204438
0.776313
1.0
0.0123278
0.169958
0.791231
0.206446
0.842022
1.0
0.01232
0.173671
0.681178
0.26858
0.821707
1.0
0.0123008
0.693499
0.648587
0.73381
0.708527
1.0
0.0122104
0.91053
0.715131
0.961555
0.781457
1.0
0.0121993
0.171467
0.65987
0.205712
0.710718
1.0
0.0121716
0.618883
0.52003
0.658697
0.584784
1.0
0.0121694
0.425204
0.355448
0.555107
0.528759
1.0
0.0121639
0.724446
0.552793
0.811307
0.684988
1.0
0.0121311
0.244987
0.660724
0.27859
0.712248
1.0
0.0121251
0.0016638
0.952614
0.0360689
0.997037
1.0
0.0121171
0.964493
0.820265
1.00073
0.876913
1.0
0.012087
0.843216
0.653598
0.884452
0.714587
1.0
0.012065
0.292033
0.718283
0.333652
0.780441
1.0
0.0120621
0.767165
0.958113
0.80694
0.99954
1.0
0.012054
0.435044
0.582322
0.489141
0.658764
1.0
0.0120074
0.390025
0.707803
0.439969
0.780913
1.0
0.0120069
0.846557
0.55649
0.880908
0.612374
1.0
0.0120009
0.77023
0.584601
0.805564
0.648529
1.0
0.0119909
0.365396
0.686296
0.411745
0.749511
1.0
0.0119878
0.697589
0.489102
0.780743
0.626031
1.0
0.0119823
0.00277009
0.553035
0.0350766
0.612742
1.0
0.0119529
0.792872
0.582166
0.82864
0.645456
1.0
0.0119388
0.0600166
0.739168
0.166516
0.876902
1.0
0.0118985
0.0931342
0.794861
0.130061
0.843897
1.0
0.0118875
0.0122425
0.686146
0.0566419
0.755799
1.0
0.0118817
0.894452
0.556568
0.93247
0.617452
1.0
0.0118389
0.617019
0.95462
0.661229
0.998417
1.0
0.0118299
0.269027
0.719062
0.308088
0.778927
1.0
0.0118197
0.832272
0.878075
0.945595
0.997621
1.0
0.011811
0.714451
0.637648
0.815042
0.776466
1.0
0.0117901
0.48841
0.350325
0.54187
0.4294
1.0
0.011729
0.435055
0.699221
0.495159
0.783166
1.0
0.011713
0.142874
0.791649
0.181174
0.842042
1.0
0.0117066
0.121337
0.521267
0.154621
0.570774
1.0
0.0116911
0.530284
0.525109
0.643292
0.701489
1.0
0.0116806
0.0684278
0.471956
0.156734
0.606457
1.0
0.0116645
0.738332
0.750179
0.841079
0.879924
1.0
0.0116268
0.72141
0.525353
0.753028
0.579891
1.0
0.0116146
0.245522
0.721202
0.281232
0.777378
1.0
0.0116093
0.0958035
0.52298
0.129025
0.573541
1.0
0.0116093
0.00277965
0.721365
0.037322
0.786433
1.0
0.0115935
0.534598
0.64492
0.587586
0.718987
1.0
0.0115722
0.326268
0.2904
0.360301
0.343369
1.0
0.0115454
0.687542
0.912152
0.775125
1.00206
1.0
0.0115248
0.414858
0.669775
0.469342
0.747446
1.0
0.0115192
0.349271
0.487495
0.387824
0.540513
1.0
0.0115143
0.815422
0.952535
0.861254
0.99786
1.0
0.0115014
0.746609
0.589958
0.781193
0.650218
1.0
0.0114689
0.40522
0.308551
0.455335
0.388053
1.0
0.0114643
0.0586391
0.554287
0.155169
0.688173
1.0
0.0114563
0.356615
0.569128
0.455442
0.724898
1.0
0.0114202
0.409004
0.217724
0.457295
0.290942
1.0
0.0113571
0.898752
0.775732
0.998353
0.92423
1.0
0.0113166
0.721322
0.556866
0.754263
0.61201
1.0
0.0112833
0.598602
0.58327
0.64481
0.653753
1.0
0.0112694
0.555776
0.390474
0.607892
0.468149
1.0
0.0112571
0.846738
0.619093
0.884829
0.681005
1.0
0.0112258
0.271249
0.658749
0.307164
0.712352
1.0
0.0112017
0.663421
0.813834
0.85606
1.02024
1.0
0.0111829
0.0938027
0.690849
0.131911
0.746778
1.0
0.0111758
0.938326
0.584368
0.987371
0.657868
1.0
0.0111732
0.00345526
0.520591
0.034914
0.580825
1.0
0.0111626
0.297871
0.465615
0.388764
0.608105
1.0
0.0111527
0.16957
0.692773
0.204666
0.745539
1.0
0.011137
0.631687
0.455951
0.7229
0.60886
1.0
0.0110759
0.463099
0.390161
0.512536
0.460727
1.0
0.0110666
0.563368
0.95577
0.607597
1.00085
1.0
0.0110335
0.482879
0.738796
0.540723
0.815728
1.0
0.0110039
0.690215
0.723732
0.732691
0.781247
1.0
0.0110013
0.14384
0.661377
0.178977
0.712658
1.0
0.0109079
0.610303
0.632879
0.71374
0.77921
1.0
0.0108864
0.505832
0.670277
0.563769
0.754551
1.0
0.0108665
0.120277
0.749046
0.159241
0.806134
1.0
0.0108439
0.348025
0.428191
0.384853
0.480836
1.0
0.0108217
0.800846
0.504434
0.829552
0.553974
1.0
0.0108163
0.556741
0.439758
0.607807
0.516828
1.0
0.0108114
0.11949
0.792316
0.15812
0.843699
1.0
0.0107725
0.421728
0.210814
0.540482
0.371051
1.0
0.0107577
0.143525
0.75038
0.182532
0.80908
1.0
0.0107554
0.503452
0.890686
0.599827
0.995672
1.0
0.0107401
0.820672
0.652208
0.858349
0.711435
1.0
0.0107386
0.145061
0.522083
0.179061
0.570341
1.0
0.010714
0.320769
0.629201
0.356957
0.679506
1.0
0.0107088
0.136564
0.633607
0.232157
0.759056
1.0
0.0107042
0.327647
0.429688
0.359995
0.477461
1.0
0.0106701
0.363948
0.746766
0.410753
0.812974
1.0
0.0106362
0.00346745
0.654621
0.0365179
0.714131
1.0
0.0106361
0.819151
0.61996
0.854111
0.678309
1.0
0.0105966
0.862844
0.71405
0.914618
0.780988
1.0
0.0105858
0.382166
0.806956
0.581415
1.02387
1.0
0.0105828
0.169631
0.753114
0.206319
0.80897
1.0
0.0105684
0.62027
0.557795
0.663905
0.630795
1.0
0.0105635
0.214233
0.956501
0.258992
1.00006
1.0
0.0104009
0.225416
0.691066
0.258447
0.743492
1.0
0.0103747
0.609569
0.744614
0.724801
0.885991
1.0
0.010292
0.343501
0.624546
0.384377
0.680302
1.0
0.0102877
0.619514
0.490846
0.656641
0.548073
1.0
0.0102783
0.271266
0.690103
0.306882
0.743909
1.0
0.0102502
0.720307
0.684263
0.759633
0.741867
1.0
0.0102195
0.314255
0.267162
0.404984
0.419331
1.0
0.0101897
0.741875
0.792509
0.782573
0.843199
1.0
0.0101474
0.944432
0.462879
1.00307
0.591895
1.0
0.0101225
0.591524
0.644565
0.635472
0.708126
1.0
0.0101132
0.538235
0.580211
0.586941
0.648614
1.0
0.0101008
0.0685555
0.656778
0.106516
0.713152
1.0
0.0100507
0.728752
0.885744
0.831201
0.998178
1.0
0.0100369
0.756773
0.500767
0.830402
0.624709
1.0
0.0100232
0.792823
0.617573
0.828925
0.675857
