1.0
0.773174
0.448821
0.388707
0.640828
0.627948
1.0
0.255785
0.308343
0.367585
0.691675
0.838267
1.0
0.0492717
0.485703
0.695461
0.528462
0.742692
1.0
0.0386033
0.0145651
0.319009
0.473059
1.03783
1.0
0.0356209
0.479924
0.333221
0.605531
0.509875
1.0
0.0329587
0.424851
0.466039
0.540821
0.619617
1.0
0.0321509
0.41428
0.376311
0.545355
0.543386
1.0
0.0309881
0.502831
0.580566
0.61707
0.718031
1.0
0.0297741
0.800882
0.633513
0.887979
0.742457
1.0
0.0296215
0.358901
0.356144
0.455001
0.497206
1.0
0.0284273
0.436334
0.50741
0.492041
0.58833
1.0
0.0282914
0.809105
0.654199
0.854662
0.716137
1.0
0.0281795
0.506891
0.544598
0.563053
0.614836
1.0
0.0280666
0.4862
0.381757
0.542883
0.456596
1.0
0.0280284
0.867417
0.635914
0.909023
0.685418
1.0
0.0270707
0.4654
0.636499
0.563073
0.751102
1.0
0.0262281
0.467714
0.354426
0.509826
0.416793
1.0
0.0260384
0.555868
0.507771
0.610559
0.579425
1.0
0.0250526
0.799249
0.680364
0.840531
0.742311
1.0
0.0248737
0.509847
0.350395
0.563487
0.423115
1.0
0.0246783
0.546431
0.530169
0.660575
0.679262
1.0
0.0243813
0.486242
0.580311
0.53429
0.643864
1.0
0.0243758
0.532787
0.382048
0.594293
0.45967
1.0
0.0235064
0.372594
0.433265
0.478806
0.581486
1.0
0.0232817
0.563085
0.692478
0.610487
0.743874
1.0
0.022468
0.483749
0.511946
0.546069
0.592127
1.0
0.0223458
0.74614
0.62572
0.833334
0.742123
1.0
0.0222352
0.743947
0.631131
0.784123
0.68372
1.0
0.0214717
0.370958
0.529325
0.480532
0.680429
1.0
0.0213654
0.543191
0.627613
0.647184
0.756465
1.0
0.0204858
0.421684
0.557398
0.527639
0.708609
1.0
0.0204368
0.579287
0.444782
0.637214
0.522159
1.0
0.0203712
0.839292
0.615303
0.927523
0.713562
1.0
0.0203685
0.878281
0.0748709
1.00283
0.394701
1.0
0.0200873
0.962053
0.182605
0.997227
0.252943
1.0
0.019962
0.555485
0.350485
0.611279
0.428994
1.0
0.0198541
0.461692
0.544903
0.516159
0.617102
1.0
0.0194898
0.4429
0.378857
0.490883
0.448186
1.0
0.0193487
0.537822
0.294996
0.661656
0.454188
1.0
0.0193316
0.465084
0.412972
0.515777
0.486376
1.0
0.0191838
0.536892
0.581922
0.58479
0.641495
1.0
0.019131
0.530969
0.472018
0.596713
0.559971
1.0
0.0190764
0.560517
0.488475
0.76199
0.773589
1.0
0.0187545
0.968849
0.688372
0.999586
0.745645
1.0
0.0186672
0.533332
0.407178
0.93267
0.999827
1.0
0.018481
0.396047
0.518358
0.442626
0.583628
1.0
0.0183851
0.438997
0.45509
0.488213
0.527667
1.0
0.0183502
0.371077
0.44241
0.415636
0.509299
1.0
0.0181535
0.48353
0.443753
0.54496
0.524123
1.0
0.0181533
0.41755
0.540758
0.465081
0.611499
1.0
0.0180536
0.968111
0.653496
1.00003
0.713495
1.0
0.0177899
0.966418
0.717635
0.999332
0.778833
1.0
0.0176614
0.612803
0.517627
0.658383
0.576997
1.0
0.0176135
0.670873
0.723694
0.711189
0.777453
1.0
0.0174744
0.967498
0.590297
0.999083
0.647156
1.0
0.0173138
0.900181
0.848379
0.996851
0.994602
1.0
0.0172994
0.681049
0.534263
0.882197
0.784303
1.0
0.0172632
0.818004
0.952981
0.859338
0.996087
1.0
0.0172283
0.446594
0.577028
0.493179
0.645418
1.0
0.0171385
0.612193
0.9502
0.655376
0.995312
1.0
0.0169796
0.742246
0.694052
1.0011
1.0014
1.0
0.0168994
0.416882
0.357573
0.456284
0.416342
1.0
0.0168687
0.968301
0.62216
0.999195
0.677147
1.0
0.0168188
0.415713
0.303057
0.515252
0.434239
1.0
0.016757
0.418585
0.580464
0.461741
0.644894
1.0
0.01672
0.364327
0.604854
0.463687
0.745881
1.0
0.0165872
-0.0103458
0.737717
0.290757
1.0123
1.0
0.0165239
0.386774
0.414912
0.434695
0.488915
1.0
0.0165206
0.373693
0.360941
0.409087
0.418186
1.0
0.0164685
0.48895
0.3273
0.538586
0.395971
1.0
0.0164223
0.414365
0.44932
0.462014
0.519842
1.0
0.016416
0.968559
0.55753
0.999353
0.614491
1.0
0.016412
0.163691
0.534664
0.260503
0.677008
1.0
0.0163295
0.510124
0.66624
0.55221
0.717924
1.0
0.0162749
0.615122
0.543377
0.711658
0.678497
1.0
0.0162526
0.538157
0.621386
0.586657
0.682945
1.0
0.0162268
0.583546
0.543382
0.635037
0.608641
1.0
0.0161242
0.503547
0.681844
0.610007
0.791749
1.0
0.0161021
0.489391
0.617027
0.532304
0.673629
1.0
0.0160773
0.533291
0.320703
0.589808
0.397425
1.0
0.0159822
0.601424
0.472355
0.703659
0.611721
1.0
0.0157488
0.585036
0.661871
0.632717
0.718526
1.0
0.0157164
0.66561
0.958658
0.705134
0.998657
1.0
0.0156169
0.553829
0.408715
0.614487
0.494503
1.0
0.0156027
0.965341
0.288287
0.998204
0.352542
1.0
0.0155494
0.778751
0.673171
0.857126
0.79079
1.0
0.0153987
0.420766
0.485815
0.467545
0.55618
1.0
0.0153975
0.31254
0.577209
0.419731
0.72811
1.0
0.0153359
0.61267
0.759
0.653778
0.810037
1.0
0.0152113
0.344625
0.725348
0.380821
0.777424
1.0
0.0151739
0.186679
0.799253
0.351727
1.02031
1.0
0.0150835
0.619506
0.614676
0.714734
0.745574
1.0
0.0150798
0.699723
0.597337
0.793093
0.725492
1.0
0.0150731
0.942937
0.207088
0.988304
0.277475
1.0
0.0150223
0.967114
0.351594
0.99834
0.413652
1.0
0.0149776
0.587388
0.205261
0.694727
0.344294
1.0
0.0149328
0.171455
0.25476
0.204025
0.305303
1.0
0.0149239
0.584722
0.713937
0.631466
0.767321
1.0
0.0148887
0.265525
0.72396
0.308105
0.784501
1.0
0.0148448
0.815719
0.0566004
0.854543
0.109176
1.0
0.0148293
0.585853
0.583602
0.635078
0.644177
1.0
0.0148052
0.71395
0.678792
0.806369
0.816561
1.0
0.0147415
0.261682
0.598405
0.363077
0.761697
1.0
0.0145952
0.669936
0.754769
0.712373
0.811147
1.0
0.0145026
0.468093
0.612823
0.509953
0.670449
1.0
0.014493
0.577211
0.380636
0.638744
0.462682
1.0
0.0144522
0.472762
0.668824
0.512819
0.723913
1.0
0.0144434
0.607904
0.691157
0.652616
0.743811
1.0
0.0144399
0.215805
0.538554
0.31366
0.681766
1.0
0.014426
0.811835
0.712573
0.854081
0.769584
1.0
0.0144043
0.290923
0.724267
0.330917
0.780488
1.0
0.014354
0.547303
0.71176
0.647769
0.845583
1.0
0.0143091
0.391724
0.35781
0.432957
0.420802
1.0
0.0142802
0.172593
0.224483
0.206278
0.277709
1.0
0.0142738
0.508364
0.407944
0.570761
0.493033
1.0
0.0142643
0.446052
0.330556
0.487439
0.391474
1.0
0.0141339
0.611913
0.722503
0.653532
0.774589
1.0
0.0141122
0.311146
0.675096
0.411852
0.827574
1.0
0.0140743
0.637899
0.517597
0.681315
0.575736
1.0
0.0140293
0.452826
0.478669
0.514214
0.560991
1.0
0.014023
0.215868
0.957059
0.254589
0.996675
1.0
0.0139818
0.343227
0.585547
0.38397
0.644204
1.0
0.0139774
0.920977
0.185139
0.959209
0.246535
1.0
0.0139437
0.293125
0.586472
0.333356
0.647814
1.0
0.0139432
0.923907
0.140575
0.995506
0.293536
1.0
0.0139374
0.149679
0.258527
0.181795
0.307103
1.0
0.0139369
0.159819
0.606914
0.25162
0.753469
1.0
0.0138456
0.265244
0.758645
0.307718
0.819763
1.0
0.0137265
0.271819
0.495932
0.306386
0.54202
1.0
0.0137202
0.171316
0.289191
0.20407
0.337046
1.0
0.0137068
0.765172
0.650853
0.806135
0.709487
1.0
0.0136669
0.392404
0.480342
0.438577
0.548062
1.0
0.013652
0.645076
0.722996
0.684633
0.775063
1.0
0.0136228
0.613583
0.588561
0.658351
0.646491
1.0
0.013521
0.67033
0.785536
0.709171
0.835642
1.0
0.01347
0.39375
0.580371
0.436632
0.643402
1.0
0.0134547
0.538464
0.716368
0.586003
0.769653
1.0
0.013448
0.835883
0.670933
0.927927
0.81026
1.0
0.0133742
0.967516
0.522573
0.998781
0.579418
1.0
0.0133657
0.894823
0.218127
0.931455
0.274418
1.0
0.0133505
0.534675
0.229011
0.637748
0.366612
1.0
0.0133084
0.561445
0.286939
0.611029
0.353646
1.0
0.0133084
0.766332
0.957897
0.807123
0.998966
1.0
0.0132113
0.147237
0.243625
0.229462
0.370232
1.0
0.0131819
0.613463
0.621902
0.657583
0.679464
1.0
0.0131819
0.77039
0.68311
0.809473
0.742838
1.0
0.0131779
0.417988
0.652517
0.456351
0.707261
1.0
0.0131701
0.393529
0.653592
0.433638
0.710617
1.0
0.0131636
0.622667
0.68777
0.710531
0.811486
1.0
0.0131569
0.665386
0.588022
0.707277
0.644037
1.0
0.0130883
0.769591
0.717783
0.807721
0.772749
1.0
0.0130508
0.894213
0.1858
0.932157
0.245233
1.0
0.0130085
0.937659
0.662082
1.00219
0.77791
1.0
0.0129998
0.63858
0.956811
0.681193
0.999153
1.0
0.0129772
0.319579
0.296882
0.50183
0.551475
1.0
0.0128967
0.84772
0.130719
0.931579
0.278409
1.0
0.0128785
0.46304
0.263767
0.568034
0.409139
1.0
0.0128529
0.663234
0.552569
0.763367
0.689181
1.0
0.0128346
0.722286
0.647514
0.763761
0.706451
1.0
0.0128326
0.866389
0.955786
0.907781
0.997641
1.0
0.0128288
0.368343
0.584322
0.410148
0.644128
1.0
0.0128287
0.266749
0.705252
0.357219
0.857441
1.0
0.0127542
0.146772
0.32449
0.178255
0.368798
1.0
0.012716
0.645625
0.757956
0.685362
0.809387
1.0
0.0127102
0.942604
0.749641
0.988259
0.81168
1.0
0.0127067
0.871075
0.186475
0.905689
0.24181
1.0
0.0126894
0.672583
0.71176
0.76365
0.8488
1.0
0.0126865
0.217085
0.657462
0.257546
0.715842
1.0
0.0125744
0.26607
0.649719
0.309032
0.712159
1.0
0.0125406
0.797022
0.637022
0.838767
0.688053
1.0
0.0125372
0.667326
0.654849
0.708359
0.712022
1.0
0.0124982
0.963248
0.947608
1.00005
0.998853
1.0
0.0124916
0.320234
0.72409
0.359934
0.780534
1.0
0.0124842
0.537646
0.661946
0.588048
0.717715
1.0
0.0124729
0.2421
0.722357
0.281367
0.777954
1.0
0.0124724
0.32064
0.481024
0.427086
0.614354
1.0
0.0124698
0.418779
0.61847
0.459162
0.67791
1.0
0.0123897
0.173353
0.194689
0.206024
0.246878
1.0
0.012357
0.593395
0.92332
0.639039
0.98156
1.0
0.0123559
0.609846
0.658509
0.654597
0.713848
1.0
0.0123053
0.368717
0.722511
0.405551
0.775032
1.0
0.0122892
0.225307
0.676242
0.313553
0.821881
1.0
0.0122667
0.147501
0.290472
0.180305
0.337887
1.0
0.0122222
0.113031
0.506377
0.216285
0.635317
1.0
0.0121835
0.216317
0.689097
0.255758
0.743927
1.0
0.0121422
0.241921
0.582578
0.281522
0.644999
1.0
0.0120733
0.190189
0.658252
0.233428
0.716945
1.0
0.0120618
0.581418
0.346022
0.711606
0.505086
1.0
0.0120568
0.582021
0.318869
0.638266
0.393526
1.0
0.0120392
0.219251
0.581674
0.259423
0.64339
1.0
0.0120365
0.867192
0.721146
0.905367
0.773562
1.0
0.0120232
0.943637
0.599302
1.00395
0.705578
1.0
0.0119909
0.870478
0.157528
0.906368
0.209582
1.0
0.0119799
0.467922
0.28907
0.508648
0.349275
1.0
0.0119619
0.0704925
-0.12444
0.618707
0.666947
1.0
0.0119393
0.24279
0.655429
0.282889
0.713166
1.0
0.0118821
0.668749
0.691997
0.709507
0.747712
1.0
0.0118227
0.418191
0.289336
0.455849
0.34502
1.0
0.0118227
0.264679
0.950326
0.308828
0.997697
1.0
0.0118014
0.936337
0.90892
0.98986
0.9845
1.0
0.0117842
0.216894
0.718673
0.255449
0.772206
1.0
0.0117689
0.369604
0.4791
0.411508
0.539122
1.0
0.0117338
0.793036
0.955804
0.835805
0.998871
1.0
0.0117315
0.169051
0.960857
0.206548
0.996455
1.0
0.0117253
0.220761
0.525067
0.258179
0.578206
1.0
0.0117231
0.642963
0.692112
0.683916
0.745156
1.0
0.0117101
0.865285
0.678316
0.907215
0.736574
1.0
0.0116933
0.821083
0.12237
0.856903
0.172784
1.0
0.011656
0.172708
0.325592
0.204018
0.370376
1.0
0.0116336
0.574361
0.67207
0.761862
0.953269
1.0
0.0116248
0.619572
0.752482
0.706774
0.883786
1.0
0.0116189
0.613386
0.792652
0.650709
0.841382
1.0
0.0115772
0.146833
0.141472
0.230916
0.285928
1.0
0.0115713
0.818547
0.515565
0.855101
0.563302
1.0
0.0115695
0.966166
0.492081
0.99777
0.545036
1.0
0.0115381
0.0957437
0.32923
0.126239
0.376625
1.0
0.0115351
0.906399
0.746204
1.00056
0.919382
1.0
0.0114595
0.245568
0.524535
0.282644
0.576847
1.0
0.0114324
0.169921
0.528377
0.207848
0.581526
1.0
0.0114277
0.742821
0.955773
0.785798
0.998877
1.0
0.0114046
0.613367
0.284948
0.662103
0.347539
1.0
0.0113934
0.609607
0.916674
0.693496
1.00628
1.0
0.0113918
0.193232
0.254536
0.22704
0.304419
1.0
0.0113737
0.447421
0.65596
0.486625
0.707417
1.0
0.0113631
0.119774
0.553689
0.158569
0.612335
1.0
0.0113447
0.394229
0.671486
0.492704
0.805367
1.0
0.0113353
0.128612
0.482977
0.322666
0.775632
1.0
0.0113235
0.614265
0.248233
0.665515
0.315998
1.0
0.0113061
0.0571186
0.538627
0.168018
0.685372
1.0
0.0112699
0.742499
0.680392
0.785363
0.743792
1.0
0.0112572
0.919312
0.488098
0.994697
0.603121
1.0
0.0112497
0.220841
0.224963
0.255763
0.278089
1.0
0.0112156
0.371958
0.654041
0.409429
0.711062
1.0
0.0112088
0.319759
0.490829
0.355968
0.539339
1.0
0.0111901
0.315763
0.588128
0.356317
0.646241
1.0
0.0111773
0.96723
0.384853
0.999137
0.446134
1.0
0.0111629
0.318991
0.753522
0.35841
0.81055
1.0
0.0111605
0.345822
0.65198
0.383942
0.709405
1.0
0.0111493
0.222003
0.255022
0.25583
0.306211
1.0
0.0111402
0.393595
0.72112
0.429563
0.770833
1.0
0.0111376
0.0947195
0.527053
0.130869
0.580749
1.0
0.0111351
0.143349
0.53097
0.180665
0.582689
1.0
0.011107
0.871074
0.21741
0.906956
0.271881
1.0
0.011102
0.821489
0.155909
0.856662
0.205906
1.0
0.011094
0.149818
0.226752
0.183091
0.277872
1.0
0.0110563
0.653924
0.476048
0.758948
0.62076
1.0
0.0110557
0.766207
0.0546962
0.806396
0.106888
1.0
0.0110437
0.257884
0.493434
0.352941
0.615066
1.0
0.011026
0.839459
0.684262
0.881706
0.740819
1.0
0.0109813
0.19289
0.583688
0.233802
0.644951
1.0
0.0109738
0.63902
0.320876
0.686283
0.380738
1.0
0.0109511
0.22358
0.495364
0.257793
0.541005
1.0
0.0109234
0.191262
0.95634
0.232451
0.996446
1.0
0.0108841
0.841001
0.719653
0.879549
0.771366
1.0
0.0108667
0.742613
0.716928
0.785505
0.776464
1.0
0.0108566
0.60637
0.349193
0.659201
0.42189
1.0
0.0108558
0.267576
0.584436
0.309179
0.64871
1.0
0.0108459
0.269307
0.519776
0.305879
0.57224
1.0
0.0108368
0.512844
0.285969
0.559736
0.354794
1.0
0.0108291
0.539477
0.754355
0.585018
0.808355
1.0
0.0108168
0.788311
0.479945
0.881973
0.590427
1.0
0.0107877
0.246212
0.25765
0.281119
0.308002
1.0
0.0107582
0.195222
0.526521
0.233885
0.579562
1.0
0.0106971
0.643327
0.656083
0.684701
0.711052
1.0
0.0106946
0.645381
0.790949
0.681367
0.838591
1.0
0.0106849
0.145888
0.392165
0.178538
0.439772
1.0
0.0106814
0.770042
0.913525
0.856102
1.00625
1.0
0.0106703
0.00428729
0.387308
0.0347214
0.445787
1.0
0.0106701
0.324032
0.425285
0.355924
0.473765
1.0
0.0106605
0.142584
0.659869
0.182658
0.714182
1.0
0.0106576
0.287729
0.756471
0.329945
0.815416
1.0
0.0106261
0.445448
0.29093
0.486866
0.351269
1.0
0.0106256
0.668416
0.125387
0.707805
0.175798
1.0
0.0106241
0.193425
0.193216
0.227181
0.245083
1.0
0.0106044
0.768578
0.579638
0.868024
0.698415
1.0
0.0105917
0.169324
0.58524
0.207887
0.642523
1.0
0.010585
0.195578
0.202466
0.288
0.337523
1.0
0.0105651
0.127093
0.922168
0.208421
1.00644
1.0
0.0105155
0.369182
0.619816
0.410346
0.680054
1.0
0.0105051
0.870586
0.121953
0.906711
0.175615
1.0
0.0105036
0.142747
0.583727
0.182048
0.642675
1.0
0.0104963
0.169406
0.620975
0.208336
0.675744
1.0
0.0104572
0.164944
0.71551
0.249177
0.848539
1.0
0.0104553
0.344437
0.753259
0.38145
0.807135
1.0
0.0104344
0.691324
0.590061
0.732655
0.644192
1.0
0.0104263
0.818601
0.603562
0.856994
0.651593
1.0
0.010412
0.321835
0.328679
0.353199
0.375755
1.0
0.0104104
0.17431
0.362601
0.206229
0.409114
1.0
0.0104102
0.835039
0.487853
0.935512
0.60451
1.0
0.0103911
0.19137
0.618842
0.233609
0.678689
1.0
0.0103725
0.718151
0.959331
0.758565
0.999884
1.0
0.0103514
0.589327
0.252971
0.638472
0.317083
1.0
0.0103339
0.167434
0.657801
0.209622
0.714759
1.0
0.0103282
0.46574
0.596696
0.657201
0.853922
1.0
0.010325
0.0836297
0.60053
0.189488
0.75377
1.0
0.0103249
0.19372
0.912669
0.27402
1.00303
1.0
0.0103245
0.323089
0.391957
0.355327
0.442106
1.0
0.0101988
0.126393
0.292631
0.157271
0.34003
1.0
0.0101959
0.717137
0.178607
1.00212
0.83908
1.0
0.0101827
0.148005
0.192774
0.180185
0.242908
1.0
0.0101802
0.323789
0.363321
0.354892
0.410048
1.0
0.01018
-0.000834191
0.350895
0.0619316
0.472889
1.0
0.0101679
0.269718
0.12222
0.305607
0.177261
1.0
0.0101617
0.666417
0.620821
0.708036
0.678834
1.0
0.0101156
0.35045
0.330859
0.382911
0.380362
1.0
0.0101147
0.171948
0.120697
0.205479
0.175093
1.0
0.010076
0.00108545
0.49535
0.0660771
0.614563
1.0
0.0100442
0.191351
0.718189
0.234405
0.773165
1.0
0.01003
0.642587
0.62201
0.684661
0.678005
1.0
0.0100168
0.195458
0.327384
0.226826
0.370596
1.0
0.0100145
0.795024
0.123683
0.830472
0.173168
1.0
0.0100139
0.737166
0.517419
0.837152
0.646588
1.0
0.0100099
0.00382834
0.523624
0.0344898
0.582335
1.0
0.0100095
0.192242
0.497302
0.288441
0.61817
