1.0
0.795465
0.480454
0.374669
0.656191
0.693154
1.0
0.0501047
0.31143
0.351264
0.652812
0.912592
1.0
0.0368315
0.258325
0.661794
0.456883
0.958635
1.0
0.0360178
0.456813
0.528966
0.579755
0.722671
1.0
0.0326931
0.763796
0.747484
1.01582
1.02694
1.0
0.0320811
0.41705
0.593429
0.531265
0.753552
1.0
0.0301361
0.462575
0.348676
0.583923
0.535313
1.0
0.0274558
0.58485
0.404889
0.68711
0.582339
1.0
0.0266737
0.547523
0.853824
0.580072
0.913142
1.0
0.0261745
0.9207
0.622734
1.0008
0.760421
1.0
0.0256509
0.605202
0.527348
0.694295
0.68453
1.0
0.0251539
0.513734
0.799052
0.593108
0.939255
1.0
0.025136
0.354262
0.656045
0.466035
0.821913
1.0
0.0247895
0.43319
0.396117
0.521469
0.564572
1.0
0.0246843
0.462326
0.413235
0.505899
0.486005
1.0
0.0234398
0.584768
0.38171
0.640665
0.463956
1.0
0.0227256
0.462291
0.580825
0.513443
0.655306
1.0
0.0227072
0.441031
0.637819
0.488777
0.713409
1.0
0.0226608
0.16328
0.957585
0.205781
0.997985
1.0
0.0225499
0.853834
0.565695
1.00163
0.843841
1.0
0.0225206
0.70031
0.426645
0.993828
0.976118
1.0
0.0225075
0.488554
0.3484
0.538753
0.428467
1.0
0.0222359
0.606383
0.410649
0.660176
0.497798
1.0
0.0222012
0.638997
0.585606
0.68088
0.653124
1.0
0.0213525
0.377832
0.332552
0.565205
0.655091
1.0
0.0205832
0.509389
0.377215
0.562873
0.458134
1.0
0.0204868
0.636291
0.744908
0.742556
0.888577
1.0
0.0204581
0.667186
0.908608
0.711112
0.971436
1.0
0.0200162
0.611819
0.472541
0.659741
0.555118
1.0
0.0196793
0.139219
0.957532
0.182442
0.998153
1.0
0.0196313
0.485512
0.633253
0.544085
0.71793
1.0
0.0196269
0.632561
0.446389
0.67978
0.525434
1.0
0.0193214
0.418269
0.648191
0.462252
0.71642
1.0
0.0193013
0.640901
0.909043
0.684539
0.971906
1.0
0.0192966
0.569526
0.955904
0.60471
0.997783
1.0
0.0192919
0.666567
0.542398
0.766526
0.695169
1.0
0.0192647
0.619431
0.912344
0.661218
0.974348
1.0
0.0192617
0.468966
0.351239
0.510857
0.421452
1.0
0.0191838
0.586067
0.439986
0.645037
0.530899
1.0
0.0190366
0.512554
0.67489
0.564463
0.751342
1.0
0.0189922
0.956474
0.648024
0.998118
0.72373
1.0
0.0189079
0.666015
0.951397
0.707957
0.999261
1.0
0.018346
0.540285
0.3275
0.667208
0.509818
1.0
0.0183352
0.636566
0.506827
0.678993
0.581083
1.0
0.0182521
0.963181
0.950576
0.999972
0.998529
1.0
0.0180467
0.562081
0.409261
0.617379
0.49482
1.0
0.0179851
0.637085
0.869248
0.732951
0.982684
1.0
0.017981
0.0690157
0.682254
0.184445
0.826826
1.0
0.0179608
0.458414
0.643612
0.571137
0.807046
1.0
0.0177343
0.643127
0.952657
0.685333
1.00011
1.0
0.0176983
0.515227
0.566577
0.63421
0.746435
1.0
0.0176143
0.630835
0.596157
0.727933
0.737152
1.0
0.0172635
0.448486
0.442277
0.486974
0.511114
1.0
0.0172078
0.142792
0.921584
0.226002
1.00587
1.0
0.0171887
0.813132
0.609769
0.933162
0.768489
1.0
0.0167965
0.535737
0.571132
0.588056
0.649772
1.0
0.0167851
0.540648
0.44604
0.591306
0.523633
1.0
0.0167851
0.592142
0.917422
0.632751
0.976619
1.0
0.0167386
0.932073
0.704773
1.00835
0.834158
1.0
0.0167357
0.393104
0.65261
0.437111
0.720763
1.0
0.0166397
0.565726
0.912511
0.601746
0.968443
1.0
0.0165757
0.765505
0.920567
0.808819
0.979245
1.0
0.0163146
0.171479
0.854549
0.206315
0.899925
1.0
0.0162962
0.46269
0.712213
0.508553
0.778849
1.0
0.0162786
0.659422
0.689618
0.76205
0.825562
1.0
0.0162298
0.961764
0.713803
1.00175
0.785881
1.0
0.0162202
0.531379
0.63825
0.586344
0.719733
1.0
0.0161974
0.92395
0.881004
1.00169
0.996986
1.0
0.0161937
0.535831
0.350451
0.589616
0.429806
1.0
0.0160729
0.592242
0.954117
0.632048
1.00039
1.0
0.0159279
0.373737
0.555434
0.4671
0.703
1.0
0.015913
0.00439689
0.760006
0.257287
1.00717
1.0
0.015896
0.545348
0.906732
0.580529
0.962956
1.0
0.0158569
0.509614
0.332014
0.837047
0.827067
1.0
0.015831
0.617929
0.952831
0.657379
0.999127
1.0
0.0157236
0.520884
0.957692
0.555271
0.997887
1.0
0.0156595
0.422906
0.620116
0.463629
0.679712
1.0
0.0155605
0.143927
0.78741
0.182867
0.839216
1.0
0.015412
0.243888
0.717284
0.337432
0.851973
1.0
0.0152872
0.62345
0.888659
0.659077
0.940542
1.0
0.015266
0.687921
0.88961
0.72753
0.946181
1.0
0.0152134
0.368092
0.715044
0.415297
0.788749
1.0
0.0152037
0.403729
0.458229
0.494414
0.620385
1.0
0.015163
0.535729
0.714203
0.580391
0.776373
1.0
0.0151136
0.966325
0.583486
1.0012
0.652429
1.0
0.0150393
0.715407
0.954294
0.756946
1.00018
1.0
0.0150293
0.448486
0.397211
0.487312
0.460258
1.0
0.0149912
0.48449
0.408718
0.534945
0.489118
1.0
0.014978
0.81463
0.951105
0.859885
0.997718
1.0
0.0149701
0.650116
0.438909
0.754338
0.599454
1.0
0.0148231
0.60217
0.812605
0.793797
1.0142
1.0
0.0147675
0.212697
0.772
0.309176
0.917643
1.0
0.0147619
0.562218
0.878647
0.594721
0.930277
1.0
0.0146872
0.562869
0.717776
0.605223
0.778134
1.0
0.0146506
0.524304
0.918326
0.558487
0.969515
1.0
0.014635
0.423054
0.553638
0.459686
0.610377
1.0
0.0146258
0.421806
0.648276
0.616898
0.957766
1.0
0.0146219
0.643907
0.864658
0.68401
0.919778
1.0
0.0145914
0.741809
0.951394
0.787839
0.999864
1.0
0.0145452
0.469814
0.738749
0.56845
0.891359
1.0
0.0144772
0.0785519
-0.190404
0.650353
0.780744
1.0
0.0144338
0.798151
0.531969
0.830864
0.585452
1.0
0.0144172
0.215185
0.956546
0.258167
0.999575
1.0
0.0143997
0.5259
0.893778
0.604511
1.00342
1.0
0.0143973
0.566048
0.860218
0.665531
0.9925
1.0
0.0143358
0.890756
0.586576
0.935428
0.657102
1.0
0.0143344
0.771536
0.909486
0.858578
1.00406
1.0
0.0143192
0.910971
0.621272
0.958732
0.693301
1.0
0.0142414
0.170961
0.825897
0.208316
0.874675
1.0
0.0142254
0.593231
0.862937
0.629394
0.913102
1.0
0.0141951
0.167018
0.788541
0.205889
0.841562
1.0
0.0141508
0.38582
0.720236
0.499174
0.888137
1.0
0.0140967
0.493777
0.711403
0.54014
0.77914
1.0
0.0140832
0.0927101
0.961133
0.136212
1.00019
1.0
0.014074
0.620062
0.608316
0.663977
0.676267
1.0
0.0140346
0.711994
0.905658
0.803895
1.00411
1.0
0.0140004
0.808469
0.880113
0.920599
0.999292
1.0
0.0139901
0.465252
0.508763
0.510634
0.582559
1.0
0.01399
0.907185
0.524075
0.994961
0.681651
1.0
0.013971
0.866156
0.650489
0.91262
0.718292
1.0
0.0137817
0.511167
0.317209
0.55997
0.397076
1.0
0.0137611
0.690342
0.723143
0.735023
0.782403
1.0
0.0137317
0.426554
0.453209
0.46219
0.51138
1.0
0.0137005
0.407933
0.712411
0.454225
0.785574
1.0
0.0136974
0.868855
0.586836
0.909958
0.652974
1.0
0.0136855
0.4493
0.355543
0.488365
0.419076
1.0
0.0136515
0.428275
0.293073
0.526173
0.444495
1.0
0.013636
0.112176
0.743052
0.208658
0.873117
1.0
0.0136269
0.507305
0.604689
0.566184
0.690748
1.0
0.0136012
0.267425
0.719647
0.302971
0.774626
1.0
0.013596
0.529703
0.827484
0.565922
0.886287
1.0
0.0134995
0.561995
0.715033
0.670692
0.866874
1.0
0.0134933
0.727427
0.517602
0.820786
0.67287
1.0
0.0134608
0.591965
0.646463
0.638113
0.712499
1.0
0.0134545
0.86703
0.955277
0.910337
0.99775
1.0
0.0133778
0.544627
0.955184
0.58047
0.997826
1.0
0.0133748
0.52761
0.665834
0.631853
0.815979
1.0
0.0133691
0.46999
0.290696
0.509433
0.350774
1.0
0.0133691
0.558116
0.60901
0.609556
0.68482
1.0
0.0133503
0.0939664
0.92656
0.181995
1.00827
1.0
0.0133082
0.0030896
0.692926
0.0800787
0.817334
1.0
0.0132723
0.63825
0.640103
0.683144
0.706541
1.0
0.0132091
0.590498
0.575617
0.642156
0.65224
1.0
0.0132001
0.344634
0.65594
0.383221
0.714411
1.0
0.0131689
0.218524
0.783955
0.257967
0.844537
1.0
0.0131629
0.812614
0.526732
0.907981
0.673372
1.0
0.0131427
0.172125
0.688251
0.261489
0.826482
1.0
0.0131402
0.588831
0.499345
0.643305
0.586787
1.0
0.013116
0.424447
0.48753
0.460017
0.543192
1.0
0.0131036
0.677898
0.786548
0.778668
0.921639
1.0
0.0130982
0.667153
0.82285
0.708394
0.879554
1.0
0.0130924
0.543494
0.80305
0.580086
0.858871
1.0
0.0130448
0.692354
0.647425
0.735374
0.710616
1.0
0.0130441
0.481987
0.272674
0.594391
0.421181
1.0
0.0130407
0.667066
0.784073
0.710076
0.843384
1.0
0.0130348
0.322458
0.721655
0.359769
0.778757
1.0
0.0130294
0.689273
0.951076
0.73237
1.00001
1.0
0.0129119
0.845609
0.586223
0.884392
0.647417
1.0
0.0129084
0.540319
0.753349
0.582077
0.813275
1.0
0.012899
0.666589
0.720412
0.710116
0.779595
1.0
0.0128948
-0.00968354
0.658798
0.147272
0.872613
1.0
0.0128522
0.666676
0.863888
0.708264
0.92195
1.0
0.0128353
-0.00151932
0.548509
0.0626594
0.670496
1.0
0.0127386
0.563472
0.320596
0.610923
0.39481
1.0
0.0127166
0.644382
0.786609
0.685923
0.842646
1.0
0.0126641
0.268209
0.626665
0.368678
0.75442
1.0
0.0126502
0.641922
0.717405
0.686897
0.776573
1.0
0.0126298
0.429472
0.422613
0.464302
0.478455
1.0
0.0126126
0.660859
0.610786
0.703049
0.675069
1.0
0.0126068
0.120565
0.751804
0.16055
0.809907
1.0
0.0126011
0.60975
0.353446
0.656881
0.425636
1.0
0.012587
0.632992
0.38582
0.6826
0.461409
1.0
0.0125782
0.560875
0.470331
0.617351
0.55598
1.0
0.0125749
0.892883
0.554982
0.933379
0.618264
1.0
0.0125572
0.716698
0.646373
0.757217
0.708254
1.0
0.0125098
0.00315378
0.584891
0.0361224
0.646964
1.0
0.0125087
0.721011
0.589635
0.759467
0.6516
1.0
0.0124636
0.585001
0.785017
0.693987
0.935126
1.0
0.0124524
0.395571
0.621949
0.436316
0.681022
1.0
0.0124156
0.445075
0.554287
0.484706
0.617397
1.0
0.0124094
0.662874
0.643557
0.707367
0.710065
1.0
0.012357
0.792824
0.580563
0.831186
0.646228
1.0
0.012357
0.191528
0.85183
0.2279
0.904169
1.0
0.0123343
0.516184
0.745716
0.559034
0.811924
1.0
0.012298
0.143791
0.856188
0.181739
0.902895
1.0
0.0122801
0.711249
0.915975
0.756108
0.977017
1.0
0.0122699
0.556858
0.539181
0.612535
0.62158
1.0
0.0122677
0.287884
0.50535
0.49534
0.815531
1.0
0.0122645
0.24866
0.722273
0.282047
0.77586
1.0
0.0121861
0.220126
0.6326
0.313332
0.756232
1.0
0.0121549
0.963332
0.784512
1.00122
0.84574
1.0
0.0121173
0.691956
0.591784
0.73175
0.650678
1.0
0.0121116
0.964244
0.820796
1.00115
0.879297
1.0
0.0120749
0.117146
0.72112
0.157454
0.779085
1.0
0.0120671
0.581369
0.627978
0.685416
0.778422
1.0
0.0120584
0.813646
0.583083
0.851541
0.64647
1.0
0.0120456
0.61472
0.541466
0.660566
0.62409
1.0
0.0120036
0.121712
0.790085
0.160062
0.841519
1.0
0.0119932
0.189625
0.956233
0.233335
0.99984
1.0
0.0119137
0.89984
0.77954
0.999175
0.929128
1.0
0.0119121
0.842358
0.653908
0.885441
0.71567
1.0
0.0119056
0.365223
0.656307
0.407542
0.719651
1.0
0.0118929
0.424379
0.357008
0.459
0.412053
1.0
0.0118817
0.142505
0.822877
0.183488
0.874683
1.0
0.0118704
0.661992
0.514257
0.702885
0.582199
1.0
0.0118601
0.845311
0.555638
0.882269
0.613264
1.0
0.0118003
0.909164
0.712935
0.961737
0.781806
1.0
0.0117253
0.222152
0.723191
0.256128
0.778887
1.0
0.0117173
0.769815
0.581472
0.809513
0.650036
1.0
0.0116933
0.773363
0.527365
0.807583
0.586441
1.0
0.0116757
0.0917371
0.660538
0.129697
0.714141
1.0
0.0116677
0.890317
0.642383
0.944824
0.719205
1.0
0.0116569
0.267717
0.752173
0.305074
0.810121
1.0
0.011646
0.169719
0.800457
0.261966
0.935644
1.0
0.0116303
0.868791
0.555618
0.906796
0.614816
1.0
0.0116162
0.421207
0.518551
0.459498
0.579401
1.0
0.0116144
0.662183
0.552309
0.702073
0.621296
1.0
0.0115956
0.192694
0.82334
0.230734
0.876684
1.0
0.0115933
0.814279
0.551409
0.849688
0.61034
1.0
0.0115618
0.195262
0.789364
0.234109
0.845749
1.0
0.0115587
0.491254
0.289336
0.536549
0.353269
1.0
0.0115301
0.470371
0.958077
0.507307
0.99739
1.0
0.0115271
0.643842
0.825129
0.685713
0.882385
1.0
0.0115056
0.96669
0.519108
0.999591
0.587851
1.0
0.0114829
0.270452
0.694049
0.303117
0.744916
1.0
0.0114674
0.291334
0.722597
0.32912
0.777322
1.0
0.0114533
0.512961
0.447321
0.560536
0.52299
1.0
0.0114428
0.659767
0.449661
0.701396
0.518844
1.0
0.0114402
0.376134
0.376851
0.470852
0.536116
1.0
0.0114012
0.323936
0.65552
0.359807
0.710112
1.0
0.0113892
0.494235
0.922639
0.530851
0.97599
1.0
0.0113752
0.615093
0.715087
0.660369
0.776867
1.0
0.0113602
0.00165397
0.951875
0.0359462
0.996639
1.0
0.0113063
0.564064
0.75329
0.605877
0.814598
1.0
0.0112651
0.266269
0.957132
0.30837
1.00077
1.0
0.011254
0.712341
0.636062
0.81572
0.780913
1.0
0.011254
0.263321
0.767647
0.374059
0.924667
1.0
0.0112441
0.190969
0.909076
0.280795
1.00438
1.0
0.0111962
0.745341
0.587205
0.784126
0.6514
1.0
0.0111781
0.0120232
0.683815
0.0577385
0.754811
1.0
0.011168
0.166196
0.755732
0.205522
0.812895
1.0
0.011168
0.0671854
0.960961
0.108514
0.998937
1.0
0.0111163
0.522985
0.794233
0.559555
0.850016
1.0
0.0111067
0.388133
0.742753
0.436507
0.81655
1.0
0.0110971
0.00249793
0.718168
0.0382408
0.782491
1.0
0.0110809
0.714137
0.782194
0.755989
0.840369
1.0
0.0110315
0.00305298
0.653087
0.0371463
0.714494
1.0
0.0110112
0.720041
0.55399
0.75816
0.61728
1.0
0.0110034
0.49463
0.956186
0.532658
0.998609
1.0
0.0109463
0.146458
0.460301
0.176343
0.504379
1.0
0.010903
0.717795
0.521509
0.755996
0.584595
1.0
0.0108566
0.557805
0.825228
0.597695
0.885897
1.0
0.0108395
0.445015
0.512867
0.485001
0.578727
1.0
0.0108138
0.478728
0.905937
0.557759
1.00709
1.0
0.0107892
0.564368
0.796517
0.60165
0.852428
1.0
0.0107877
0.0934838
0.792484
0.131181
0.8415
1.0
0.0107656
0.538383
0.507974
0.590204
0.593437
1.0
0.0107634
0.429594
0.540689
0.803099
1.10154
1.0
0.0107308
0.349463
0.751816
0.392118
0.81623
1.0
0.010675
0.116076
0.690118
0.15621
0.748099
1.0
0.0106596
0.119477
0.936589
0.162728
0.985534
1.0
0.0106555
0.464751
0.748504
0.509869
0.813815
1.0
0.0106092
0.116035
0.813656
0.207105
0.935847
1.0
0.010607
0.322305
0.754944
0.359216
0.810538
1.0
0.0106018
0.941774
0.548887
0.98818
0.619279
1.0
0.0105772
0.366777
0.778384
0.409621
0.842918
1.0
0.0104674
0.759331
0.581507
0.875727
0.740365
1.0
0.0104443
0.519426
0.692201
0.72528
0.968012
1.0
0.0104291
0.00254355
0.550218
0.0356449
0.613442
1.0
0.0104244
0.486848
0.545598
0.54058
0.626578
1.0
0.010394
0.246716
0.66169
0.277964
0.709864
1.0
0.0103505
0.863122
0.712774
0.915747
0.779146
1.0
0.0103206
0.559838
0.678543
0.607828
0.749017
1.0
0.0103104
0.816995
0.70231
0.932409
0.834976
1.0
0.0102428
0.838224
0.954988
0.885595
0.999721
1.0
0.010227
0.090491
0.716955
0.13293
0.777073
1.0
0.0102268
0.665855
0.68589
0.709054
0.74809
1.0
0.0102004
0.714878
0.724222
0.758163
0.782444
1.0
0.010171
0.368403
0.628424
0.405548
0.679667
1.0
0.0101498
0.642482
0.753293
0.68853
0.815328
1.0
0.0101216
0.318637
0.60525
0.414478
0.741408
1.0
0.0100877
0.913512
0.953458
0.957645
0.997511
1.0
0.0100525
0.225114
0.660417
0.257947
0.710712
1.0
0.0100433
0.21466
0.8478
0.255169
0.90529
1.0
0.010042
0.142875
0.722736
0.182276
0.782309
1.0
0.0100281
0.71759
0.684847
0.758726
0.743895
1.0
0.0100159
0.117078
0.659224
0.156015
0.7132
