1.0
0.650167
0.430853
0.281159
0.586402
0.536922
1.0
0.521394
0.252761
0.312583
0.696645
0.899632
1.0
0.0698428
-0.0271896
0.613624
0.328296
1.13012
1.0
0.0447963
0.561409
0.420327
0.930274
0.999144
1.0
0.0402768
0.409727
0.187831
0.512945
0.376263
1.0
0.0367808
0.74845
0.746583
1.00636
1.01298
1.0
0.0348766
0.498471
0.626188
0.536909
0.68892
1.0
0.0308868
0.0115796
0.944331
0.0604703
0.997538
1.0
0.0306522
0.847063
0.536257
0.934686
0.679882
1.0
0.03019
0.359036
0.48127
0.469915
0.619235
1.0
0.0295735
0.415919
0.405548
0.535041
0.574561
1.0
0.0293706
0.581368
0.553403
0.681195
0.701578
1.0
0.0287602
0.534777
0.321693
0.586195
0.393686
1.0
0.0274928
0.615841
0.476538
0.72078
0.6176
1.0
0.0273826
0.870868
0.547055
0.914309
0.61493
1.0
0.0273692
0.735136
0.452051
0.812302
0.585709
1.0
0.0258927
0.765997
0.463102
0.797498
0.522306
1.0
0.0256749
0.387419
0.514087
0.435314
0.581297
1.0
0.0254233
0.719345
0.437031
0.897507
0.706119
1.0
0.0251373
0.639361
0.535091
0.737707
0.683727
1.0
0.0246381
0.507812
0.511768
0.612969
0.669833
1.0
0.024584
0.786486
0.55218
0.883122
0.69044
1.0
0.0245179
0.676049
0.466178
0.774288
0.605588
1.0
0.0242598
0.439331
0.474791
0.494004
0.551125
1.0
0.0240192
0.284797
0.0365283
0.594599
0.62913
1.0
0.0235966
0.668659
0.509943
0.712294
0.575868
1.0
0.0233017
0.530179
0.433616
0.634491
0.585673
1.0
0.0232695
0.419728
0.322275
0.462973
0.388343
1.0
0.0231722
0.436902
0.375756
0.493867
0.459493
1.0
0.0226467
0.302456
0.382159
0.502422
0.637811
1.0
0.0221608
0.963858
0.951079
0.999312
0.997211
1.0
0.0220555
0.845351
0.551058
0.886663
0.614967
1.0
0.0220545
0.818057
0.518111
0.856807
0.579842
1.0
0.0219622
0.475662
0.424388
0.544777
0.525208
1.0
0.0218092
0.485478
0.320406
0.542715
0.401951
1.0
0.0214705
0.961709
0.580113
0.999368
0.652186
1.0
0.020959
0.49039
0.591533
0.571304
0.717357
1.0
0.0207653
0.964541
0.520688
0.998845
0.586458
1.0
0.0205569
0.819634
0.488373
0.85418
0.544441
1.0
0.0202192
0.380061
0.361265
0.486662
0.527205
1.0
0.0201341
0.668034
0.545876
0.710256
0.614054
1.0
0.0197649
0.643305
0.512042
0.686953
0.576612
1.0
0.0197069
0.344181
0.523778
0.392007
0.587794
1.0
0.0197051
0.413153
0.511764
0.461116
0.5804
1.0
0.019648
0.470632
0.180235
0.588234
0.353301
1.0
0.0193268
0.383415
0.266588
0.484415
0.433784
1.0
0.0192272
0.841253
0.585169
0.885377
0.648612
1.0
0.0191059
0.638788
0.58422
0.683954
0.653125
1.0
0.0190912
0.663557
0.581297
0.707022
0.646867
1.0
0.0190283
0.589618
0.445632
0.637213
0.51567
1.0
0.018874
0.476903
0.368971
0.544655
0.468771
1.0
0.0188425
0.911497
0.576885
0.957113
0.64882
1.0
0.0187879
0.435002
0.27155
0.485478
0.357396
1.0
0.018699
0.895714
0.524428
0.980777
0.680972
1.0
0.0186607
0.4317
0.134091
0.532946
0.286914
1.0
0.0185352
0.418033
0.410795
0.463553
0.481497
1.0
0.0185019
0.891587
0.529427
0.933955
0.593538
1.0
0.0183386
0.585205
0.415039
0.680124
0.553763
1.0
0.0182725
0.413311
0.525049
0.520048
0.680621
1.0
0.0182283
0.521958
0.502742
0.70918
0.76769
1.0
0.0181643
0.717124
0.502545
0.763124
0.576263
1.0
0.0181533
0.613503
0.547792
0.660497
0.620481
1.0
0.0181076
0.304548
0.497145
0.411454
0.630058
1.0
0.0181027
0.963024
0.65218
0.999441
0.715638
1.0
0.0180544
0.544066
0.608156
0.648367
0.74359
1.0
0.0180046
0.416586
0.237064
0.467966
0.322611
1.0
0.0177148
0.818218
0.550329
0.858817
0.614028
1.0
0.017683
0.692235
0.507735
0.73633
0.57509
1.0
0.017499
0.635409
0.613248
0.730441
0.752239
1.0
0.0174519
0.261269
0.945205
0.309354
0.99659
1.0
0.0173495
0.0666884
0.950937
0.111113
0.998649
1.0
0.0172666
0.590976
0.627941
0.638294
0.688837
1.0
0.0171696
0.865713
0.614484
0.909846
0.677266
1.0
0.0170835
0.79178
0.454242
0.876784
0.591785
1.0
0.0170674
0.0134069
0.897408
0.110065
1.00475
1.0
0.016998
0.964162
0.787517
0.99774
0.842153
1.0
0.0168461
0.295998
0.528778
0.333342
0.583666
1.0
0.0167767
0.844772
0.488379
0.880892
0.547251
1.0
0.0166434
0.418013
0.454365
0.466505
0.524073
1.0
0.0164007
0.938574
0.547683
0.986814
0.6199
1.0
0.0163777
0.963849
0.720731
0.999619
0.780363
1.0
0.0163747
0.891277
0.612376
0.936316
0.676655
1.0
0.0163492
0.869559
0.489605
0.90641
0.549145
1.0
0.0160948
0.642717
0.686975
0.685563
0.745501
1.0
0.0160846
0.529895
0.368918
0.585137
0.452755
1.0
0.0160197
0.59229
0.425921
0.7859
0.700197
1.0
0.0157846
0.796926
0.51621
0.833979
0.576321
1.0
0.0157521
0.963417
0.755588
0.998349
0.813267
1.0
0.0156512
0.81585
0.585028
0.860567
0.648432
1.0
0.0156299
0.76109
0.503508
0.801421
0.57368
1.0
0.0155768
0.321826
0.526984
0.364809
0.586358
1.0
0.0155039
0.273532
0.56071
0.308092
0.614296
1.0
0.0154606
0.565744
0.588096
0.611364
0.65259
1.0
0.0153359
0.50851
0.286029
0.563282
0.363584
1.0
0.0152525
0.361516
0.540182
0.41263
0.609443
1.0
0.0152424
0.245341
0.728542
0.282942
0.781219
1.0
0.0152217
0.638207
0.652248
0.682108
0.713862
1.0
0.0151387
0.504827
0.342525
0.564238
0.431874
1.0
0.0151215
0.866503
0.959649
0.905318
0.995706
1.0
0.0151078
0.368902
0.497284
0.414433
0.556203
1.0
0.0150667
0.665797
0.620608
0.708541
0.680299
1.0
0.0149334
0.0389379
0.951306
0.0853896
1.00017
1.0
0.014859
0.440115
0.543703
0.486966
0.615439
1.0
0.0146972
0.668181
0.656591
0.708942
0.713323
1.0
0.0146947
0.267769
0.548085
0.37553
0.692582
1.0
0.0146087
0.184872
0.914211
0.234733
0.984327
1.0
0.0145921
0.591787
0.587635
0.638052
0.654769
1.0
0.0145819
0.0133519
0.887946
0.0601862
0.954905
1.0
0.0145352
0.940658
0.611606
0.986717
0.681662
1.0
0.0145287
0.220772
0.558556
0.310491
0.690015
1.0
0.0145092
0.116258
0.949591
0.16074
0.997887
1.0
0.014502
0.694743
0.561798
0.794185
0.712476
1.0
0.0144759
0.932836
0.683713
1.00471
0.807096
1.0
0.0144522
0.916651
0.659644
0.956529
0.713226
1.0
0.0143975
0.274318
0.489188
0.307542
0.538343
1.0
0.0143646
0.114521
0.747477
0.212675
0.901532
1.0
0.0143116
0.319569
0.378832
0.416348
0.522618
1.0
0.0142507
0.795319
0.487101
0.829657
0.544127
1.0
0.0141768
0.965964
0.823366
0.998039
0.875698
1.0
0.014154
0.814129
0.612452
0.914592
0.747824
1.0
0.0141185
0.929367
0.887544
0.999438
0.995083
1.0
0.0140698
0.668712
0.724216
0.705618
0.775497
1.0
0.0140549
0.614772
0.482218
0.658698
0.547607
1.0
0.0140411
0.511925
0.516203
0.554552
0.57893
1.0
0.0140002
0.893913
0.491697
0.931314
0.55137
1.0
0.013972
0.666438
0.689254
0.704772
0.742453
1.0
0.0139678
0.964804
0.85528
0.998805
0.911298
1.0
0.0139526
0.0868788
0.8725
0.191354
0.995101
1.0
0.0139336
0.294623
0.489486
0.332606
0.54356
1.0
0.0139081
0.933893
0.463034
1.00244
0.603463
1.0
0.0139019
0.39784
0.353027
0.438393
0.411539
1.0
0.0138615
0.590178
0.513526
0.638945
0.583045
1.0
0.0138198
0.481505
0.111149
0.58448
0.257662
1.0
0.0138076
0.610772
0.670043
0.701989
0.817399
1.0
0.0137849
0.570852
0.648647
0.613744
0.705898
1.0
0.0136891
0.458497
0.145625
0.506956
0.221308
1.0
0.0136756
0.415481
0.579238
0.457885
0.642234
1.0
0.0134974
0.916758
0.958893
0.957317
0.997027
1.0
0.0134972
-0.00217784
0.753822
0.0686157
0.868283
1.0
0.0134964
0.273216
0.457815
0.307736
0.511681
1.0
0.0134787
0.736114
0.603096
0.841926
0.741879
1.0
0.0134688
0.349966
0.559918
0.462246
0.720962
1.0
0.0134358
0.892008
0.691124
0.936074
0.743808
1.0
0.0133972
0.161522
0.821539
0.340138
1.02361
1.0
0.0133508
0.716568
0.956946
0.756062
0.997194
1.0
0.0133347
0.722308
0.459385
0.75998
0.528239
1.0
0.0133026
0.892084
0.661523
0.935337
0.714236
1.0
0.0132869
0.511208
0.285488
0.616092
0.44279
1.0
0.013254
0.459168
0.343408
0.520465
0.433872
1.0
0.013229
0.45152
0.239445
0.508182
0.330093
1.0
0.0132119
0.503234
0.472068
0.557725
0.549671
1.0
0.013145
0.461196
0.505734
0.509984
0.577977
1.0
0.0131431
0.290444
0.584681
0.329174
0.642961
1.0
0.0130775
0.39393
0.457025
0.439555
0.521288
1.0
0.0130645
0.266895
0.725495
0.307039
0.782995
1.0
0.0130448
0.443591
0.583093
0.486255
0.645471
1.0
0.0129904
0.274294
0.529493
0.308314
0.582543
1.0
0.0129467
0.247298
0.561932
0.28345
0.616957
1.0
0.0129325
0.536767
0.248247
0.58963
0.322733
1.0
0.0129323
0.561047
0.286889
0.603748
0.355305
1.0
0.0129208
0.485271
0.179555
0.539248
0.255078
1.0
0.0129196
0.618808
0.718548
0.656251
0.771359
1.0
0.0128551
0.610543
0.64614
0.654589
0.708483
1.0
0.0128299
0.536974
0.513905
0.583889
0.581557
1.0
0.0127194
0.693774
0.581938
0.736217
0.646585
1.0
0.0127073
0.88768
0.958733
0.92964
0.997064
1.0
0.0126231
0.561331
0.380464
0.607155
0.449966
1.0
0.0125755
0.694231
0.656555
0.733583
0.709212
1.0
0.0125496
0.513153
0.144303
0.560757
0.214738
1.0
0.0125381
0.818515
0.962136
0.856381
0.997262
1.0
0.0124774
0.211239
0.797436
0.305325
0.9352
1.0
0.0124696
0.223519
0.68312
0.311068
0.824726
1.0
0.0124547
0.161407
0.718422
0.253148
0.86657
1.0
0.0124299
0.544922
0.345122
0.654488
0.503448
1.0
0.0124016
0.267056
0.418268
0.362515
0.547745
1.0
0.0123997
0.390961
0.00981292
0.551438
0.195926
1.0
0.0123908
0.342519
0.576723
0.38745
0.643983
1.0
0.0123649
0.491199
0.553056
0.533712
0.620245
1.0
0.0122522
0.866779
0.644992
0.961809
0.780317
1.0
0.0122355
0.418047
0.190214
0.465699
0.270558
1.0
0.0122271
0.562932
0.512894
0.611723
0.584273
1.0
0.0122224
0.563828
0.416293
0.612974
0.488843
1.0
0.012216
0.716943
0.581465
0.759873
0.645811
1.0
0.0121799
0.172797
0.457578
0.202801
0.506181
1.0
0.0121311
0.484292
0.246971
0.54019
0.329436
1.0
0.0121168
0.846438
0.428406
0.928273
0.575848
1.0
0.0121035
0.533748
0.440677
0.584319
0.513895
1.0
0.0121003
0.250598
0.496751
0.343757
0.63185
1.0
0.0120896
0.669994
0.760099
0.705826
0.809797
1.0
0.0120841
0.914627
0.492345
0.951015
0.5518
1.0
0.0120557
0.866346
0.659282
0.909804
0.712389
1.0
0.0120452
0.694086
0.623026
0.735763
0.682884
1.0
0.012031
0.510906
0.595596
0.55105
0.659922
1.0
0.0119963
0.166292
0.951363
0.2095
0.998657
1.0
0.0119932
0.247162
0.489247
0.281677
0.540857
1.0
0.0119681
0.0157089
0.860092
0.0592227
0.917396
1.0
0.0118931
0.792189
0.585349
0.83618
0.647866
1.0
0.0118551
0.219919
0.754557
0.257708
0.808974
1.0
0.0117976
0.915014
0.786523
0.956923
0.833642
1.0
0.0117797
0.0674252
0.89188
0.10846
0.95229
1.0
0.011766
0.163419
0.602351
0.256602
0.752353
1.0
0.0116781
0.319321
0.491087
0.360356
0.547672
1.0
0.0116746
0.470789
0.591199
0.512105
0.653732
1.0
0.0116204
0.182037
0.608534
0.362198
0.921653
1.0
0.0116036
0.471096
0.437952
0.579774
0.616976
1.0
0.0115776
0.595344
0.720559
0.631863
0.772179
1.0
0.0115639
0.842746
0.95963
0.883141
0.996554
1.0
0.0115529
0.916367
0.926634
0.962202
0.978788
1.0
0.0114857
0.240606
0.855017
0.283751
0.912564
1.0
0.0114672
0.215563
0.829234
0.256633
0.888406
1.0
0.0114463
0.373257
0.356889
0.408692
0.408266
1.0
0.0114272
0.967825
0.45411
0.99949
0.519215
1.0
0.0113992
0.915048
0.595017
0.993329
0.746872
1.0
0.0113579
0.557183
0.344497
0.602503
0.415396
1.0
0.0113374
0.247343
0.527933
0.280515
0.579964
1.0
0.0113193
0.134597
0.913985
0.18333
0.983499
1.0
0.0112884
0.293046
0.45813
0.33128
0.514462
1.0
0.0112699
0.447046
0.621455
0.485168
0.677704
1.0
0.0112677
0.965485
0.888858
0.998981
0.9457
1.0
0.0112088
0.215874
0.954411
0.257773
0.999503
1.0
0.011186
0.190218
0.856104
0.237857
0.919551
1.0
0.011091
0.21754
0.792847
0.257302
0.849893
1.0
0.011091
0.222302
0.448195
0.313516
0.580164
1.0
0.0110844
0.246668
0.456257
0.281825
0.511138
1.0
0.0110683
0.913309
0.72156
0.956836
0.774785
1.0
0.0110516
0.88504
0.925435
0.929588
0.976621
1.0
0.0110363
0.616534
0.681708
0.657729
0.741325
1.0
0.0109783
0.362327
0.214025
0.453576
0.361202
1.0
0.0109508
0.396454
0.417726
0.439717
0.482136
1.0
0.0109008
0.934139
0.79103
1.00373
0.90698
1.0
0.010891
0.192523
0.75557
0.233457
0.812613
1.0
0.0108597
0.324547
0.509748
0.527575
0.8353
1.0
0.0108444
0.534935
0.180773
0.585299
0.253616
1.0
0.0108089
0.71693
0.726317
0.760739
0.778303
1.0
0.0107656
0.3409
0.458463
0.382661
0.51515
1.0
0.010763
0.771271
0.436776
0.800475
0.49203
1.0
0.0107533
0.0886878
0.918139
0.13544
0.984409
1.0
0.0107524
0.767112
0.583867
0.810399
0.647724
1.0
0.0107484
0.00249054
0.785287
0.0373599
0.846159
1.0
0.0107063
0.739014
0.540024
0.783029
0.611813
1.0
0.0106967
0.674222
0.692784
0.76096
0.822486
1.0
0.0106966
0.693137
0.957611
0.733432
0.998685
1.0
0.010663
0.538875
0.59039
0.58238
0.65113
1.0
0.0106377
0.666632
0.454475
0.707459
0.525216
1.0
0.0106314
0.696128
0.726892
0.734263
0.777256
1.0
0.0106312
0.510073
0.209732
0.565254
0.290427
1.0
0.0106096
0.542788
0.655027
0.581145
0.706073
1.0
0.0105753
0.399448
0.282042
0.438177
0.34475
1.0
0.0105444
0.0045753
0.525133
0.0340474
0.576274
1.0
0.0105203
0.715865
0.691619
0.75949
0.746255
1.0
0.0105123
0.373496
0.327021
0.409081
0.37931
1.0
0.0104867
0.868317
0.690582
0.911931
0.742154
1.0
0.0104035
0.64069
0.450562
0.683587
0.52077
1.0
0.010392
0.628033
0.540547
0.835065
0.847609
1.0
0.0103798
0.89415
0.791146
0.935475
0.836525
1.0
0.0103467
0.696645
0.457434
0.735243
0.523806
1.0
0.0103207
0.288694
0.722735
0.329175
0.778866
1.0
0.0103141
-0.0147185
0.719335
0.140293
0.942068
1.0
0.0102689
0.373956
0.28798
0.408706
0.340998
1.0
0.0102548
0.818818
0.426662
0.851827
0.481049
1.0
0.0102541
0.22294
0.591961
0.258332
0.64837
1.0
0.0101804
0.19337
0.724042
0.233282
0.780131
1.0
0.0101447
0.816594
0.65449
0.859761
0.70843
1.0
0.0101293
0.119587
0.888968
0.161966
0.951812
1.0
0.0101062
0.0123247
0.817445
0.0569782
0.878378
1.0
0.0101062
0.766817
0.963464
0.804839
0.999376
1.0
0.0100971
0.589049
0.38812
0.632649
0.452879
1.0
0.0100971
0.842276
0.655956
0.885638
0.710245
1.0
0.0100778
0.369563
0.459838
0.412543
0.518034
1.0
0.010051
0.263414
0.889494
0.307662
0.953324
1.0
0.0100442
0.147484
0.459668
0.178059
0.507612
1.0
0.0100442
0.243831
0.793282
0.284089
0.848817
1.0
0.0100143
0.765723
0.545496
0.807189
0.612801
1.0
0.0100052
0.720933
0.425102
0.753904
0.486384
1.0
0.0100006
0.270422
0.616106
0.308446
0.677281
