1.0
0.549882
0.40757
0.481704
0.615761
0.778195
1.0
0.0382277
0.363695
0.547403
0.473534
0.705376
1.0
0.0358997
0.604086
0.540515
0.692204
0.685024
1.0
0.0326931
0.754665
0.757564
1.00659
1.02611
1.0
0.0324046
0.922108
0.626402
1.00098
0.758158
1.0
0.03136
0.539224
0.914167
0.577351
0.972511
1.0
0.029735
0.163023
0.956706
0.206816
0.997319
1.0
0.0287393
0.433845
0.208824
0.531575
0.333956
1.0
0.0286634
0.459581
0.217556
0.507446
0.283962
1.0
0.0276169
0.370802
0.286774
0.414957
0.34776
1.0
0.0275071
0.852527
0.563458
1.00185
0.829691
1.0
0.02654
0.369178
0.264808
0.486606
0.39305
1.0
0.0257264
0.116961
0.959082
0.160152
0.998084
1.0
0.0252053
0.329634
0.294578
0.440074
0.439559
1.0
0.0245079
0.296382
0.13835
0.656725
0.667601
1.0
0.024009
0.484333
0.442233
0.609816
0.629838
1.0
0.0235092
0.396306
0.585582
0.820122
1.08827
1.0
0.0227884
0.360034
0.666588
0.47503
0.820233
1.0
0.0227317
0.389766
0.616551
0.438357
0.685457
1.0
0.022076
0.409657
0.282492
0.46021
0.346552
1.0
0.0219169
0.813414
0.616413
0.931057
0.768749
1.0
0.0214918
0.481298
0.25266
0.539823
0.320729
1.0
0.0214821
0.686595
0.910548
0.741756
0.976949
1.0
0.0210653
0.297508
0.368249
0.490243
0.628604
1.0
0.0209318
0.797815
0.531381
0.830177
0.585201
1.0
0.0207365
0.694618
0.433108
0.996226
0.94641
1.0
0.0206642
0.637434
0.578156
0.684843
0.656654
1.0
0.0205189
0.582755
0.457139
0.67474
0.618354
1.0
0.0202165
0.440201
0.255059
0.492946
0.320923
1.0
0.0200611
0.646724
0.874255
0.765143
0.986478
1.0
0.0199569
0.542589
0.945284
0.58198
0.993002
1.0
0.0199344
0.339668
0.35857
0.385673
0.426821
1.0
0.019634
0.318388
0.367897
0.415359
0.510652
1.0
0.0194364
0.763802
0.54235
0.857211
0.682393
1.0
0.0193967
0.0928314
0.960167
0.136978
1.00038
1.0
0.0192096
0.363982
0.556443
0.41021
0.618543
1.0
0.0191535
0.39144
0.269704
0.438024
0.326988
1.0
0.0189593
0.564794
0.950895
0.603114
0.994958
1.0
0.0189335
0.96376
0.95092
0.999481
0.997826
1.0
0.0188605
0.654607
0.552186
0.750558
0.684561
1.0
0.0188225
0.012826
0.949641
0.0586037
0.996332
1.0
0.0188009
0.401835
0.41035
0.544006
0.591289
1.0
0.0182407
0.385925
0.131614
0.571852
0.369524
1.0
0.017908
0.659465
0.685512
0.762962
0.824542
1.0
0.0178155
-0.0073791
0.609444
0.36118
1.07596
1.0
0.0176384
0.443995
0.635289
0.570185
0.795204
1.0
0.0175696
0.120267
0.926654
0.207428
1.00885
1.0
0.0175616
0.525455
0.897408
0.602507
0.999165
1.0
0.0173364
0.415342
0.713876
0.460761
0.779268
1.0
0.0171696
0.0649137
0.960424
0.106789
0.999062
1.0
0.0171621
0.440615
0.710266
0.492222
0.779442
1.0
0.0170605
0.349514
0.290372
0.390901
0.346743
1.0
0.0169365
0.960924
0.712341
1.00234
0.786219
1.0
0.0167392
0.523462
0.948301
0.560407
0.993211
1.0
0.0167039
0.775526
0.529143
0.807991
0.585597
1.0
0.0166484
0.322762
0.292334
0.358431
0.343362
1.0
0.0165606
0.769051
0.579033
0.808999
0.648139
1.0
0.0164832
0.422292
0.22486
0.463093
0.281512
1.0
0.0164387
0.447912
0.200051
0.487681
0.254061
1.0
0.0163559
0.698101
0.525704
0.787007
0.657584
1.0
0.0163332
0.510453
0.45513
0.56314
0.529824
1.0
0.0162496
0.642862
0.919243
0.691746
0.980362
1.0
0.0161864
0.678352
0.74594
0.783797
0.885899
1.0
0.0161612
0.961577
0.621634
0.999435
0.6932
1.0
0.0160941
0.326068
0.38382
0.366908
0.442505
1.0
0.0159393
0.532141
0.252578
0.583905
0.319712
1.0
0.0159102
0.814381
0.548738
0.850531
0.609006
1.0
0.0159102
0.707016
0.94508
0.75839
0.997521
1.0
0.0159032
0.389299
0.71434
0.435797
0.781341
1.0
0.015893
0.616419
0.541948
0.825632
0.837741
1.0
0.0158642
0.359471
0.612358
0.585644
0.918812
1.0
0.0158441
0.812754
0.526533
0.906334
0.670016
1.0
0.015837
0.411881
0.641591
0.461907
0.71192
1.0
0.015684
0.925902
0.884295
1.00138
0.995358
1.0
0.0156311
0.510982
0.225937
0.55864
0.286272
1.0
0.0155532
0.369381
0.225991
0.407059
0.280256
1.0
0.0154887
0.862436
0.65067
0.913556
0.721882
1.0
0.0154711
0.909735
0.521172
0.995102
0.678163
1.0
0.0154613
0.690567
0.601422
0.788664
0.735145
1.0
0.015447
0.348576
0.197158
0.443954
0.338198
1.0
0.015401
0.966048
0.584023
1.00181
0.653318
1.0
0.0153668
0.590912
0.957703
0.631345
1.00071
1.0
0.015248
0.323918
0.588972
0.359698
0.640713
1.0
0.0150322
0.328751
0.604156
0.428605
0.749597
1.0
0.014981
0.890927
0.615969
0.940072
0.689019
1.0
0.0148358
0.864416
0.953489
0.910524
0.997774
1.0
0.014828
0.220701
0.659681
0.256224
0.712374
1.0
0.0148179
0.262647
0.698564
0.363107
0.844923
1.0
0.0148022
0.617767
0.955405
0.659876
0.999352
1.0
0.0147789
0.387709
0.305674
0.441249
0.376899
1.0
0.014724
0.323272
0.451106
0.361014
0.505935
1.0
0.0147039
0.37284
0.64502
0.414276
0.707805
1.0
0.0145819
0.966107
0.548085
0.999657
0.615186
1.0
0.0144661
0.222743
0.681465
0.315471
0.81784
1.0
0.0144621
0.962897
0.785068
1.00098
0.845846
1.0
0.0144522
0.272032
0.717448
0.310775
0.777395
1.0
0.0144434
0.370938
0.686764
0.411573
0.748084
1.0
0.0144106
0.322967
0.625292
0.358452
0.67442
1.0
0.0144041
0.325355
0.415463
0.364835
0.474885
1.0
0.0142411
0.0533793
0.901912
0.167368
1.00137
1.0
0.0141639
0.408999
0.550593
0.463298
0.621858
1.0
0.0141639
0.867246
0.616743
0.911681
0.684589
1.0
0.0141603
0.53902
0.222519
0.5855
0.281908
1.0
0.0141575
0.621206
0.55616
0.666969
0.629007
1.0
0.0141572
0.489309
0.226746
0.597023
0.355638
1.0
0.014154
0.849364
0.883465
0.961877
0.998949
1.0
0.0141114
0.814689
0.580181
0.854501
0.646718
1.0
0.0140647
0.348713
0.266948
0.38586
0.316033
1.0
0.0140634
0.321557
0.52791
0.356432
0.574796
1.0
0.0139813
0.269836
0.630939
0.362048
0.762382
1.0
0.0139342
0.344599
0.325573
0.38862
0.388355
1.0
0.0139247
0.435637
0.583425
0.489617
0.657847
1.0
0.0138834
0.50615
0.276015
0.561017
0.342219
1.0
0.0138332
0.597138
0.578236
0.643775
0.647712
1.0
0.0138201
0.278998
0.288263
0.37584
0.429141
1.0
0.0138194
0.619256
0.524467
0.659281
0.588004
1.0
0.0138078
0.324936
0.561908
0.359096
0.608626
1.0
0.0137943
0.322205
0.264178
0.357607
0.315161
1.0
0.0137885
0.83423
0.697175
0.947635
0.828346
1.0
0.0137608
0.964286
0.818856
1.00123
0.877466
1.0
0.0137105
0.309448
0.545543
0.401327
0.679815
1.0
0.0136766
0.664096
0.948195
0.713233
0.998241
1.0
0.0136512
0.484672
0.114865
0.576823
0.249613
1.0
0.0136383
0.721965
0.589581
0.758405
0.648943
1.0
0.0135956
0.708301
0.885518
0.824716
0.997209
1.0
0.0135493
0.0405161
0.957915
0.0845338
0.99924
1.0
0.0135279
0.162583
0.67844
0.262734
0.818682
1.0
0.0134997
0.533452
0.195845
0.93755
0.80483
1.0
0.0134851
0.462874
0.48012
0.516914
0.556605
1.0
0.0133934
0.212789
0.955265
0.257451
0.998931
1.0
0.0133135
0.507085
0.503932
0.564111
0.590816
1.0
0.013311
0.497016
0.956121
0.534715
0.9993
1.0
0.0133024
0.529581
0.891344
0.562799
0.946018
1.0
0.0132961
0.00397128
0.686264
0.0844406
0.817349
1.0
0.0132603
0.00344897
0.926163
0.0395639
0.984682
1.0
0.0131491
0.350219
0.582364
0.390509
0.642538
1.0
0.0131431
0.242083
0.660273
0.277144
0.712343
1.0
0.0131282
0.346814
0.718216
0.388696
0.779168
1.0
0.0131188
0.90239
0.737688
0.995629
0.87968
1.0
0.0131041
0.457974
0.680415
0.518478
0.755049
1.0
0.0130743
0.762074
0.955515
0.808122
1.0011
1.0
0.0130656
0.746616
0.585884
0.784581
0.649662
1.0
0.0130051
0.908728
0.712232
0.962815
0.782868
1.0
0.0130029
0.76522
0.673064
0.887058
0.812699
1.0
0.012994
0.0980373
0.683625
0.209006
0.829156
1.0
0.0129732
0.837667
0.68148
0.890681
0.753791
1.0
0.0129679
0.479771
0.707632
0.539381
0.780452
1.0
0.0129561
0.844509
0.584574
0.884797
0.646975
1.0
0.0129088
0.470085
0.960612
0.507505
0.999822
1.0
0.0129029
0.721231
0.557047
0.755404
0.613247
1.0
0.0129007
0.531687
0.812056
0.735788
1.0109
1.0
0.0128814
0.818872
0.652904
0.862208
0.717274
1.0
0.0128496
0.404264
0.286146
0.552239
0.460623
1.0
0.0127943
0.937223
0.747242
0.990366
0.81696
1.0
0.012786
0.867603
0.555606
0.905436
0.613608
1.0
0.0127569
0.369381
0.748582
0.411344
0.809947
1.0
0.0127507
0.585226
0.483784
0.628014
0.551959
1.0
0.0127212
0.170381
0.657897
0.208306
0.711162
1.0
0.0126952
0.90978
0.58425
0.95803
0.658524
1.0
0.0126701
0.31833
0.222872
0.353664
0.274323
1.0
0.0126634
0.720352
0.525367
0.753441
0.581212
1.0
0.0126605
0.321427
0.329554
0.360288
0.38698
1.0
0.0126467
0.515517
0.583636
0.637088
0.756593
1.0
0.0125388
0.0695671
0.841506
0.253362
1.03421
1.0
0.0125041
0.197465
0.658633
0.234458
0.712499
1.0
0.0124698
0.814859
0.953063
0.861041
0.998554
1.0
0.0124245
0.462151
0.740791
0.51396
0.809731
1.0
0.0123394
0.634201
0.460098
0.725205
0.6116
1.0
0.0123312
0.734587
0.744716
0.840484
0.872878
1.0
0.0123175
0.3626
0.487746
0.407088
0.548205
1.0
0.012236
0.186252
0.955416
0.232086
0.999581
1.0
0.0122277
0.395486
0.227364
0.435616
0.282961
1.0
0.0122027
0.297817
0.226981
0.39376
0.360995
1.0
0.0121528
0.278834
0.407891
0.37229
0.546456
1.0
0.0121389
0.534957
0.480294
0.58996
0.558148
1.0
0.0121229
0.540033
0.862732
0.57675
0.920831
1.0
0.0119665
0.43768
0.51932
0.49166
0.591078
1.0
0.0119328
0.316003
0.719907
0.356802
0.777905
1.0
0.0119284
0.690099
0.720795
0.733537
0.778338
1.0
0.0119038
0.503677
0.680013
0.561697
0.75443
1.0
0.0118983
0.321797
0.488283
0.357201
0.538458
1.0
0.0117884
0.215272
0.668253
0.425044
0.968314
1.0
0.0117869
0.71715
0.64868
0.758228
0.709825
1.0
0.0117529
0.511339
0.147122
0.555568
0.20798
1.0
0.0117419
0.0718712
0.467331
0.159051
0.601657
1.0
0.0117261
0.171281
0.690014
0.209081
0.744272
1.0
0.011705
0.692076
0.589631
0.729771
0.647598
1.0
0.0116884
0.73714
0.753025
0.783436
0.813566
1.0
0.0116454
0.468519
0.121165
0.509876
0.181875
1.0
0.0116115
0.894378
0.555769
0.93429
0.617486
1.0
0.0116089
0.050322
0.639684
0.165055
0.777854
1.0
0.0115819
0.219522
0.717516
0.256994
0.776658
1.0
0.011525
0.249128
0.719623
0.286673
0.777766
1.0
0.0115192
0.00205119
0.683968
0.0401368
0.752117
1.0
0.0115145
0.00330615
0.519649
0.0352445
0.581799
1.0
0.0115038
0.914479
0.954033
0.957753
0.997422
1.0
0.011482
0.0130416
0.655141
0.0574936
0.72235
1.0
0.01147
0.487059
0.580608
0.540232
0.657473
1.0
0.0114533
0.359328
0.450065
0.40598
0.51395
1.0
0.0114279
0.0138076
0.0942321
0.328146
0.698883
1.0
0.011396
0.116279
0.721007
0.156765
0.777012
1.0
0.0113836
0.791219
0.890506
0.898113
0.999022
1.0
0.0113731
0.347766
0.225555
0.383996
0.278007
1.0
0.01137
0.608007
0.634222
0.712377
0.78248
1.0
0.0113426
0.144622
0.65708
0.181723
0.708133
1.0
0.0113111
0.192368
0.633987
0.283986
0.759982
1.0
0.0112807
0.740572
0.649976
0.779427
0.709938
1.0
0.0112627
0.691246
0.646631
0.734491
0.709744
1.0
0.0112548
0.816652
0.61694
0.856808
0.680912
1.0
0.011242
0.966726
0.482755
0.997836
0.547739
1.0
0.0112192
0.884348
0.928564
0.934268
0.986229
1.0
0.0111834
0.439443
0.451266
0.492142
0.523211
1.0
0.0111829
0.299494
0.293196
0.336094
0.34534
1.0
0.0111829
0.386788
0.343404
0.437989
0.411935
1.0
0.0111783
0.638964
0.634329
0.68548
0.703402
1.0
0.0111779
0.497666
0.347214
0.616247
0.525779
1.0
0.0111778
0.882632
0.675896
0.939188
0.7536
1.0
0.0111773
0.119979
0.518436
0.154237
0.569781
1.0
0.011168
0.774266
0.500154
0.802909
0.550659
1.0
0.0111425
0.46829
0.160099
0.506805
0.214854
1.0
0.0111214
0.166705
0.788301
0.206295
0.840071
1.0
0.0111194
0.292987
0.22151
0.331549
0.277307
1.0
0.0111093
0.245027
0.342416
0.338197
0.483297
1.0
0.0111047
0.536794
0.579727
0.588203
0.654306
1.0
0.0110865
0.843308
0.617931
0.886418
0.684226
1.0
0.011084
-0.00158553
0.553667
0.0615707
0.677276
1.0
0.0110258
0.393119
0.122182
0.48559
0.252598
1.0
0.011016
0.275756
0.481292
0.367177
0.614152
1.0
0.0110112
0.2209
0.632736
0.255643
0.680308
1.0
0.0110104
0.368473
0.190149
0.405928
0.245646
1.0
0.0109913
0.48411
0.194031
0.530938
0.253678
1.0
0.0109317
0.641157
0.700731
0.859597
0.963682
1.0
0.0109212
0.557859
0.285466
0.605184
0.345314
1.0
0.0108795
0.0197063
0.594657
0.223921
0.863427
1.0
0.0108766
0.482957
0.639897
0.540973
0.722993
1.0
0.0108687
0.303038
0.360854
0.339523
0.412388
1.0
0.0108435
0.223034
0.526693
0.253935
0.571962
1.0
0.0108197
0.141504
0.722069
0.18104
0.777532
1.0
0.0108188
0.42214
0.195702
0.461647
0.250821
1.0
0.0107877
0.24467
0.526708
0.277769
0.573215
1.0
0.0107779
0.348283
0.529875
0.38661
0.582536
1.0
0.0107602
0.79103
0.613026
0.831285
0.676324
1.0
0.0107384
0.41346
0.484633
0.4641
0.5542
1.0
0.0107238
0.0118684
0.547934
0.0514756
0.611024
1.0
0.0106946
0.0961953
0.519748
0.130745
0.572461
1.0
0.0106678
0.752671
0.525104
0.785642
0.58078
1.0
0.0106383
0.119013
0.466299
0.207445
0.59944
1.0
0.0106047
0.296592
0.256926
0.333207
0.309763
1.0
0.0105878
0.432741
0.306652
0.484427
0.376339
1.0
0.0105796
0.496973
0.696463
0.615542
0.84041
1.0
0.0105628
0.565142
0.504451
0.610884
0.576462
1.0
0.0105587
0.317507
0.751503
0.357457
0.806893
1.0
0.0105417
0.609282
0.747062
0.727196
0.894291
1.0
0.0105411
0.172114
0.524084
0.204839
0.572384
1.0
0.0105108
0.385999
0.527929
0.436588
0.593349
1.0
0.010484
0.245432
0.548203
0.336788
0.683595
1.0
0.010474
0.168569
0.721444
0.20772
0.779063
1.0
0.0104658
0.466424
0.677113
0.683527
0.957007
1.0
0.010431
0.403104
0.761597
0.517968
0.915447
1.0
0.0104272
0.299942
0.328082
0.335177
0.379021
1.0
0.0104249
0.096513
0.463668
0.126484
0.511565
1.0
0.0103983
0.750625
0.556503
0.785639
0.616235
1.0
0.0103538
0.300526
0.458161
0.336534
0.508301
1.0
0.0103538
0.0027139
0.585421
0.0355275
0.647819
1.0
0.0103343
0.597385
0.903744
0.702053
1.00687
1.0
0.0103203
0.195834
0.687939
0.233578
0.745
1.0
0.0102963
0.714999
0.781655
0.759387
0.840097
1.0
0.0102803
0.246376
0.690652
0.282292
0.744971
1.0
0.0102691
0.641217
0.528956
0.678263
0.588862
1.0
0.0102635
0.857303
0.70887
0.914929
0.779012
1.0
0.0102383
0.00146215
0.889135
0.0772106
0.987174
1.0
0.0102377
0.963999
0.854923
1.00012
0.913598
1.0
0.0102354
0.766688
0.646649
0.806705
0.70737
1.0
0.0102313
0.0604648
0.551893
0.15823
0.688699
1.0
0.0102221
0.167748
0.754753
0.207018
0.811443
1.0
0.0102035
0.718897
0.685206
0.76011
0.743453
1.0
0.0101823
0.791347
0.955123
0.835988
1.00003
1.0
0.0101748
0.272792
0.660497
0.309316
0.715494
1.0
0.0101545
0.320875
0.150187
0.41422
0.282948
1.0
0.0101387
0.197284
0.525982
0.229303
0.572671
1.0
0.0101364
0.696079
0.52623
0.730626
0.582717
1.0
0.010134
0.144655
0.521788
0.178902
0.571136
1.0
0.0101031
0.717184
0.723743
0.759862
0.782316
1.0
0.0100967
0.348647
0.618608
0.387921
0.675988
1.0
0.0100925
0.19455
0.717841
0.232399
0.776381
1.0
0.0100739
0.221548
0.754533
0.258901
0.812023
1.0
0.0100644
0.195662
0.630834
0.231044
0.678189
1.0
0.0100189
0.510068
0.74169
0.561353
0.808153
1.0
0.0100067
0.27182
0.327174
0.30353
0.375825
