1.0
0.806704
0.321706
0.340952
0.516303
0.632611
1.0
0.147401
0.32318
0.448159
0.367815
0.503835
1.0
0.074705
0.311734
0.394557
0.409307
0.526421
1.0
0.057216
0.352087
0.452206
0.404905
0.517853
1.0
0.0434215
0.360203
0.356851
0.409267
0.420689
1.0
0.0421377
0.363741
0.545137
0.413893
0.617781
1.0
0.0417732
0.324882
0.489173
0.43391
0.6456
1.0
0.034566
0.321607
0.395506
0.362591
0.452687
1.0
0.0335844
0.681894
0.414024
0.996223
0.938656
1.0
0.0318311
0.341652
0.482269
0.38568
0.536652
1.0
0.0314015
0.321266
0.480286
0.362122
0.529974
1.0
0.0308584
0.62793
0.876743
0.733474
0.981005
1.0
0.0304146
0.346037
0.51833
0.390458
0.577154
1.0
0.0300955
0.602622
0.536254
0.692942
0.676222
1.0
0.0299289
0.637087
0.908893
0.688213
0.972837
1.0
0.0277463
0.0879199
0.354931
0.500703
0.970825
1.0
0.0275407
0.320551
0.52084
0.361012
0.573123
1.0
0.0272356
0.16423
0.95546
0.208583
0.997571
1.0
0.0270716
0.642754
0.580854
0.685768
0.652807
1.0
0.026429
0.116248
0.959545
0.159789
0.999085
1.0
0.0261352
0.343333
0.359438
0.676017
0.881692
1.0
0.0259579
0.918727
0.618086
1.00097
0.756818
1.0
0.0254162
0.323728
0.361807
0.362007
0.414146
1.0
0.0250819
0.384211
0.382942
0.436377
0.451703
1.0
0.0247992
0.749124
0.756429
1.01059
1.02174
1.0
0.0246524
0.846259
0.551764
1.00188
0.84198
1.0
0.0245957
0.510753
0.412547
0.556082
0.488517
1.0
0.0234596
0.413135
0.457686
0.549836
0.678153
1.0
0.0230106
0.662777
0.948655
0.709565
0.998404
1.0
0.0228094
0.012977
0.950206
0.0586668
0.996493
1.0
0.0226795
0.447489
0.373404
0.556971
0.551046
1.0
0.0225796
0.594176
0.911641
0.639129
0.970743
1.0
0.0222957
0.31611
0.3218
0.420672
0.452568
1.0
0.0221662
0.38474
0.449973
0.435054
0.517241
1.0
0.0220997
0.000898942
0.767909
0.258512
1.00987
1.0
0.0219812
0.808004
0.610506
0.932561
0.767727
1.0
0.0208466
0.0640718
0.959006
0.107191
0.998942
1.0
0.0207054
0.632989
0.748811
0.744624
0.892677
1.0
0.0205982
0.627467
0.592335
0.729566
0.72515
1.0
0.020594
0.364161
0.605571
0.413389
0.675017
1.0
0.0204181
0.320831
0.55307
0.36304
0.607703
1.0
0.0202384
0.0915775
0.960219
0.136322
1.00101
1.0
0.0201691
0.956989
0.648104
0.998407
0.722761
1.0
0.0201424
0.0908688
0.928043
0.183214
1.01016
1.0
0.0196576
0.615876
0.949882
0.661922
0.998783
1.0
0.0196532
0.964475
0.951716
0.998979
0.99772
1.0
0.0194441
0.96182
0.714674
1.00142
0.784647
1.0
0.0192142
0.682405
0.909176
0.732863
0.974092
1.0
0.0191962
0.6607
0.688108
0.769286
0.824103
1.0
0.0190578
0.279953
0.471291
0.38064
0.607767
1.0
0.0190094
0.461995
0.381548
0.513048
0.459895
1.0
0.018925
0.40724
0.414006
0.462084
0.489939
1.0
0.0187852
0.540707
0.815175
0.726991
1.00691
1.0
0.0186871
0.796827
0.530933
0.830241
0.585682
1.0
0.0186305
0.507364
0.859607
0.548044
0.930225
1.0
0.0183803
0.667196
0.552773
0.764991
0.683776
1.0
0.0183718
0.53971
0.955835
0.580374
1.00197
1.0
0.0183627
0.572689
0.918892
0.615072
0.976621
1.0
0.0180258
0.888919
0.948975
0.936493
0.996779
1.0
0.0178836
0.372819
0.306628
0.490942
0.456225
1.0
0.0178803
0.342921
0.337845
0.385297
0.394318
1.0
0.0178716
0.704758
0.739574
0.813055
0.874619
1.0
0.0178671
0.931758
0.709323
1.00725
0.837438
1.0
0.0174911
0.531844
0.534665
0.64113
0.700903
1.0
0.017472
0.497455
0.899991
0.539543
0.968441
1.0
0.0174483
0.436482
0.443675
0.486828
0.516197
1.0
0.0173442
0.265503
0.578813
0.367475
0.717751
1.0
0.0172632
0.663062
0.890345
0.710386
0.950823
1.0
0.0172159
0.695149
0.5955
0.800738
0.733931
1.0
0.0170533
0.410128
0.354085
0.459761
0.422914
1.0
0.0169608
0.711993
0.952911
0.757617
0.999524
1.0
0.0169063
0.547874
0.907438
0.63667
1.00626
1.0
0.0168994
0.407803
0.476667
0.460772
0.546945
1.0
0.0168458
0.764268
0.95609
0.80751
0.99996
1.0
0.0167608
0.963032
0.78718
1.00008
0.845978
1.0
0.0166101
0.776203
0.525428
0.868166
0.663167
1.0
0.0165726
0.30673
0.428717
0.348412
0.483154
1.0
0.0164825
0.14719
0.926008
0.22915
1.00668
1.0
0.0164717
0.505804
0.872624
0.59626
0.994562
1.0
0.0164608
0.566871
0.954886
0.607144
1.00056
1.0
0.0163937
0.515005
0.949348
0.55435
0.996777
1.0
0.0162674
0.924986
0.884511
1.00024
0.994969
1.0
0.0160729
0.592678
0.950794
0.636994
0.999382
1.0
0.016065
0.910987
0.924624
0.958178
0.982167
1.0
0.015906
0.221568
0.69246
0.650019
1.0315
1.0
0.0158235
0.466917
0.75984
0.563094
0.916477
1.0
0.0157553
0.47358
0.582973
0.587086
0.746451
1.0
0.0157173
0.638638
0.540682
0.843868
0.810153
1.0
0.0155874
0.722678
0.588525
0.761493
0.649379
1.0
0.0155281
0.526653
0.403168
0.620601
0.567255
1.0
0.0154585
0.490812
0.387186
0.542688
0.463676
1.0
0.0154339
0.345256
0.575589
0.396575
0.645117
1.0
0.0153361
0.63848
0.521868
0.676781
0.587394
1.0
0.0153152
0.00371699
0.926358
0.0393912
0.984288
1.0
0.0152868
0.530854
0.743247
0.639566
0.891652
1.0
0.0152424
0.489029
0.713393
0.537164
0.775914
1.0
0.0152175
0.738693
0.752872
0.784958
0.812202
1.0
0.0152111
0.96368
0.820947
0.999912
0.878128
1.0
0.015203
0.223276
0.648904
0.319946
0.788534
1.0
0.0150246
0.262525
0.706408
0.369212
0.85254
1.0
0.0149958
0.649358
0.812181
0.849995
1.01886
1.0
0.0149878
0.298561
0.488232
0.33819
0.537159
1.0
0.0148423
0.862218
0.884187
0.963651
0.995102
1.0
0.0147106
0.864081
0.649762
0.914147
0.719995
1.0
0.0146074
0.717993
0.647625
0.760774
0.708846
1.0
0.0145907
0.407646
0.617545
0.529964
0.776239
1.0
0.0145808
0.906063
0.78435
0.997705
0.924657
1.0
0.014559
0.642403
0.862184
0.687234
0.92154
1.0
0.0143912
0.490006
0.434858
0.543572
0.517949
1.0
0.0142176
0.704619
0.909016
0.801578
1.00579
1.0
0.0142155
0.615112
0.893618
0.661501
0.952115
1.0
0.0142125
0.638817
0.639015
0.683631
0.705904
1.0
0.0141243
0.767219
0.57931
0.80935
0.64885
1.0
0.0140794
0.905292
0.52146
0.99553
0.686896
1.0
0.0139848
0.815363
0.954908
0.859229
0.999034
1.0
0.013972
0.966167
0.548532
0.999399
0.615933
1.0
0.0139659
0.595076
0.580351
0.643069
0.650541
1.0
0.0139657
0.91079
0.618999
0.959753
0.693652
1.0
0.0139379
0.226517
0.303984
0.413879
0.582718
1.0
0.0139374
0.38681
0.326266
0.435558
0.393421
1.0
0.0139213
0.721323
0.557478
0.756888
0.615548
1.0
0.0139184
0.840586
0.654395
0.886897
0.718929
1.0
0.013914
0.908493
0.713356
0.961934
0.78169
1.0
0.0138988
0.437793
0.350751
0.488959
0.424001
1.0
0.0138771
0.812222
0.549036
0.848673
0.609811
1.0
0.0138678
0.380942
0.515069
0.430933
0.586131
1.0
0.0138453
0.31824
0.589819
0.428618
0.749357
1.0
0.0138296
0.0547953
0.640566
0.161698
0.77412
1.0
0.0138206
0.594417
0.864708
0.635456
0.919372
1.0
0.013795
0.728234
0.546183
0.826096
0.680701
1.0
0.013763
0.319114
0.584312
0.362722
0.643947
1.0
0.01366
0.574069
0.458315
0.668564
0.62013
1.0
0.0136291
0.776264
0.528572
0.809274
0.58503
1.0
0.0136022
0.318552
0.620466
0.362071
0.677931
1.0
0.013537
0.731249
0.674016
0.845936
0.811626
1.0
0.0135153
0.43049
0.698768
0.537826
0.848728
1.0
0.0134907
0.834875
0.698607
0.947747
0.829509
1.0
0.0134762
0.693817
0.647845
0.736518
0.708472
1.0
0.0134094
0.406345
0.799152
0.563561
1.01541
1.0
0.0132452
0.534697
0.919129
0.576484
0.97764
1.0
0.0132241
0.888556
0.64264
0.945144
0.71994
1.0
0.013084
0.591418
0.679784
0.81235
0.953228
1.0
0.0130419
0.64327
0.789683
0.684842
0.844066
1.0
0.0130147
0.499602
0.662241
0.607323
0.810385
1.0
0.0129325
0.69062
0.721809
0.735889
0.779999
1.0
0.0128025
0.566337
0.858053
0.606613
0.914462
1.0
0.0127337
0.471793
0.955578
0.508299
0.998035
1.0
0.0127212
0.719822
0.524956
0.753811
0.582549
1.0
0.0126759
0.513113
0.474648
0.555992
0.548212
1.0
0.0126756
0.00187341
0.890029
0.0779891
0.988312
1.0
0.0126156
0.641505
0.71566
0.684552
0.772448
1.0
0.0124689
0.617611
0.860681
0.660864
0.919936
1.0
0.0124585
0.666045
0.823216
0.709006
0.878459
1.0
0.0124303
0.890619
0.58465
0.936678
0.657023
1.0
0.0123856
0.191142
0.474452
0.384307
0.741893
1.0
0.0123793
0.318013
0.292398
0.355736
0.344636
1.0
0.012379
0.792984
0.886839
0.894364
0.999658
1.0
0.0123626
0.379991
0.569538
0.432917
0.646613
1.0
0.0123511
0.967671
0.484426
0.998404
0.547375
1.0
0.0123172
0.00326931
0.697377
0.0776125
0.822722
1.0
0.0122889
0.840831
0.525431
0.939793
0.681733
1.0
0.0122761
0.521305
0.368586
0.707948
0.670102
1.0
0.0122392
0.661442
0.562994
0.696985
0.62434
1.0
0.0122277
0.640638
0.493835
0.675282
0.549236
1.0
0.0122216
0.666157
0.787795
0.710238
0.845288
1.0
0.0121827
0.618088
0.788223
0.660062
0.844179
1.0
0.0121771
0.463814
0.32239
0.511496
0.394673
1.0
0.0121444
0.48742
0.352539
0.534589
0.423919
1.0
0.0121394
0.689771
0.785586
0.734599
0.842189
1.0
0.0121085
0.74238
0.825963
0.788502
0.880559
1.0
0.0121004
0.0982816
0.680715
0.205643
0.823502
1.0
0.0120841
0.6186
0.822707
0.660851
0.879754
1.0
0.0120815
0.746257
0.585245
0.787544
0.650451
1.0
0.0120458
0.686145
0.863977
0.732201
0.922724
1.0
0.0120291
0.211042
0.955612
0.256463
0.999939
1.0
0.012002
0.437962
0.714279
0.489313
0.78261
1.0
0.0120018
0.619468
0.549802
0.663238
0.624915
1.0
0.0119436
0.811334
0.57976
0.852002
0.646532
1.0
0.0119382
0.665374
0.719687
0.709037
0.776835
1.0
0.0118877
0.537575
0.582234
0.586172
0.655615
1.0
0.0118551
0.365189
0.291674
0.408423
0.349407
1.0
0.0118548
0.165258
0.679713
0.259377
0.818055
1.0
0.0118542
0.366482
0.645137
0.414374
0.714141
1.0
0.0118488
0.867202
0.584657
0.910511
0.653081
1.0
0.0118143
0.242909
0.62785
0.284007
0.681797
1.0
0.0117987
0.434662
0.645242
0.490598
0.719053
1.0
0.0117681
0.715938
0.782528
0.760011
0.83863
1.0
0.0117584
0.29874
0.330972
0.335459
0.381246
1.0
0.0116853
0.860188
0.712156
0.914954
0.779645
1.0
0.0116592
0.690978
0.75202
0.738812
0.814063
1.0
0.0116516
0.514867
0.750678
0.558079
0.812906
1.0
0.0116489
0.460844
0.4753
0.513345
0.551115
1.0
0.0116438
0.693188
0.590061
0.731507
0.647313
1.0
0.0116222
0.558629
0.672397
0.671122
0.812961
1.0
0.0116093
0.00313708
0.584651
0.0360995
0.647262
1.0
0.0116039
0.402907
0.544577
0.461826
0.623505
1.0
0.0115649
-0.0098775
0.652993
0.139389
0.872001
1.0
0.0115408
0.491043
0.579132
0.540018
0.653232
1.0
0.0115318
0.476495
0.917923
0.51401
0.974098
1.0
0.0114846
0.91197
0.787949
0.96068
0.840505
1.0
0.0114696
-0.00179565
0.548338
0.0610987
0.670386
1.0
0.0114463
0.408633
0.608518
0.463708
0.684187
1.0
0.0114454
0.716758
0.723264
0.760837
0.781939
1.0
0.0114411
0.719227
0.68484
0.761522
0.743369
1.0
0.0114355
0.302885
0.362143
0.339837
0.41272
1.0
0.0114329
0.791169
0.955717
0.834926
1.00048
1.0
0.0114303
0.643345
0.82477
0.68625
0.880003
1.0
0.0114277
0.290733
0.622245
0.336047
0.68257
1.0
0.0113323
0.534117
0.638549
0.584917
0.714279
1.0
0.0113271
0.491786
0.510087
0.53862
0.581556
1.0
0.0112134
0.0343954
0.922439
0.131329
1.00671
1.0
0.0112037
0.868411
0.554734
0.907248
0.615163
1.0
0.0112013
0.244903
0.325855
0.281569
0.378119
1.0
0.0111952
0.817457
0.651962
0.860541
0.714281
1.0
0.0111173
0.00280321
0.652944
0.036345
0.714183
1.0
0.0111123
0.297891
0.51651
0.338921
0.571127
1.0
0.011092
0.844881
0.584248
0.885423
0.647276
1.0
0.011089
0.89376
0.554222
0.93418
0.618206
1.0
0.0110683
0.963607
0.854679
0.998909
0.912763
1.0
0.0110411
0.297483
0.555585
0.339587
0.611258
1.0
0.0110039
0.593217
0.648075
0.635357
0.707593
1.0
0.0109888
0.534967
0.858612
0.5757
0.916245
1.0
0.0109204
0.516161
0.791891
0.555918
0.853036
1.0
0.0109139
0.537166
0.714626
0.583512
0.776396
1.0
0.0108814
0.716548
0.823237
0.759926
0.876562
1.0
0.0108459
0.564162
0.451975
0.603954
0.514194
1.0
0.010842
0.00254068
0.719876
0.0377097
0.783714
1.0
0.0108197
0.302329
0.393383
0.339884
0.444089
1.0
0.0108122
0.965375
0.890237
0.998184
0.946037
1.0
0.0107996
-0.0033657
0.820946
0.0691292
0.937296
1.0
0.010768
0.38834
0.711573
0.438811
0.781261
1.0
0.0107671
0.359792
0.699689
0.475449
0.853653
1.0
0.0107352
0.271262
0.327261
0.306094
0.377094
1.0
0.0107091
0.667508
0.753218
0.711049
0.811871
1.0
0.0106922
0.148543
0.460578
0.180096
0.509067
1.0
0.0106652
0.573433
0.890502
0.611676
0.944375
1.0
0.0106362
0.00317291
0.518284
0.0352522
0.581535
1.0
0.0106312
0.623928
0.605349
0.667434
0.670863
1.0
0.0106118
0.509334
0.677187
0.558887
0.746983
1.0
0.010607
0.273189
0.491427
0.308714
0.537695
1.0
0.0105734
0.0925387
0.662685
0.129385
0.715595
1.0
0.010556
0.296657
0.291851
0.335205
0.345528
1.0
0.0105299
0.86166
0.751185
0.91544
0.81182
1.0
0.0104964
0.29412
0.255822
0.33357
0.312794
1.0
0.0104678
0.294661
0.586784
0.33671
0.644984
1.0
0.0104554
0.699996
0.489282
0.792406
0.634052
1.0
0.0104152
0.266289
0.628186
0.308349
0.68301
1.0
0.0104011
0.145669
0.519547
0.180289
0.57184
1.0
0.0103484
0.150781
0.375418
0.230284
0.510066
1.0
0.0103463
0.219208
0.558611
0.317276
0.688918
1.0
0.0103231
0.247983
0.45905
0.28261
0.506295
1.0
0.0103043
0.486233
0.639813
0.543811
0.724949
1.0
0.0102925
0.593217
0.787909
0.635593
0.842292
1.0
0.0102752
0.86699
0.927258
0.914102
0.983737
1.0
0.0102401
0.271143
0.394303
0.306114
0.444924
1.0
0.0102401
0.170601
0.858584
0.207546
0.904501
1.0
0.010234
0.536188
0.44301
0.579739
0.513014
1.0
0.0102128
0.0115121
0.684499
0.0569786
0.755227
1.0
0.0102037
0.197919
0.389185
0.230448
0.441417
1.0
0.0101981
0.171444
0.658496
0.208088
0.712092
1.0
0.0101544
0.841984
0.954715
0.886449
0.998515
1.0
0.0101524
0.514775
0.361288
0.555548
0.425727
1.0
0.0101478
0.173142
0.490936
0.204945
0.540067
1.0
0.0101381
0.94329
0.463988
1.0038
0.591968
1.0
0.0101294
0.245649
0.391016
0.281338
0.441823
1.0
0.0101193
0.272993
0.460554
0.308468
0.508683
1.0
0.0101179
0.147377
0.332062
0.178001
0.381772
1.0
0.0100923
0.272577
0.426009
0.307249
0.474423
1.0
0.0100732
0.7661
0.646021
0.808186
0.70902
1.0
0.0100718
0.53764
0.788074
0.580529
0.848398
1.0
0.0100686
0.22163
0.389385
0.253534
0.440081
1.0
0.0100296
0.764722
0.791063
0.807556
0.844328
1.0
0.010009
0.115677
0.719158
0.155931
0.776876
