1.0
0.664394
0.388722
0.340333
0.560814
0.555812
1.0
0.266344
0.263128
0.346969
0.702282
0.867107
1.0
0.0883105
0.361478
0.207573
0.496687
0.403622
1.0
0.083089
-0.0310613
0.672344
0.338246
1.14091
1.0
0.0488805
0.11477
0.526967
0.571296
1.12734
1.0
0.0332943
0.743288
0.74839
1.00734
1.01556
1.0
0.0332018
0.46766
0.296952
0.578502
0.461222
1.0
0.0329666
0.358808
0.263099
0.411915
0.350997
1.0
0.0320737
0.535056
0.409178
0.638167
0.547421
1.0
0.0295178
0.6289
0.506178
0.982859
1.11144
1.0
0.0294758
0.50162
0.615587
0.540994
0.670547
1.0
0.0287742
0.385669
0.467746
0.568226
0.723795
1.0
0.0282344
0.766487
0.459663
0.798371
0.51813
1.0
0.0281165
0.262753
0.945191
0.309344
0.993748
1.0
0.0271983
0.646259
0.545544
0.741834
0.692083
1.0
0.0262393
0.370249
0.469298
0.482693
0.61205
1.0
0.0255709
0.0113826
0.944879
0.0599139
0.997362
1.0
0.0252959
0.846909
0.535532
0.937723
0.678598
1.0
0.0244847
0.404971
0.16036
0.537781
0.314009
1.0
0.0240653
0.48717
0.319281
0.547906
0.399104
1.0
0.0240091
0.960273
0.921804
0.999125
0.986864
1.0
0.0231513
0.390536
0.512699
0.439703
0.581515
1.0
0.0229634
0.581155
0.556457
0.678978
0.693522
1.0
0.0229179
0.586221
0.43623
0.639572
0.51196
1.0
0.0228042
0.868689
0.547362
0.913763
0.614788
1.0
0.0223518
0.436427
0.50349
0.490827
0.578198
1.0
0.0222613
0.427718
0.437901
0.500379
0.531835
1.0
0.0220059
0.782116
0.545235
0.887876
0.688647
1.0
0.0217043
0.961737
0.5818
0.999165
0.65283
1.0
0.0213353
0.961487
0.65137
0.998758
0.716713
1.0
0.0209831
0.474022
0.555814
0.560032
0.676312
1.0
0.0209499
0.582935
0.476995
0.681433
0.615624
1.0
0.0208698
0.729988
0.434136
0.803793
0.562526
1.0
0.0206951
0.965157
0.521741
0.999029
0.585744
1.0
0.0204636
0.435435
0.546476
0.485429
0.617371
1.0
0.0200655
0.694582
0.531647
0.798483
0.691983
1.0
0.0198445
0.748488
0.475318
0.787478
0.541843
1.0
0.0197917
0.43361
0.314464
0.494512
0.396186
1.0
0.019755
0.846491
0.551162
0.888657
0.613358
1.0
0.0197069
0.431772
0.385298
0.49555
0.46659
1.0
0.0195288
0.605722
0.411461
0.703553
0.547153
1.0
0.0192996
0.910921
0.577816
0.957333
0.650708
1.0
0.0192559
0.765766
0.452675
0.850649
0.586291
1.0
0.0192236
0.501801
0.359321
0.700839
0.617442
1.0
0.0191475
0.401223
0.236646
0.463837
0.324364
1.0
0.0191354
0.646308
0.685346
0.730641
0.819593
1.0
0.0190921
0.932102
0.54831
1.00233
0.687068
1.0
0.0189079
0.611839
0.626497
0.65521
0.681354
1.0
0.0188157
0.094
-0.0502333
0.528192
0.663991
1.0
0.0187287
0.674668
0.47894
0.770875
0.622126
1.0
0.0187235
0.66808
0.512978
0.711279
0.578232
1.0
0.0186558
0.818533
0.519387
0.859006
0.581198
1.0
0.0185061
0.240318
0.857385
0.279352
0.907497
1.0
0.018288
0.503083
0.513127
0.608881
0.65537
1.0
0.018231
0.386432
0.345344
0.439321
0.425376
1.0
0.0181931
0.212987
0.855511
0.255188
0.909786
1.0
0.0179638
0.324989
0.505466
0.429983
0.648851
1.0
0.0179165
0.362619
0.216308
0.415104
0.304677
1.0
0.0178221
0.670052
0.654329
0.710176
0.709695
1.0
0.0177665
0.191694
0.951835
0.236416
0.998892
1.0
0.0176747
0.668623
0.688981
0.706971
0.74263
1.0
0.0176614
0.670782
0.724456
0.708645
0.775865
1.0
0.0176516
0.727701
0.440854
0.914078
0.72113
1.0
0.0176502
0.636834
0.624129
0.680009
0.681133
1.0
0.0176175
0.963482
0.78602
0.998443
0.842959
1.0
0.0175471
0.565417
0.41928
0.618573
0.492077
1.0
0.0174002
0.357438
0.326195
0.464616
0.486869
1.0
0.0173875
0.504275
0.369387
0.56267
0.452292
1.0
0.0173679
0.371345
0.384981
0.416332
0.448636
1.0
0.0173452
0.326548
0.422157
0.428359
0.571454
1.0
0.0173023
0.821298
0.488078
0.857086
0.544289
1.0
0.0172119
0.527933
0.345803
0.578865
0.420304
1.0
0.0170765
0.612918
0.478619
0.6597
0.546705
1.0
0.0170481
0.610805
0.640825
0.705388
0.778043
1.0
0.0168162
0.264647
0.201075
0.442092
0.498505
1.0
0.016762
0.967266
0.488874
0.998823
0.549698
1.0
0.0166487
0.428195
0.178176
0.492262
0.263592
1.0
0.0165351
0.393239
0.414028
0.446841
0.488331
1.0
0.0164708
0.666341
0.583039
0.710559
0.65014
1.0
0.0164297
0.963888
0.718326
0.999995
0.779908
1.0
0.016423
0.644794
0.6882
0.686348
0.743942
1.0
0.0160082
0.891085
0.530435
0.933865
0.59358
1.0
0.0159749
0.542932
0.609392
0.641217
0.725587
1.0
0.0159451
0.71606
0.512639
0.760325
0.582304
1.0
0.0159423
0.307386
0.257591
0.40084
0.408109
1.0
0.0159318
0.668217
0.621386
0.710436
0.680918
1.0
0.0158525
0.0127189
0.886937
0.059362
0.953669
1.0
0.0157839
0.891407
0.611624
0.937472
0.676151
1.0
0.015781
0.641198
0.512677
0.684744
0.575415
1.0
0.0157167
0.742278
0.508303
0.783642
0.576639
1.0
0.0157164
0.456435
0.346942
0.520578
0.429238
1.0
0.0157088
0.244559
0.756825
0.283123
0.808931
1.0
0.0156235
0.844775
0.48878
0.881248
0.546164
1.0
0.0155886
0.4106
0.150503
0.461676
0.224213
1.0
0.0155886
0.0658567
0.950018
0.111343
0.998632
1.0
0.0155344
0.214632
0.926151
0.25675
0.982045
1.0
0.0155314
0.846788
0.457573
0.932008
0.604742
1.0
0.015525
0.714179
0.956675
0.75495
0.997112
1.0
0.015462
0.38455
0.180966
0.4452
0.270988
1.0
0.015405
0.936459
0.641844
1.00405
0.771583
1.0
0.0152456
0.668303
0.953782
0.708577
0.995075
1.0
0.0152424
0.692205
0.513982
0.735873
0.581241
1.0
0.015232
0.640263
0.58683
0.68482
0.652854
1.0
0.0152065
0.471583
0.58697
0.512303
0.646672
1.0
0.0151961
0.91809
0.657424
0.958578
0.713214
1.0
0.0151912
0.57924
0.487866
0.771605
0.774629
1.0
0.0151727
0.73101
0.60063
0.84199
0.747388
1.0
0.0151628
0.219571
0.758895
0.256882
0.810022
1.0
0.0150553
0.765778
0.509633
0.805055
0.575045
1.0
0.0150462
0.868661
0.490705
0.905894
0.548765
1.0
0.015022
0.105385
0.868485
0.210996
0.993044
1.0
0.0149782
0.483413
0.240424
0.543453
0.319196
1.0
0.0148752
0.917621
0.704955
0.994275
0.83997
1.0
0.0147887
0.965554
0.820776
0.999107
0.876108
1.0
0.0147619
0.453652
0.275742
0.517142
0.362041
1.0
0.014752
0.693849
0.651845
0.73436
0.707986
1.0
0.0147214
0.274483
0.552764
0.368345
0.691028
1.0
0.0147016
0.263041
0.895937
0.303437
0.952705
1.0
0.0145747
0.00539554
0.899428
0.0955878
0.997883
1.0
0.0145577
0.669101
0.79065
0.706085
0.840557
1.0
0.0145213
0.218239
0.794067
0.256907
0.847124
1.0
0.0144666
0.796008
0.518711
0.834166
0.577273
1.0
0.0143714
0.672128
0.758888
0.709291
0.810099
1.0
0.0143679
0.332931
0.172055
0.436262
0.336118
1.0
0.0143605
0.208576
0.803134
0.297335
0.92784
1.0
0.0143455
0.242737
0.794843
0.280799
0.845073
1.0
0.0143097
0.343572
0.520227
0.389715
0.584442
1.0
0.0142118
0.139192
0.950105
0.184184
0.999076
1.0
0.0141639
0.509539
0.286245
0.560951
0.362815
1.0
0.0141382
0.570352
0.626796
0.612865
0.680002
1.0
0.0141189
0.772181
0.436202
0.801683
0.489164
1.0
0.0140762
0.172465
0.45966
0.202866
0.507427
1.0
0.0140538
0.963806
0.854327
0.999819
0.913892
1.0
0.0140421
0.451826
0.204646
0.518112
0.289634
1.0
0.0140163
0.912217
0.879142
0.997793
0.997673
1.0
0.0139266
0.263272
0.860637
0.304002
0.912365
1.0
0.0139045
0.815018
0.5834
0.859638
0.645438
1.0
0.0138988
0.695426
0.684494
0.78471
0.816881
1.0
0.013896
0.867137
0.614193
0.910881
0.67733
1.0
0.0138194
0.359741
0.557972
0.468654
0.711003
1.0
0.0138131
0.323061
0.317785
0.360393
0.37526
1.0
0.0137584
0.0784317
0.732973
0.265654
0.97716
1.0
0.013708
0.694466
0.72501
0.734167
0.77705
1.0
0.0137011
0.190747
0.885321
0.236721
0.949731
1.0
0.0136836
0.172948
0.640617
0.351109
0.935604
1.0
0.0136762
0.894715
0.492736
0.931159
0.549917
1.0
0.0136414
0.722188
0.456974
0.758941
0.521109
1.0
0.0136296
0.691299
0.956643
0.733
0.997476
1.0
0.0135769
0.526531
0.250119
0.624875
0.409376
1.0
0.0135589
0.165957
0.95323
0.207894
0.998653
1.0
0.0135528
0.61309
0.54575
0.660359
0.617392
1.0
0.0134913
0.273597
0.491486
0.305608
0.539885
1.0
0.013479
0.267112
0.753351
0.306042
0.809051
1.0
0.0134046
0.22239
0.459321
0.254529
0.509386
1.0
0.0133876
0.295741
0.527191
0.331531
0.580545
1.0
0.0133833
0.274949
0.526676
0.307625
0.576778
1.0
0.013235
0.170615
0.597634
0.204735
0.648504
1.0
0.0131873
0.933945
0.45974
1.00253
0.598507
1.0
0.0131759
0.915413
0.492747
0.950597
0.54869
1.0
0.0131701
0.790222
0.460534
0.824834
0.514601
1.0
0.0131696
0.221282
0.696017
0.307228
0.829886
1.0
0.0131671
0.5925
0.644585
0.635509
0.698214
1.0
0.0130858
0.940345
0.755822
0.987774
0.818247
1.0
0.0130615
0.325382
0.255333
0.364599
0.316607
1.0
0.0130567
0.196099
0.459954
0.227847
0.509186
1.0
0.0130122
0.538534
0.445862
0.590201
0.515089
1.0
0.0130088
0.160088
0.760312
0.255736
0.903578
1.0
0.0130029
0.266568
0.680205
0.353075
0.818025
1.0
0.0129844
0.265574
0.78898
0.30574
0.841764
1.0
0.012909
0.147192
0.461195
0.178068
0.508511
1.0
0.0128943
0.646216
0.719435
0.686057
0.770732
1.0
0.0128855
0.891936
0.65954
0.936465
0.714523
1.0
0.0128555
0.794236
0.395599
0.878327
0.529373
1.0
0.0128498
0.79296
0.486833
0.829219
0.54399
1.0
0.0127676
0.71574
0.723671
0.758702
0.776649
1.0
0.012756
0.503299
0.447316
0.556776
0.522718
1.0
0.0127542
0.637386
0.44817
0.681236
0.516539
1.0
0.0127304
0.0395557
0.951102
0.0862413
1.00034
1.0
0.0127165
0.693078
0.582353
0.737307
0.651842
1.0
0.0126002
0.613114
0.58908
0.659486
0.656356
1.0
0.0125954
0.223322
0.491074
0.255437
0.538408
1.0
0.0125724
0.716162
0.689198
0.758818
0.745252
1.0
0.012552
0.135122
0.887813
0.180397
0.95501
1.0
0.01254
0.27612
0.457141
0.368329
0.587572
1.0
0.0124803
0.272902
0.45929
0.305459
0.510372
1.0
0.0123682
0.194037
0.726735
0.232169
0.778195
1.0
0.0123343
0.274043
0.562
0.306902
0.611741
1.0
0.0123256
0.864646
0.601643
0.962302
0.749604
1.0
0.0123031
0.474501
0.472392
0.539018
0.549986
1.0
0.0122835
0.193612
0.757619
0.234145
0.811299
1.0
0.0122382
0.556293
0.320381
0.657698
0.481394
1.0
0.0121947
0.866022
0.960765
0.906006
0.998091
1.0
0.0121522
0.114754
0.910267
0.165994
0.98265
1.0
0.0121394
0.345604
0.305265
0.391053
0.375104
1.0
0.0120676
0.262991
0.826715
0.303841
0.881186
1.0
0.0119938
0.246668
0.459249
0.28052
0.512181
1.0
0.0119719
0.292319
0.588073
0.329447
0.646262
1.0
0.0119469
0.246297
0.489273
0.28061
0.540491
1.0
0.0119447
0.479673
0.183514
0.538797
0.261416
1.0
0.0119355
0.415801
0.573502
0.459084
0.637995
1.0
0.0119164
0.671401
0.385103
0.759649
0.533941
1.0
0.0119056
0.567219
0.593977
0.610723
0.653443
1.0
0.0119035
0.238729
0.757866
0.324678
0.888897
1.0
0.0118926
0.740722
0.548912
0.783659
0.615137
1.0
0.0118785
0.219021
0.728445
0.25667
0.780482
1.0
0.0118677
0.167337
0.859158
0.210646
0.914287
1.0
0.0118389
0.559737
0.352062
0.604782
0.418529
1.0
0.0118175
0.288037
0.722977
0.327435
0.778823
1.0
0.0118143
0.295799
0.330482
0.389484
0.482209
1.0
0.011785
0.719948
0.423195
0.753447
0.482411
1.0
0.0117797
0.562368
0.476252
0.614364
0.545875
1.0
0.0117552
0.888383
0.958765
0.931818
0.999267
1.0
0.0117446
0.219768
0.407666
0.304681
0.542895
1.0
0.0117306
0.618768
0.722749
0.655243
0.770255
1.0
0.0116938
0.842599
0.618028
0.887315
0.681111
1.0
0.0116888
0.816731
0.961029
0.856671
0.998159
1.0
0.0116672
0.891875
0.494063
0.977515
0.647683
1.0
0.0116353
0.694325
0.687876
0.734836
0.743273
1.0
0.0116252
0.148214
0.596621
0.180794
0.645932
1.0
0.0115933
0.173684
0.490312
0.204585
0.535826
1.0
0.0115669
0.916362
0.957133
0.95943
0.998712
1.0
0.0115588
0.663249
0.756463
0.753622
0.884567
1.0
0.0115481
0.192686
0.831711
0.238056
0.889391
1.0
0.0115296
0.93578
0.790258
1.00401
0.910283
1.0
0.0115091
0.477769
0.619053
0.516716
0.672809
1.0
0.0114776
0.0670061
0.890641
0.108829
0.951809
1.0
0.0114512
0.247382
0.565034
0.280486
0.614587
1.0
0.0114334
0.344402
0.654028
0.38265
0.709498
1.0
0.0113602
0.25142
0.611582
0.335686
0.750813
1.0
0.0113416
0.372063
0.453167
0.415239
0.515098
1.0
0.0113416
0.663802
0.452647
0.70531
0.520463
1.0
0.011337
0.222362
0.888133
0.311053
0.99112
1.0
0.0112983
0.158443
0.603779
0.25131
0.746584
1.0
0.011252
0.294197
0.55487
0.332927
0.612296
1.0
0.0112141
0.648641
0.792978
0.685784
0.840869
1.0
0.0112139
0.617401
0.685199
0.657067
0.738925
1.0
0.0111934
0.318897
0.551289
0.362252
0.611733
1.0
0.0111829
0.295613
0.491203
0.331623
0.543341
1.0
0.0111499
0.566182
0.670801
0.664641
0.802693
1.0
0.0110767
0.96841
0.419729
0.998732
0.480334
1.0
0.0110582
0.866056
0.657471
0.910299
0.7127
1.0
0.0110565
0.670054
0.822594
0.706209
0.870756
1.0
0.0110013
0.0022727
0.857973
0.0375685
0.916033
1.0
0.0109959
0.172338
0.405079
0.257108
0.536082
1.0
0.0109711
0.76571
0.962273
0.805754
0.999944
1.0
0.0108568
0.0887762
0.915246
0.136834
0.983602
1.0
0.0108519
0.790755
0.584514
0.835085
0.646506
1.0
0.0108517
0.37165
0.490125
0.415846
0.551411
1.0
0.0108194
0.315544
0.599777
0.415497
0.750114
1.0
0.0108072
0.766752
0.550744
0.807937
0.613994
1.0
0.0107499
0.117472
0.864953
0.161583
0.920975
1.0
0.0107433
0.50527
0.215331
0.556571
0.285596
1.0
0.0107409
0.964197
0.888733
0.999201
0.948632
1.0
0.0107186
0.754007
0.435287
0.786039
0.491428
1.0
0.0107044
0.738342
0.656975
0.783864
0.715269
1.0
0.0106896
0.817932
0.427279
0.851452
0.47963
1.0
0.0106212
0.44631
0.619298
0.486255
0.674768
1.0
0.0105758
0.192904
0.594669
0.226298
0.647294
1.0
0.0105589
0.193853
0.792725
0.234523
0.845405
1.0
0.0105493
0.247406
0.524902
0.280781
0.576047
1.0
0.0105443
0.323905
0.223239
0.36049
0.284426
1.0
0.0105443
0.711168
0.615657
0.756835
0.682149
1.0
0.0104964
0.696246
0.454888
0.735525
0.518659
1.0
0.0104883
0.0625333
0.799794
0.172757
0.939762
1.0
0.0104549
0.515717
0.643729
0.550825
0.692308
1.0
0.0104534
0.294438
0.456892
0.331383
0.511343
1.0
0.0104437
0.814628
0.618076
0.859685
0.67985
1.0
0.0104382
0.0668339
0.864115
0.107025
0.91687
1.0
0.0104078
0.840498
0.959128
0.882856
0.99798
1.0
0.0103703
0.39344
0.654508
0.430948
0.708031
1.0
0.0103636
0.645844
0.368221
0.831218
0.664547
1.0
0.0103363
0.164006
0.898457
0.252298
1.00283
1.0
0.0103254
0.536973
0.513578
0.58435
0.577507
1.0
0.0103127
0.816382
0.643804
0.921259
0.783729
1.0
0.010308
0.616347
0.79028
0.710269
0.928094
1.0
0.0102737
0.543947
0.655497
0.580668
0.702102
1.0
0.0101874
0.292243
0.652369
0.331135
0.712323
1.0
0.010171
0.366541
0.542781
0.414736
0.609704
1.0
0.0101679
0.2229
0.523318
0.254878
0.572257
1.0
0.010166
0.793655
0.427458
0.825263
0.47791
1.0
0.0101524
0.322067
0.352161
0.358772
0.408166
1.0
0.0101293
0.457528
0.153231
0.509177
0.224016
1.0
0.0101193
0.509867
0.510892
0.555571
0.574559
1.0
0.0101062
0.620012
0.760974
0.655368
0.807274
1.0
0.0100851
0.196591
0.491025
0.229051
0.539021
1.0
0.010069
0.142619
0.829976
0.18142
0.882594
1.0
0.0100617
0.765433
0.654475
0.809827
0.711922
1.0
0.0100556
0.715568
0.751728
0.75974
0.807813
1.0
0.0100446
0.204347
0.807892
0.391906
1.02879
1.0
0.0100411
0.2724
0.588807
0.306832
0.643413
1.0
0.010005
-0.0026593
0.759172
0.0689421
0.875393
1.0
0.0100003
0.00153591
0.819602
0.0366828
0.878434
