1.0
0.774223
0.44744
0.261602
0.581255
0.510543
1.0
0.259389
0.242905
0.319406
0.710266
0.900859
1.0
0.076218
0.00574958
0.66434
0.268494
1.09327
1.0
0.0469681
0.517764
0.589698
0.558358
0.652658
1.0
0.0382782
0.442579
0.281382
0.491161
0.367431
1.0
0.0370907
0.356965
0.503621
0.483298
0.648886
1.0
0.0360565
0.545448
0.377884
0.907374
0.970294
1.0
0.0334081
0.765931
0.459895
0.798047
0.519593
1.0
0.0323542
0.743794
0.749507
1.00342
1.01317
1.0
0.030653
0.0117686
0.944857
0.0615773
0.997582
1.0
0.029128
0.736813
0.446192
0.814079
0.583547
1.0
0.0290439
0.675759
0.46148
0.771229
0.611212
1.0
0.0283421
0.510397
0.248007
0.563874
0.332527
1.0
0.0278274
0.847229
0.529259
0.936331
0.680629
1.0
0.0276555
0.341343
0.373647
0.54208
0.621817
1.0
0.0276408
0.534452
0.275611
0.592604
0.365605
1.0
0.0273206
0.415989
0.271346
0.511825
0.435138
1.0
0.0260865
0.644318
0.52617
0.740035
0.680775
1.0
0.0260513
0.745482
0.473624
0.786643
0.54777
1.0
0.025647
0.730499
0.385128
0.897886
0.669219
1.0
0.0249413
0.480146
0.427227
0.541633
0.523013
1.0
0.024375
0.607725
0.616428
0.700459
0.752718
1.0
0.0235771
0.870573
0.545372
0.914529
0.616518
1.0
0.0235764
0.483622
0.272321
0.54176
0.36715
1.0
0.022457
0.913074
0.528016
0.993187
0.691957
1.0
0.0223559
0.793398
0.482113
0.884618
0.629555
1.0
0.0223146
0.960406
0.578706
0.999102
0.654093
1.0
0.0223112
0.963873
0.951114
0.999665
0.997941
1.0
0.0212707
0.413538
0.464018
0.617625
0.751582
1.0
0.0212345
0.964475
0.519722
0.999024
0.587151
1.0
0.0211675
0.669424
0.509211
0.713683
0.578609
1.0
0.02114
0.668643
0.612626
0.759786
0.747914
1.0
0.021136
0.383445
0.512092
0.444208
0.602125
1.0
0.0209879
0.479742
0.554156
0.569851
0.674721
1.0
0.0206344
0.619092
0.436144
0.715684
0.582848
1.0
0.0206065
0.714273
0.503417
0.760925
0.579968
1.0
0.0204858
0.0148225
0.896466
0.112209
1.00245
1.0
0.0203954
0.589477
0.44074
0.637804
0.51289
1.0
0.0198706
0.818568
0.517469
0.859079
0.582881
1.0
0.0198372
0.649409
0.448102
0.836619
0.741157
1.0
0.0197378
0.821544
0.48638
0.85764
0.545256
1.0
0.0194881
0.459313
0.249523
0.512863
0.338006
1.0
0.0193841
0.273954
0.562833
0.306498
0.615464
1.0
0.0193441
0.692828
0.486875
0.736547
0.554898
1.0
0.0193006
0.766395
0.546399
0.867007
0.689514
1.0
0.0192481
0.844738
0.548786
0.887325
0.616363
1.0
0.0191315
0.0644546
0.949087
0.110119
0.998016
1.0
0.019061
0.559453
0.254575
0.606146
0.333776
1.0
0.0190059
0.64393
0.686919
0.686102
0.744242
1.0
0.0189965
0.665518
0.579242
0.708933
0.647302
1.0
0.0188809
0.962262
0.649868
0.999117
0.71552
1.0
0.0186568
0.560637
0.398867
0.654406
0.543104
1.0
0.0186111
0.891079
0.52767
0.933698
0.594746
1.0
0.018481
0.533365
0.367493
0.588543
0.455135
1.0
0.018317
0.911488
0.575098
0.959072
0.650739
1.0
0.0182301
0.560397
0.580141
0.654921
0.717018
1.0
0.0182274
0.668252
0.689644
0.707035
0.743203
1.0
0.0177952
0.0138331
0.88769
0.0616861
0.953722
1.0
0.0176827
0.505963
0.475902
0.555158
0.550232
1.0
0.0176734
0.670397
0.721611
0.709262
0.775134
1.0
0.0174759
0.640325
0.655088
0.683398
0.714928
1.0
0.0174726
0.510329
0.331212
0.691095
0.607965
1.0
0.0174349
0.507031
0.303766
0.566391
0.402024
1.0
0.0173569
0.530548
0.477006
0.62796
0.627833
1.0
0.0173416
0.667378
0.619243
0.708855
0.679042
1.0
0.0172948
0.840682
0.583501
0.885688
0.649218
1.0
0.0172468
0.428486
0.507923
0.538504
0.650785
1.0
0.0172119
0.938664
0.548125
0.987824
0.623158
1.0
0.017061
0.273774
0.488004
0.307196
0.538576
1.0
0.0169257
0.844432
0.486653
0.88077
0.547795
1.0
0.0168917
0.261824
0.951031
0.30632
0.997479
1.0
0.0167655
0.114647
0.748448
0.210825
0.900511
1.0
0.0166963
0.963634
0.718832
0.999671
0.780182
1.0
0.016685
0.96275
0.786971
0.997432
0.842371
1.0
0.0162902
0.640821
0.583311
0.685075
0.650921
1.0
0.0162187
0.274587
0.527193
0.307643
0.580995
1.0
0.0161974
0.644892
0.680768
0.730569
0.812876
1.0
0.0161944
0.247783
0.724291
0.283538
0.77686
1.0
0.0161468
0.593718
0.648476
0.634747
0.704749
1.0
0.0160832
0.714929
0.57749
0.758133
0.645441
1.0
0.0160804
0.269827
0.553426
0.371581
0.690266
1.0
0.0160336
0.644131
0.511956
0.686149
0.575644
1.0
0.0160031
0.615949
0.651441
0.655773
0.708089
1.0
0.0160002
0.488337
0.222057
0.536555
0.289467
1.0
0.0159995
0.762884
0.503759
0.803602
0.574776
1.0
0.0159973
0.295169
0.525835
0.331607
0.581215
1.0
0.0158154
0.425712
0.313225
0.467989
0.380663
1.0
0.015756
0.34232
0.519786
0.39749
0.590492
1.0
0.0157295
0.668616
0.658352
0.709503
0.715278
1.0
0.0156526
0.435119
0.509982
0.486662
0.587787
1.0
0.0156122
0.416021
0.447491
0.466938
0.521944
1.0
0.0155153
0.791607
0.478927
0.959473
0.768818
1.0
0.0153626
0.513132
0.51504
0.556046
0.581346
1.0
0.0153492
0.932965
0.45881
1.00234
0.604752
1.0
0.0153215
0.940539
0.609163
0.987469
0.682741
1.0
0.015315
0.407848
0.484054
0.463228
0.562178
1.0
0.0152701
0.790353
0.4599
0.823885
0.514577
1.0
0.0152106
0.441615
0.409608
0.493992
0.492416
1.0
0.0150772
0.288457
0.585803
0.327861
0.644737
1.0
0.0149912
0.440403
0.334152
0.489384
0.418809
1.0
0.0149878
0.740029
0.606201
0.8442
0.748249
1.0
0.0149237
0.616519
0.480047
0.658107
0.545007
1.0
0.0148622
0.513153
0.246842
0.616594
0.418019
1.0
0.0148253
0.639135
0.620258
0.682845
0.68146
1.0
0.0148219
0.693574
0.619496
0.734874
0.681859
1.0
0.0148219
0.693192
0.69034
0.73339
0.744521
1.0
0.0148145
0.917339
0.657446
0.958194
0.713597
1.0
0.0147219
0.69373
0.724059
0.733874
0.776658
1.0
0.0146985
0.795168
0.517633
0.833255
0.578949
1.0
0.0146483
0.868635
0.488362
0.905706
0.550632
1.0
0.0146281
0.227344
0.559149
0.309389
0.690984
1.0
0.0146217
0.866044
0.613121
0.910148
0.677604
1.0
0.0146153
0.244497
0.927374
0.286923
0.984629
1.0
0.0145841
0.815139
0.583298
0.861228
0.6496
1.0
0.0145484
0.249508
0.562654
0.283448
0.615916
1.0
0.0145385
0.140484
0.953355
0.181732
0.999053
1.0
0.0144765
0.341225
0.579908
0.391005
0.648019
1.0
0.014466
0.191788
0.956178
0.232508
0.999802
1.0
0.0144266
0.890589
0.610534
0.936551
0.67703
1.0
0.0144172
0.501269
0.394783
0.561545
0.491531
1.0
0.0144166
0.588037
0.510136
0.683894
0.655798
1.0
0.0143975
0.671321
0.755926
0.7098
0.810444
1.0
0.0143182
0.722482
0.456243
0.760731
0.525891
1.0
0.0143032
0.693233
0.658457
0.733103
0.712924
1.0
0.0141703
0.715064
0.690448
0.758914
0.747248
1.0
0.0140896
0.939087
0.756434
0.987005
0.81938
1.0
0.0140513
0.69681
0.688858
0.787376
0.816965
1.0
0.0140474
0.0157119
0.860563
0.0595236
0.916449
1.0
0.0140096
0.249577
0.452547
0.33932
0.581029
1.0
0.0139837
0.616703
0.588416
0.658183
0.65067
1.0
0.0139778
0.936884
0.639846
1.00451
0.774061
1.0
0.0139469
0.535989
0.515238
0.579207
0.580274
1.0
0.0139094
0.575445
0.544282
0.764511
0.843377
1.0
0.0139023
0.167629
0.955633
0.206396
0.998359
1.0
0.0138635
0.418299
0.381134
0.463345
0.452487
1.0
0.013854
0.267703
0.725554
0.306352
0.782617
1.0
0.0138363
0.440463
0.578171
0.487268
0.645064
1.0
0.0138163
0.568958
0.648956
0.607992
0.703096
1.0
0.0138141
0.62035
0.68383
0.659057
0.739679
1.0
0.0137943
0.716396
0.7233
0.760396
0.777414
1.0
0.0137598
0.119878
0.915346
0.165458
0.981685
1.0
0.0136725
0.217457
0.790908
0.304025
0.928467
1.0
0.0136482
0.444624
0.22533
0.488601
0.286529
1.0
0.0136204
0.0857824
0.871195
0.185165
0.991053
1.0
0.0136167
0.964346
0.855094
0.999186
0.911489
1.0
0.013596
0.617222
0.54986
0.658991
0.617032
1.0
0.0135715
0.247827
0.459788
0.283618
0.513929
1.0
0.0135715
0.538032
0.44231
0.585653
0.515574
1.0
0.0135585
0.293457
0.489647
0.331051
0.544
1.0
0.0135487
0.318705
0.522572
0.361494
0.582586
1.0
0.0135468
0.387107
0.562496
0.440032
0.641311
1.0
0.0135339
0.190868
0.887534
0.230052
0.944864
1.0
0.0135216
0.69374
0.544424
0.736984
0.616669
1.0
0.0135161
0.192648
0.857884
0.23192
0.911971
1.0
0.0134667
0.0651803
0.892866
0.107102
0.954235
1.0
0.0134608
0.940761
0.921705
0.99024
0.984084
1.0
0.0130793
0.497906
0.418037
0.59943
0.576259
1.0
0.0130734
0.666764
0.452199
0.708686
0.524581
1.0
0.0130684
0.218803
0.956949
0.257327
0.998943
1.0
0.0130209
0.46412
0.470193
0.519528
0.550042
1.0
0.0130181
0.639277
0.450012
0.681962
0.52022
1.0
0.013009
0.96541
0.821415
0.998419
0.875151
1.0
0.01295
0.865892
0.959639
0.905578
0.996758
1.0
0.012915
0.250963
0.0136681
0.571716
0.627317
1.0
0.0129027
0.865893
0.590942
0.96289
0.747647
1.0
0.0128206
0.845303
0.426323
0.92818
0.583909
1.0
0.0127949
0.738958
0.579269
0.783506
0.645182
1.0
0.0127478
0.89382
0.490554
0.931335
0.552898
1.0
0.0126905
0.592381
0.591321
0.63491
0.653175
1.0
0.0126876
0.891879
0.659203
0.936097
0.714456
1.0
0.0125858
0.2675
0.788643
0.3066
0.842998
1.0
0.0124491
0.171871
0.457986
0.203268
0.506852
1.0
0.0123869
0.713469
0.656994
0.757264
0.714623
1.0
0.0123761
0.536901
0.226677
0.583607
0.291532
1.0
0.0123587
0.620356
0.719013
0.657496
0.77013
1.0
0.0122617
0.390289
0.453811
0.439652
0.524407
1.0
0.0122271
0.866583
0.657179
0.909951
0.712086
1.0
0.0121688
0.561037
0.592252
0.603759
0.652162
1.0
0.0121577
0.467315
0.582143
0.509123
0.644815
1.0
0.0121533
0.243259
0.860427
0.281294
0.913695
1.0
0.0121416
0.0886635
0.953552
0.131975
1.00096
1.0
0.0121118
0.585377
0.380196
0.633217
0.455682
1.0
0.0121107
0.173368
0.597134
0.205262
0.646942
1.0
0.0120125
0.227873
0.674879
0.310911
0.819143
1.0
0.0120036
0.217005
0.857913
0.254228
0.911675
1.0
0.0119992
0.248426
0.526519
0.281441
0.579725
1.0
0.0119965
0.246375
0.79336
0.283297
0.843902
1.0
0.0119888
0.294075
0.508618
0.490465
0.814768
1.0
0.0119364
0.720532
0.42412
0.754652
0.486121
1.0
0.0119309
0.916439
0.960091
0.957276
0.998535
1.0
0.01193
0.222778
0.457816
0.255605
0.509349
1.0
0.0119252
-0.000874341
0.758336
0.0697964
0.870103
1.0
0.0118983
0.420966
0.345751
0.463848
0.414729
1.0
0.0118731
0.0630737
0.791367
0.168348
0.93692
1.0
0.0118709
0.892328
0.689045
0.936557
0.743035
1.0
0.0118256
0.14708
0.458718
0.178834
0.50709
1.0
0.0116194
0.248361
0.75174
0.284902
0.806009
1.0
0.0115792
0.120501
0.86149
0.160278
0.916113
1.0
0.0115511
0.169069
0.828976
0.206785
0.883464
1.0
0.011514
0.485498
0.334515
0.545248
0.432142
1.0
0.0115056
0.218445
0.793527
0.254508
0.845538
1.0
0.0115038
0.367381
0.490343
0.420977
0.564103
1.0
0.0114887
0.167258
0.68545
0.347721
0.962874
1.0
0.0114173
0.640849
0.340684
0.732609
0.508725
1.0
0.011383
0.967538
0.453276
0.999401
0.52028
1.0
0.0113269
0.915243
0.491143
0.9514
0.552576
1.0
0.0113241
0.909468
0.879148
0.997471
1.00045
1.0
0.0113235
0.222179
0.72266
0.257223
0.774717
1.0
0.0113114
0.0677785
0.828652
0.104327
0.87951
1.0
0.0112983
0.379879
0.329926
0.480354
0.48989
1.0
0.0112828
0.887497
0.959494
0.930047
0.998269
1.0
0.0111881
0.566523
0.670753
0.661374
0.808214
1.0
0.011186
0.582147
0.31425
0.628064
0.385268
1.0
0.01116
0.244417
0.889429
0.280875
0.943059
1.0
0.0111425
0.420446
0.226318
0.459801
0.28215
1.0
0.0111324
0.217603
0.828724
0.254249
0.882158
1.0
0.0111273
0.119688
0.82661
0.158433
0.882639
1.0
0.0110967
0.315506
0.588058
0.425542
0.750763
1.0
0.0110768
0.142578
0.788303
0.18049
0.844367
1.0
0.0110515
0.560571
0.338949
0.607076
0.421026
1.0
0.0110456
0.767512
0.581821
0.812088
0.64731
1.0
0.0110409
0.793703
0.393049
0.877831
0.53656
1.0
0.0109608
0.793193
0.551313
0.835472
0.617399
1.0
0.0109583
0.641433
0.748652
0.73027
0.896424
1.0
0.0109411
0.271848
0.615018
0.307732
0.6767
1.0
0.0109254
0.0664412
0.864503
0.105427
0.91644
1.0
0.0108814
0.0126762
0.820179
0.0564469
0.879487
1.0
0.0108484
0.155935
0.793082
0.248798
0.938644
1.0
0.0108414
0.571929
0.24929
0.668713
0.407327
1.0
0.0107607
0.594633
0.72311
0.630289
0.772675
1.0
0.0107381
0.691298
0.752352
0.73325
0.808476
1.0
0.0107332
0.243661
0.826607
0.282731
0.880762
1.0
0.0107238
0.265787
0.822411
0.305063
0.877586
1.0
0.010718
0.815658
0.640225
0.917674
0.779759
1.0
0.0106917
0.840777
0.957822
0.88365
0.997135
1.0
0.0106798
0.219513
0.887819
0.253185
0.939075
1.0
0.0106722
0.289508
0.615882
0.331664
0.67993
1.0
0.0106652
0.81858
0.425318
0.852874
0.481417
1.0
0.0106456
0.168926
0.602094
0.255777
0.751733
1.0
0.0106362
0.34227
0.653564
0.38335
0.710731
1.0
0.0106358
0.497163
0.554817
0.540806
0.622093
1.0
0.0106314
0.193214
0.793495
0.231057
0.846045
1.0
0.0106169
0.289932
0.458873
0.32917
0.515269
1.0
0.0105828
0.365516
0.612319
0.413339
0.678778
1.0
0.0105682
0.318252
0.42808
0.431521
0.572542
1.0
0.0105587
0.619004
0.759821
0.656457
0.811064
1.0
0.0105027
0.167019
0.85877
0.205764
0.91214
1.0
0.0104243
0.935805
0.789926
1.00371
0.907878
1.0
0.0104002
0.421456
0.257149
0.463207
0.323451
1.0
0.0103654
0.965678
0.888784
0.999302
0.945179
1.0
0.010363
0.817345
0.959882
0.857811
0.997916
1.0
0.010358
0.14232
0.828061
0.181086
0.884765
1.0
0.0103443
0.392742
0.652818
0.432118
0.709589
1.0
0.0102925
0.196473
0.457829
0.229261
0.508674
1.0
0.0102922
0.262118
0.337023
0.36021
0.480164
1.0
0.0102752
0.168388
0.791978
0.206252
0.846438
1.0
0.0102689
0.17292
0.490242
0.204351
0.537082
1.0
0.0102591
0.197268
0.443746
0.285719
0.578494
1.0
0.0102428
0.646123
0.75913
0.68704
0.81393
1.0
0.0102361
0.317289
0.491169
0.359123
0.548325
1.0
0.0102221
0.223752
0.488996
0.256251
0.538035
1.0
0.0102009
0.532709
0.612168
0.57493
0.668914
1.0
0.0101818
0.11831
0.787541
0.157028
0.844389
1.0
0.010157
0.563347
0.478167
0.611152
0.547946
1.0
0.010152
0.146521
0.444744
0.230315
0.574595
1.0
0.0101498
0.136714
0.679414
0.226799
0.826045
1.0
0.0101271
0.0955383
0.862977
0.13196
0.912678
1.0
0.0100824
0.461629
0.374305
0.517634
0.466765
1.0
0.0100598
0.140982
0.75604
0.180341
0.810816
1.0
0.0100598
0.0401432
0.891161
0.0853531
0.952667
1.0
0.0100484
0.0908825
0.891643
0.130723
0.950647
1.0
0.0100411
0.562165
0.514812
0.607077
0.580999
1.0
0.0100328
0.147818
0.596722
0.17924
0.645166
1.0
0.0100143
0.0137755
0.752124
0.0560235
0.811845
