1.0
0.328434
0.440169
0.481681
0.662613
0.793463
1.0
0.0531578
0.201375
0.405585
0.635426
0.980469
1.0
0.0354794
0.425557
0.479318
0.513165
0.626701
1.0
0.0323468
0.57111
0.482777
0.6738
0.661945
1.0
0.030685
0.417104
0.257501
0.531004
0.42497
1.0
0.0298554
0.439163
0.513546
0.484203
0.581181
1.0
0.0295693
0.478686
0.45099
0.884955
0.971381
1.0
0.0291894
0.390386
0.297866
0.578937
0.622834
1.0
0.0281731
0.00968023
0.596909
0.356052
1.0773
1.0
0.0276375
0.73506
0.755602
1.00915
1.02963
1.0
0.0258262
0.848124
0.555636
1.00228
0.854842
1.0
0.0255651
0.426165
0.49599
0.461226
0.551756
1.0
0.024585
0.486128
0.523416
0.528684
0.585829
1.0
0.0239187
0.465439
0.235046
0.578617
0.383724
1.0
0.0235499
0.922777
0.620858
1.00121
0.760462
1.0
0.0231805
0.509097
0.140327
0.608361
0.281191
1.0
0.0221458
0.460287
0.540945
0.506656
0.611713
1.0
0.0219767
0.414321
0.345138
0.461022
0.417065
1.0
0.021896
0.703948
0.923137
0.759788
0.988221
1.0
0.0213017
0.461735
0.577853
0.510729
0.651746
1.0
0.020784
0.507205
0.451121
0.630238
0.636667
1.0
0.0207371
0.427645
0.565242
0.55267
0.735191
1.0
0.0207343
0.491884
0.582371
0.542944
0.659298
1.0
0.0206779
0.507842
0.607472
0.56254
0.691095
1.0
0.0204827
0.164265
0.9548
0.210026
0.998001
1.0
0.0203034
0.588314
0.515563
0.641854
0.597117
1.0
0.020207
0.461494
0.280562
0.513226
0.359119
1.0
0.0201341
0.514086
0.552601
0.55939
0.621665
1.0
0.0196003
0.539867
0.518422
0.589101
0.5921
1.0
0.0195907
0.377866
0.538785
0.475255
0.68466
1.0
0.0193141
0.415661
0.283529
0.462748
0.358983
1.0
0.019097
0.51196
0.275284
0.560365
0.348716
1.0
0.0189707
0.956409
0.646562
0.99825
0.723422
1.0
0.0186939
0.421982
0.466942
0.454965
0.518379
1.0
0.0181327
0.963934
0.950354
0.999632
0.997815
1.0
0.0176095
0.516006
0.180548
0.566218
0.259485
1.0
0.0175225
0.147145
0.917017
0.232847
1.00323
1.0
0.0174839
0.54496
0.918749
0.590987
0.981178
1.0
0.0174831
0.403779
0.412645
0.488139
0.566037
1.0
0.017444
0.46047
0.495347
0.50306
0.556846
1.0
0.0173718
0.462047
0.380396
0.50554
0.44619
1.0
0.0171304
0.810215
0.606303
0.930499
0.766019
1.0
0.0168301
0.517544
0.219702
0.634813
0.358641
1.0
0.0166783
0.365937
0.618897
0.477071
0.765388
1.0
0.0165506
0.116332
0.959253
0.159935
0.998871
1.0
0.0164272
0.563118
0.540087
0.616271
0.620347
1.0
0.0163814
0.419934
0.583202
0.461657
0.644264
1.0
0.0162785
0.334426
0.674874
0.446331
0.825336
1.0
0.016274
0.168601
0.852869
0.207459
0.903052
1.0
0.0162417
0.266154
0.617785
0.364545
0.745484
1.0
0.0160627
0.439049
0.464807
0.477406
0.522005
1.0
0.0157953
0.633513
0.51447
0.677414
0.592497
1.0
0.015706
0.439176
0.255348
0.488428
0.327624
1.0
0.0156868
0.962644
0.712613
1.00248
0.786588
1.0
0.0156122
0.864783
0.649618
0.912654
0.717547
1.0
0.015457
0.386752
0.305953
0.478482
0.456285
1.0
0.0154514
0.437701
0.315161
0.48923
0.391381
1.0
0.0153576
0.303136
0.474637
0.511973
0.774084
1.0
0.0153417
0.771105
0.529941
0.855715
0.663392
1.0
0.0153064
0.0965865
-0.1285
0.576478
0.745331
1.0
0.0152972
0.139717
0.957174
0.184812
0.999085
1.0
0.0152846
0.207221
0.66962
0.411132
0.95772
1.0
0.0152733
0.514055
0.48704
0.557896
0.55288
1.0
0.0152456
0.610606
0.487569
0.659621
0.568539
1.0
0.0151766
0.566253
0.487676
0.614469
0.560297
1.0
0.0149641
0.108769
0.74541
0.209157
0.888436
1.0
0.0149279
0.605315
0.821383
0.82188
1.00766
1.0
0.0149095
0.932554
0.705538
1.00943
0.843447
1.0
0.0148387
0.139028
0.825782
0.180752
0.879087
1.0
0.014801
0.455596
0.662967
0.583254
0.831583
1.0
0.0147822
0.486852
0.70539
0.541279
0.782437
1.0
0.0147359
0.439656
0.212775
0.653472
0.480265
1.0
0.0147284
0.868366
0.615699
0.911453
0.681437
1.0
0.0146816
0.420621
0.41879
0.456012
0.474263
1.0
0.0146379
0.67605
0.682684
0.789211
0.827876
1.0
0.0146313
0.926186
0.884435
1.00111
0.996029
1.0
0.0145689
0.798721
0.533404
0.830857
0.585001
1.0
0.014562
0.911235
0.619576
0.959757
0.693327
1.0
0.0145345
0.171078
0.711506
0.2642
0.858173
1.0
0.0145279
0.218397
0.783454
0.260748
0.846877
1.0
0.0145147
0.966489
0.583794
1.00151
0.652737
1.0
0.0144954
0.194127
0.771319
0.292264
0.918151
1.0
0.0144528
0.00133303
0.951148
0.0356998
0.99699
1.0
0.0144338
0.532833
0.579916
0.584226
0.657639
1.0
0.0144109
0.587949
0.565639
0.643229
0.65164
1.0
0.0143983
0.479198
0.0572427
0.669464
0.30876
1.0
0.0143867
0.168288
0.787498
0.207549
0.844209
1.0
0.0142993
0.439435
0.419478
0.479402
0.479888
1.0
0.0142414
0.5592
0.942852
0.607235
0.994525
1.0
0.014166
0.260491
0.706972
0.373225
0.85468
1.0
0.0141125
0.813691
0.552216
0.850307
0.611542
1.0
0.0140193
0.886453
0.953433
0.932747
0.998774
1.0
0.0139437
0.589205
0.454924
0.639168
0.532976
1.0
0.0138477
0.315772
0.592749
0.409765
0.724277
1.0
0.0138446
0.359025
0.72124
0.789114
1.01797
1.0
0.0137192
0.96283
0.785397
1.00088
0.84786
1.0
0.0136024
0.442128
0.645895
0.493403
0.715246
1.0
0.0135769
0.840788
0.528828
0.938342
0.680321
1.0
0.0135713
0.463712
0.215824
0.507597
0.287546
1.0
0.0135161
0.844125
0.585692
0.884586
0.647692
1.0
0.0133873
0.419993
0.621716
0.460574
0.679145
1.0
0.0133803
0.463847
0.459276
0.504153
0.518782
1.0
0.0133663
0.890431
0.58549
0.935846
0.656394
1.0
0.0133498
0.906239
0.523258
0.996069
0.682129
1.0
0.0133238
0.141101
0.792737
0.181622
0.848237
1.0
0.0132782
0.425311
0.544402
0.464566
0.606785
1.0
0.0132573
0.436205
0.378738
0.482442
0.447528
1.0
0.01325
0.556449
0.905777
0.658484
1.00627
1.0
0.0132079
0.470304
0.18323
0.51182
0.251412
1.0
0.0131946
0.610353
0.543132
0.820711
0.822039
1.0
0.0129998
0.405099
0.492132
0.438934
0.542188
1.0
0.0129849
0.0895531
0.921174
0.182744
1.00797
1.0
0.0129677
0.372772
0.288276
0.409857
0.347134
1.0
0.0129384
0.890581
0.643007
0.944091
0.719255
1.0
0.0129323
0.169489
0.753388
0.207261
0.810618
1.0
0.0129242
-0.00850414
0.693621
0.141868
0.926047
1.0
0.0129149
0.5878
0.24908
0.639599
0.316427
1.0
0.0128932
0.812638
0.581505
0.852964
0.646957
1.0
0.0128931
0.00411848
0.716462
0.0724131
0.839402
1.0
0.0128151
0.210444
0.95227
0.2596
1.00007
1.0
0.0128061
0.218425
0.683303
0.313979
0.820194
1.0
0.0127223
0.390187
0.651997
0.434388
0.714584
1.0
0.0126819
0.485648
0.310166
0.536803
0.380613
1.0
0.0126756
0.712334
0.585914
0.823965
0.746086
1.0
0.0125927
0.482507
0.63455
0.544688
0.724065
1.0
0.0125543
0.900191
0.76816
1.00035
0.925014
1.0
0.012419
0.841157
0.652494
0.886046
0.715439
1.0
0.0124075
0.868573
0.557067
0.906869
0.615058
1.0
0.0123278
0.907327
0.711393
0.960927
0.783132
1.0
0.0123255
0.0791177
0.68294
0.188363
0.83316
1.0
0.0123143
0.448966
0.154643
0.546214
0.30386
1.0
0.0122048
0.607846
0.705294
0.729243
0.85787
1.0
0.0120942
0.558154
0.184469
0.607117
0.255981
1.0
0.012048
0.140044
0.803987
0.232026
0.931919
1.0
0.0119849
0.619482
0.452542
0.716001
0.613616
1.0
0.0119581
0.376559
0.355872
0.410763
0.408126
1.0
0.0119197
0.394656
0.624748
0.434425
0.680715
1.0
0.0119007
0.641663
0.952352
0.692459
1.00118
1.0
0.01189
0.600972
0.217977
0.699951
0.354386
1.0
0.0118742
0.492606
0.257905
0.542883
0.3278
1.0
0.011865
0.374537
0.32495
0.409888
0.381307
1.0
0.0118515
0.121888
0.793537
0.159223
0.847326
1.0
0.0117821
0.660919
0.603603
0.765644
0.755524
1.0
0.0116592
0.533586
0.207349
0.581831
0.278951
1.0
0.0116411
0.395892
0.260856
0.438722
0.324067
1.0
0.0116409
0.558902
0.610462
0.611328
0.688403
1.0
0.0116177
0.443598
0.807864
0.626506
1.02321
1.0
0.0115961
0.540039
0.456835
0.58559
0.526791
1.0
0.0115845
0.967044
0.519117
1.00004
0.586409
1.0
0.0114824
0.397863
0.200776
0.495436
0.355199
1.0
0.0114724
0.614594
0.955397
0.661179
1.00121
1.0
0.0114569
0.397805
0.322313
0.440003
0.388966
1.0
0.0114543
0.531113
0.253102
0.581253
0.322346
1.0
0.0114413
0.00318844
0.584785
0.0354552
0.646074
1.0
0.0114228
0.0661067
0.958503
0.108935
0.99897
1.0
0.0113804
0.769787
0.578664
0.810279
0.649277
1.0
0.0113711
0.488094
0.456742
0.532764
0.523279
1.0
0.011296
0.418878
0.223109
0.46073
0.288174
1.0
0.0112931
0.484988
0.348946
0.532131
0.416364
1.0
0.0112884
0.633716
0.568061
0.68064
0.648023
1.0
0.0112643
0.222324
0.719424
0.259375
0.778383
1.0
0.0112468
0.893461
0.557151
0.933245
0.618035
1.0
0.0112241
0.32273
0.629151
0.35696
0.677221
1.0
0.011094
0.0903594
0.959867
0.135642
1.00085
1.0
0.0110416
0.00342246
0.721235
0.0374418
0.785414
1.0
0.0110154
0.376035
0.392953
0.407783
0.443127
1.0
0.0109809
-0.00273787
0.809936
0.0681875
0.935788
1.0
0.0109328
0.318979
0.508232
0.408561
0.650749
1.0
0.0109287
0.967099
0.48206
0.998632
0.545913
1.0
0.0109159
0.179777
0.870411
0.290544
0.99264
1.0
0.0109089
0.395867
0.588637
0.434686
0.644673
1.0
0.0109079
0.618504
0.905079
0.737833
1.00643
1.0
0.0108465
0.599276
0.347619
0.701244
0.519215
1.0
0.0108459
0.660567
0.510587
0.760858
0.665913
1.0
0.0108346
0.243702
0.71789
0.281905
0.775245
1.0
0.0108268
-0.00153544
0.546829
0.0616756
0.667687
1.0
0.0107303
0.26916
0.656073
0.307278
0.7106
1.0
0.0107039
0.400624
0.423769
0.432834
0.47413
1.0
0.0106912
0.119963
0.722847
0.158152
0.779632
1.0
0.0106843
0.577912
0.125304
0.67696
0.261472
1.0
0.0106751
0.400075
0.386778
0.435807
0.442919
1.0
0.0106747
0.729973
0.493652
0.815807
0.639138
1.0
0.0106169
0.637791
0.455242
0.681904
0.527284
1.0
0.0106062
0.772255
0.527979
0.805854
0.587095
1.0
0.0105893
0.32045
0.724037
0.360921
0.780621
1.0
0.0105806
0.638549
0.647758
0.684597
0.715996
1.0
0.0105685
0.385139
0.710456
0.436395
0.781761
1.0
0.010556
0.559271
0.565753
0.680684
0.76854
1.0
0.0105344
0.356568
0.225997
0.445278
0.36736
1.0
0.0105252
0.189769
0.853928
0.23071
0.910566
1.0
0.0105084
0.584427
0.642898
0.638591
0.72112
1.0
0.0105032
0.00243138
0.548855
0.0350944
0.610179
1.0
0.0104984
0.349702
0.406472
0.434323
0.552649
1.0
0.0104725
0.148639
0.46058
0.180019
0.505898
1.0
0.0104506
0.342221
0.627962
0.379053
0.679531
1.0
0.0104482
0.143031
0.752244
0.183675
0.811792
1.0
0.0104342
0.463961
0.676327
0.518109
0.749472
1.0
0.0104296
0.40303
0.46203
0.434821
0.509818
1.0
0.0104125
0.941551
0.550516
0.988193
0.619175
1.0
0.0103683
0.531641
0.316998
0.730272
0.655226
1.0
0.0103467
0.244631
0.660256
0.281026
0.71432
1.0
0.0103372
0.293791
0.650766
0.330353
0.705038
1.0
0.0103298
0.851655
0.87944
0.9657
0.998953
1.0
0.0103017
0.760611
0.953735
0.808636
1.00139
1.0
0.0102737
0.344937
0.717632
0.388821
0.779509
1.0
0.0102689
0.819786
0.498432
0.850918
0.548408
1.0
0.0102616
0.724722
0.739767
0.840309
0.872023
1.0
0.0102548
0.368963
0.686894
0.412125
0.748537
1.0
0.0101942
0.375467
0.424541
0.405738
0.471687
1.0
0.0101804
0.585883
0.187366
0.631508
0.252141
1.0
0.0101572
0.0947512
0.790636
0.131284
0.841892
1.0
0.0101225
0.440343
0.710252
0.491421
0.778477
1.0
0.0101062
0.505502
0.670233
0.567407
0.75686
1.0
0.0100601
0.510039
0.739948
0.564625
0.81307
1.0
0.0100599
0.571401
0.270732
0.682339
0.42746
1.0
0.010053
0.589331
0.417313
0.638497
0.4888
1.0
0.0100279
0.111268
0.633121
0.210949
0.766418
1.0
0.0100143
0.415181
0.683867
0.460939
0.746793
