1.0
0.972318
0.409915
0.286976
0.56368
0.549178
1.0
0.352704
0.336688
0.289121
0.767266
0.906817
1.0
0.0923827
-0.0257802
0.63854
0.33234
1.11524
1.0
0.0375191
0.137108
0.49595
0.656645
1.14245
1.0
0.0374285
0.375163
0.246948
0.469646
0.439443
1.0
0.0354992
0.749358
0.742635
1.00817
1.01506
1.0
0.032608
0.533428
0.442701
0.942509
1.01941
1.0
0.0274065
0.531486
0.399807
0.63127
0.547615
1.0
0.0272234
0.0114736
0.946338
0.0595377
0.997456
1.0
0.0272044
0.644813
0.54395
0.73998
0.693065
1.0
0.0257778
0.848645
0.529623
0.93551
0.680216
1.0
0.024956
0.768245
0.460786
0.799169
0.517371
1.0
0.0246839
0.600287
0.610777
0.697834
0.741504
1.0
0.0240048
0.783591
0.548038
0.884026
0.690722
1.0
0.0236994
0.963999
0.952045
0.999186
0.99755
1.0
0.0232454
0.393357
0.31198
0.440655
0.391928
1.0
0.0231921
0.694351
0.538753
0.797424
0.697427
1.0
0.021652
0.870436
0.544902
0.914152
0.616198
1.0
0.0213749
0.639589
0.681504
0.727141
0.816026
1.0
0.0211209
0.675398
0.480198
0.769166
0.612179
1.0
0.0203613
0.671471
0.511496
0.714756
0.576287
1.0
0.0200475
0.915685
0.519435
0.994992
0.686433
1.0
0.0200193
0.963759
0.517956
0.999147
0.588846
1.0
0.0198582
0.616046
0.481901
0.717121
0.620191
1.0
0.0198313
0.560892
0.555366
0.666936
0.702969
1.0
0.0197202
0.502029
0.650407
0.538835
0.70474
1.0
0.019658
0.591175
0.644431
0.637275
0.702899
1.0
0.0196232
0.723907
0.437349
0.908707
0.727115
1.0
0.0195985
0.665187
0.581757
0.708722
0.649367
1.0
0.0194671
0.726335
0.434697
0.804042
0.564495
1.0
0.0193301
0.960408
0.576481
0.999848
0.654784
1.0
0.0191488
0.508875
0.283516
0.561929
0.366607
1.0
0.0191258
0.66847
0.6524
0.710473
0.710549
1.0
0.0191137
0.642532
0.686344
0.686536
0.745575
1.0
0.0185271
0.638624
0.651793
0.682162
0.710928
1.0
0.0182095
0.818491
0.519027
0.857969
0.582054
1.0
0.0181939
0.745637
0.478489
0.78616
0.5466
1.0
0.0180095
0.844507
0.548764
0.886517
0.615165
1.0
0.0179435
0.317115
0.511542
0.42868
0.652862
1.0
0.0178472
0.72991
0.601313
0.838098
0.748044
1.0
0.0178243
0.57882
0.497126
0.771591
0.771504
1.0
0.017771
0.0672163
0.950622
0.112864
0.998219
1.0
0.0177536
0.962958
0.648303
1.0003
0.716014
1.0
0.0176822
0.69401
0.492621
0.736053
0.555923
1.0
0.0176222
0.69558
0.622316
0.738634
0.686695
1.0
0.0174428
0.666638
0.72213
0.706524
0.775309
1.0
0.0173495
0.821288
0.487586
0.85646
0.544347
1.0
0.0173023
0.610588
0.624864
0.655308
0.684715
1.0
0.0170301
0.267984
0.756365
0.306251
0.813196
1.0
0.0170298
0.766105
0.480871
0.860043
0.621105
1.0
0.0167775
0.640521
0.584256
0.685452
0.652609
1.0
0.0167241
0.565498
0.419037
0.615446
0.493031
1.0
0.0166711
0.716833
0.487228
0.758807
0.551117
1.0
0.0166359
0.71125
0.649269
0.756559
0.708115
1.0
0.0166333
0.261249
0.94584
0.309016
0.996019
1.0
0.0165577
0.474349
0.229902
0.582175
0.406753
1.0
0.0164834
0.245694
0.731404
0.281571
0.780929
1.0
0.0164521
0.91075
0.572692
0.959162
0.651487
1.0
0.0161425
0.51293
0.612284
0.609628
0.73468
1.0
0.0161417
0.964322
0.786584
0.998033
0.842146
1.0
0.0161087
0.715342
0.584829
0.760076
0.652628
1.0
0.0160694
0.379288
0.165087
0.479003
0.328008
1.0
0.0159291
0.158349
0.826259
0.34563
1.02982
1.0
0.0156775
0.389412
0.249995
0.436319
0.336809
1.0
0.0156071
0.00173305
0.834444
0.141591
1.00106
1.0
0.0155105
0.930083
0.892757
0.999873
0.996967
1.0
0.0154898
0.409402
0.281284
0.457991
0.365642
1.0
0.0154801
0.322662
0.360562
0.514944
0.625609
1.0
0.015408
0.374692
0.317431
0.414179
0.381621
1.0
0.0153292
0.643506
0.513328
0.687049
0.577542
1.0
0.015318
0.436589
0.282293
0.487974
0.363813
1.0
0.0151108
0.640213
0.417311
0.738182
0.559783
1.0
0.0151012
0.533205
0.376065
0.582223
0.449461
1.0
0.0151012
0.890912
0.525914
0.934326
0.595381
1.0
0.0150941
0.454561
0.46622
0.522706
0.552605
1.0
0.0150827
0.672676
0.642138
0.763675
0.775754
1.0
0.0150498
0.539965
0.443071
0.591536
0.515127
1.0
0.0150121
0.716201
0.95756
0.754797
0.996608
1.0
0.0149769
0.620338
0.720816
0.658608
0.771118
1.0
0.0148894
0.844535
0.486752
0.880003
0.546956
1.0
0.0148685
0.417463
0.442203
0.469533
0.518026
1.0
0.0148024
0.484399
0.314824
0.545267
0.39793
1.0
0.0147675
0.963862
0.719384
1.00019
0.781859
1.0
0.0146849
0.507686
0.341818
0.562079
0.42707
1.0
0.0146346
0.939013
0.544292
0.988852
0.622344
1.0
0.014551
0.225024
0.720578
0.310446
0.853971
1.0
0.0145444
0.717415
0.723711
0.762502
0.776499
1.0
0.014341
0.814971
0.58192
0.86032
0.646646
1.0
0.0142987
0.765317
0.50998
0.804369
0.576232
1.0
0.0142738
0.671725
0.957533
0.70865
0.995949
1.0
0.014209
0.668496
0.758343
0.707656
0.810611
1.0
0.0141703
0.115658
0.949527
0.161244
0.997584
1.0
0.014096
0.693347
0.958558
0.732388
0.997713
1.0
0.0139901
0.267303
0.787255
0.307923
0.843138
1.0
0.013915
0.868776
0.488051
0.905717
0.550728
1.0
0.0139089
0.530411
0.311674
0.58086
0.391577
1.0
0.0138823
0.824926
0.453049
0.909206
0.597451
1.0
0.0138674
0.562246
0.663014
0.668943
0.800765
1.0
0.013771
0.42896
0.445334
0.618883
0.741494
1.0
0.0137389
0.866678
0.611898
0.910745
0.679162
1.0
0.013708
0.695486
0.724568
0.736105
0.775603
1.0
0.0137077
0.715997
0.688039
0.760554
0.745618
1.0
0.0136499
0.083197
0.119475
0.51549
0.766576
1.0
0.0136455
0.867508
0.961779
0.905094
0.996757
1.0
0.0136358
0.841978
0.614605
0.886928
0.681598
1.0
0.0135709
0.438541
0.525451
0.539251
0.686654
1.0
0.0135622
0.486856
0.252684
0.540649
0.330586
1.0
0.0135278
0.641907
0.755823
0.728246
0.892676
1.0
0.0134517
0.796855
0.518963
0.834212
0.578219
1.0
0.0134295
0.580552
0.383196
0.674947
0.519254
1.0
0.0133414
0.940817
0.60703
0.989383
0.682887
1.0
0.013305
0.428219
0.145977
0.5408
0.312369
1.0
0.0132687
0.0400547
0.952453
0.0868244
1.00021
1.0
0.0132229
0.218739
0.79245
0.255254
0.844114
1.0
0.0132169
0.668136
0.789745
0.705221
0.840457
1.0
0.0131911
0.43904
0.508295
0.489382
0.578147
1.0
0.0131856
0.0743131
0.72544
0.264862
0.976458
1.0
0.0131845
0.243945
0.558784
0.337717
0.684944
1.0
0.0131785
0.93591
0.682928
1.00555
0.810948
1.0
0.0131569
0.613224
0.586567
0.660242
0.656505
1.0
0.0131459
0.966753
0.821522
0.998401
0.873482
1.0
0.0131217
0.085401
0.873578
0.19166
0.99377
1.0
0.0130619
0.514841
0.303219
0.622137
0.479655
1.0
0.0130419
0.243968
0.590119
0.281239
0.647172
1.0
0.0129904
0.172409
0.457626
0.204643
0.507419
1.0
0.0129643
0.434587
0.34453
0.489545
0.427067
1.0
0.012959
0.596582
0.720129
0.632743
0.768657
1.0
0.0129559
0.817629
0.961941
0.854979
0.997076
1.0
0.012882
0.889496
0.608721
0.936831
0.679004
1.0
0.0128414
0.0130735
0.888734
0.0586416
0.952343
1.0
0.0128385
0.916798
0.959445
0.957521
0.997346
1.0
0.0128259
0.123578
0.457931
0.15437
0.505935
1.0
0.0127945
0.329077
0.324679
0.422922
0.480155
1.0
0.0127712
0.209012
0.600341
0.305974
0.746623
1.0
0.012742
0.89006
0.959982
0.930929
0.997641
1.0
0.0126932
0.609008
0.419745
0.655778
0.486883
1.0
0.012587
0.79234
0.462621
0.82555
0.515609
1.0
0.0125779
0.262944
0.6873
0.351596
0.827821
1.0
0.0125486
0.272632
0.462221
0.371774
0.590495
1.0
0.0125429
0.415334
0.37661
0.465814
0.456478
1.0
0.0125269
0.244321
0.45764
0.280412
0.512501
1.0
0.0125265
0.812867
0.603584
0.913517
0.74935
1.0
0.0124667
0.439359
0.0825506
0.540827
0.2187
1.0
0.0124049
0.640478
0.447502
0.683774
0.516215
1.0
0.0123981
0.414228
0.512607
0.46133
0.58057
1.0
0.0123849
0.272806
0.558774
0.308815
0.613645
1.0
0.0123287
0.716609
0.548253
0.760497
0.615914
1.0
0.0121938
0.966489
0.85599
0.999366
0.909476
1.0
0.0121771
0.915685
0.653761
0.95797
0.713057
1.0
0.012166
0.966938
0.451947
0.999412
0.521237
1.0
0.012139
0.914726
0.405557
0.994709
0.595404
1.0
0.0121195
0.190002
0.953483
0.234146
0.9993
1.0
0.012092
0.69439
0.685905
0.735307
0.741458
1.0
0.0120511
0.0683121
0.890284
0.110602
0.950645
1.0
0.0120376
0.145614
0.459048
0.177761
0.507942
1.0
0.0120291
0.614332
0.482649
0.659557
0.548722
1.0
0.0120009
0.76598
0.584024
0.809732
0.647885
1.0
0.0119442
0.64552
0.758294
0.686013
0.81146
1.0
0.01192
0.620952
0.759324
0.658176
0.808877
1.0
0.0118963
0.495387
0.358233
0.692619
0.624945
1.0
0.0118471
0.294967
0.528013
0.333462
0.583555
1.0
0.0118202
0.737671
0.653502
0.783174
0.711554
1.0
0.0117611
0.247839
0.79267
0.28594
0.843253
1.0
0.0117422
0.220479
0.757054
0.255347
0.808155
1.0
0.0117208
0.165063
0.953436
0.207706
0.998503
1.0
0.0116693
0.154583
0.799284
0.252916
0.941148
1.0
0.0116613
0.221955
0.457895
0.256133
0.510052
1.0
0.0116204
0.643075
0.373249
0.833081
0.66906
1.0
0.0116035
0.693948
0.54684
0.735973
0.614749
1.0
0.0115986
0.217746
0.828953
0.25488
0.881833
1.0
0.0115982
0.939957
0.754492
0.988512
0.819994
1.0
0.011575
0.534647
0.653659
0.577595
0.707693
1.0
0.0115301
0.768012
0.551486
0.808084
0.613525
1.0
0.0114905
0.717563
0.68539
0.813384
0.813089
1.0
0.0114881
0.271302
0.490366
0.305432
0.540476
1.0
0.0114873
0.765417
0.655116
0.809242
0.712144
1.0
0.0114748
0.102648
0.600719
0.209604
0.749933
1.0
0.0114329
0.842225
0.961049
0.881807
0.997173
1.0
0.0113731
0.741248
0.549565
0.784028
0.615344
1.0
0.0113503
0.288792
0.728346
0.325325
0.780303
1.0
0.0113111
0.893735
0.489435
0.931603
0.55431
1.0
0.0113029
0.269911
0.587475
0.307845
0.646237
1.0
0.0112651
0.317304
0.551262
0.363573
0.613679
1.0
0.0112289
0.593522
0.678534
0.636389
0.736973
1.0
0.0112284
0.0148089
0.858117
0.0585229
0.914501
1.0
0.0112059
0.24496
0.561038
0.282452
0.616223
1.0
0.0111985
0.72046
0.423229
0.753289
0.481944
1.0
0.0111934
0.615933
0.682064
0.658746
0.739775
1.0
0.011186
0.0879155
0.919446
0.136033
0.985343
1.0
0.0111503
0.292884
0.586555
0.33308
0.646172
1.0
0.0111421
0.241253
0.78373
0.329928
0.917504
1.0
0.0111239
0.162864
0.584367
0.256404
0.717174
1.0
0.0111224
0.647365
0.789602
0.684462
0.838739
1.0
0.0111218
0.297241
0.577026
0.398563
0.718627
1.0
0.0111017
0.463475
0.610429
0.547548
0.739077
1.0
0.0110733
0.665775
0.45407
0.707448
0.522214
1.0
0.0110179
0.270382
0.457955
0.305158
0.510517
1.0
0.0110112
0.765299
0.690705
0.809367
0.745606
1.0
0.0110029
0.273864
0.529033
0.308648
0.581527
1.0
0.0109834
0.218588
0.406922
0.305514
0.536198
1.0
0.0109711
0.614176
0.547432
0.660605
0.619811
1.0
0.0109413
0.132782
0.915907
0.18273
0.98431
1.0
0.0109333
0.00361062
0.48839
0.0340105
0.542797
1.0
0.0109313
0.695623
0.458083
0.734759
0.52245
1.0
0.0109134
0.194028
0.757234
0.233068
0.81113
1.0
0.010894
0.890426
0.654626
0.935988
0.713192
1.0
0.0108861
0.79473
0.552975
0.835321
0.615141
1.0
0.0108856
0.352995
0.558649
0.463253
0.720172
1.0
0.0108781
0.0600592
0.800133
0.170742
0.939373
1.0
0.0108707
0.866188
0.632146
0.963218
0.784448
1.0
0.010869
0.285734
0.0695754
0.569328
0.483512
1.0
0.010822
0.915879
0.489619
0.952087
0.553802
1.0
0.0108171
0.217278
0.956363
0.257835
0.999209
1.0
0.0108039
0.873779
0.455561
0.95954
0.624554
1.0
0.0107581
0.0125981
0.818119
0.0584411
0.878638
1.0
0.0107562
0.845171
0.470489
0.99219
0.768972
1.0
0.0107358
-0.00275842
0.761793
0.0710565
0.873574
1.0
0.0107093
0.195909
0.4582
0.230198
0.51061
1.0
0.0106751
0.345546
0.655455
0.383183
0.710316
1.0
0.0106555
0.406495
0.208745
0.456511
0.293265
1.0
0.0106329
0.0675295
0.86507
0.108311
0.917175
1.0
0.0106264
0.265671
0.819249
0.306354
0.875718
1.0
0.0106072
0.243461
0.857848
0.283048
0.909944
1.0
0.0105917
0.221897
0.728752
0.257385
0.779113
1.0
0.0105804
0.966859
0.891974
0.999014
0.94523
1.0
0.0105443
0.766806
0.96349
0.805073
0.999666
1.0
0.01053
0.340674
0.521903
0.388095
0.587189
1.0
0.0105112
0.378344
0.0190698
0.575539
0.257578
1.0
0.0105108
0.00413091
0.523882
0.0349429
0.577992
1.0
0.0105008
0.737374
0.616071
0.78314
0.68203
1.0
0.0104501
0.916529
0.928399
0.961608
0.979136
1.0
0.0104334
0.164095
0.721033
0.258608
0.864934
1.0
0.0104011
0.19459
0.727897
0.232182
0.779144
1.0
0.0103883
0.366396
0.517893
0.413449
0.582535
1.0
0.010377
0.33375
0.210732
0.425739
0.367758
1.0
0.0103227
0.323472
0.421904
0.425637
0.568168
1.0
0.0103113
0.194956
0.594553
0.230747
0.649336
1.0
0.0102846
0.220136
0.594372
0.256005
0.650121
1.0
0.010241
0.245811
0.526359
0.280983
0.578587
1.0
0.0102361
0.570069
0.625745
0.616252
0.686708
1.0
0.0102176
0.347038
0.723183
0.381515
0.771937
1.0
0.0102106
0.888412
0.926624
0.931134
0.976131
1.0
0.0101917
0.0715298
0.405827
0.154872
0.536855
1.0
0.0101795
0.171255
0.595895
0.206111
0.647639
1.0
0.0101524
0.173709
0.425337
0.205676
0.475686
1.0
0.0101123
0.865522
0.654325
0.909527
0.711414
1.0
0.0100965
0.794826
0.395593
0.878413
0.536389
1.0
0.0100781
0.935486
0.783993
1.00375
0.902781
1.0
0.010009
0.214179
0.856311
0.254608
0.911735
