1.0
0.902919
0.503689
0.258015
0.716065
0.564051
1.0
0.0397689
0.177715
0.378061
0.651262
0.99847
1.0
0.0364067
0.0129596
0.606198
0.0538165
0.671109
1.0
0.0327474
0.00218001
0.00243506
0.0359451
0.0546133
1.0
0.028412
0.12658
0.588099
0.197537
0.720428
1.0
0.0270343
0.000159755
0.823099
0.0623445
0.94389
1.0
0.0246448
0.00453468
0.553926
0.0371208
0.619656
1.0
0.0245616
0.343948
0.717189
0.781856
1.03308
1.0
0.0245293
0.760592
0.712294
1.01862
1.02049
1.0
0.0238443
0.00399396
0.648343
0.0368401
0.711257
1.0
0.0237094
0.00251684
0.751426
0.0365971
0.813223
1.0
0.0233503
0.148347
0.64707
0.183982
0.70518
1.0
0.0230257
0.000191521
0.279577
0.0546857
0.412618
1.0
0.0229479
0.572126
0.215434
0.696588
0.390582
1.0
0.0226398
0.00102537
0.602839
0.0730807
0.735357
1.0
0.0226347
-0.000308976
0.685041
0.0766559
0.828008
1.0
0.0223962
0.251303
0.628202
0.347777
0.752961
1.0
0.0211264
0.142547
0.59328
0.18066
0.656019
1.0
0.0210922
0.0055976
-0.0106688
0.0742977
0.0871467
1.0
0.020846
0.00286068
0.821149
0.0362672
0.882984
1.0
0.0201919
0.268613
0.656791
0.312566
0.718906
1.0
0.0199842
0.219989
0.552994
0.312099
0.684771
1.0
0.0198723
0.242612
0.657241
0.284055
0.714838
1.0
0.019791
0.167452
0.620861
0.249736
0.751022
1.0
0.0196173
0.077793
0.549125
0.160924
0.68544
1.0
0.0195425
0.0138961
0.679131
0.0546442
0.741459
1.0
0.0187839
0.000426037
0.411897
0.053959
0.54365
1.0
0.0186136
0.0716857
0.647068
0.15485
0.785054
1.0
0.0182557
0.00184084
0.946707
0.0364407
0.994946
1.0
0.0178203
-0.0108185
0.820171
0.132474
1.01619
1.0
0.0177265
0.220507
0.673616
0.326197
0.809898
1.0
0.0176254
0.612603
0.376633
0.665674
0.447141
1.0
0.0175308
0.000147751
0.494563
0.0563301
0.623799
1.0
0.0173138
0.119766
0.494815
0.200764
0.633931
1.0
0.0172788
0.218215
0.623256
0.255599
0.678349
1.0
0.0170026
0.288183
0.546074
0.391358
0.681962
1.0
0.0170019
0.219898
0.656471
0.25641
0.711046
1.0
0.0169297
0.127341
0.745149
0.205745
0.894492
1.0
0.0166029
0.655215
0.618229
0.779533
0.763427
1.0
0.0165283
0.00466491
0.855186
0.037562
0.917187
1.0
0.0165007
0.12451
0.588606
0.161158
0.64626
1.0
0.0163121
0.269164
0.621308
0.310832
0.680231
1.0
0.016193
0.0148597
0.724881
0.0563576
0.787433
1.0
0.0161323
0.447123
0.308704
0.81375
0.864682
1.0
0.0160698
0.167713
0.685847
0.20306
0.742386
1.0
0.0160036
0.679549
0.24906
0.773582
0.40177
1.0
0.0157951
0.665765
0.951269
0.712365
0.998596
1.0
0.0157372
0.0333749
0.712879
0.122552
0.854112
1.0
0.0156524
0.162245
0.624593
0.198294
0.680915
1.0
0.0155344
0.511738
0.701368
0.61768
0.849039
1.0
0.0154828
0.166696
0.749962
0.203887
0.808368
1.0
0.0153466
0.589487
0.249348
0.638374
0.320499
1.0
0.0152015
0.59581
0.834488
0.772881
1.0257
1.0
0.0152009
0.0399293
0.597146
0.0733724
0.65129
1.0
0.0151273
0.0692171
0.65347
0.102844
0.706445
1.0
0.0150328
0.0942317
0.656256
0.128269
0.709031
1.0
0.0149912
0.274366
0.661409
0.395478
0.817081
1.0
0.0149531
0.119707
0.723503
0.152611
0.772378
1.0
0.01493
0.24123
0.621872
0.285357
0.682699
1.0
0.0148583
0.123924
0.651021
0.159713
0.706335
1.0
0.014782
0.220168
0.686909
0.255066
0.739501
1.0
0.0147749
0.63261
0.35199
0.684841
0.420203
1.0
0.0147414
0.328084
0.611678
0.441908
0.752246
1.0
0.0147278
0.0390305
0.58893
0.118174
0.717547
1.0
0.0146885
0.0977167
0.719086
0.132104
0.770279
1.0
0.0145875
0.268413
0.587684
0.311765
0.649799
1.0
0.0145485
0.171555
0.481023
0.26088
0.623235
1.0
0.0145226
0.00218689
0.0491913
0.0316225
0.110553
1.0
0.0145213
0.0110747
0.919667
0.0561401
0.984337
1.0
0.0144858
0.714328
0.67431
0.830973
0.818649
1.0
0.014443
0.339288
0.472182
0.442938
0.624059
1.0
0.0143507
0.0739915
0.448752
0.156965
0.587941
1.0
0.0143195
0.197938
0.594636
0.230943
0.644801
1.0
0.014287
0.00250255
0.383564
0.0352389
0.455509
1.0
0.0142805
0.096743
0.589015
0.131379
0.641935
1.0
0.014276
0.217654
0.590754
0.255746
0.646894
1.0
0.0142669
0.196928
0.625995
0.2304
0.676285
1.0
0.0142643
0.588419
0.31938
0.639523
0.389758
1.0
0.0142176
0.159599
0.71022
0.247237
0.853953
1.0
0.0141474
0.583766
0.680458
0.7069
0.830259
1.0
0.0140551
0.0410387
0.653668
0.0758378
0.709548
1.0
0.014013
0.0365346
0.749883
0.076092
0.809871
1.0
0.0138257
0.562402
0.248997
0.61164
0.320843
1.0
0.0137911
0.163213
0.595636
0.199135
0.650721
1.0
0.0137704
0.194395
0.658822
0.228657
0.709446
1.0
0.0137044
0.417627
0.401781
0.51758
0.56296
1.0
0.0136891
0.617153
0.953579
0.657504
0.998459
1.0
0.013596
0.31614
0.62353
0.358189
0.681234
1.0
0.0135898
0.113336
0.0143902
0.163358
0.0811591
1.0
0.0135803
0.362112
0.546868
0.463974
0.680496
1.0
0.013561
0.311734
0.6542
0.356743
0.715549
1.0
0.0134382
0.0668982
0.593166
0.09965
0.645106
1.0
0.013393
0.142907
0.559211
0.179836
0.61917
1.0
0.0133749
0.121659
0.418589
0.207626
0.55565
1.0
0.0133414
0.241878
0.472457
0.343145
0.61927
1.0
0.0133177
0.241578
0.589542
0.284165
0.649523
1.0
0.013305
0.288844
0.679437
0.33562
0.74337
1.0
0.01325
0.0663971
0.783464
0.159797
0.933852
1.0
0.0132362
0.243338
0.716871
0.284672
0.773036
1.0
0.0131839
0.571885
0.916976
0.614996
0.977173
1.0
0.0131639
0.568399
0.952193
0.608958
0.997104
1.0
0.0129579
0.267807
0.713277
0.311769
0.775697
1.0
0.0128693
0.210741
-0.00959629
0.634145
0.664087
1.0
0.0128596
-0.00673399
0.560732
0.137961
0.82248
1.0
0.0128346
0.625168
0.304939
0.746639
0.469792
1.0
0.012785
0.648159
0.700159
0.778302
0.853828
1.0
0.0127663
0.209816
0.479878
0.38271
0.792356
1.0
0.0126836
0.627466
0.908577
0.723408
1.00572
1.0
0.0126415
0.0946573
0.00245164
0.135914
0.0508762
1.0
0.0125318
0.732828
0.146801
1.02612
0.919214
1.0
0.0125094
0.56515
0.750419
0.669673
0.893489
1.0
0.0124926
0.164293
0.821153
0.200958
0.879213
1.0
0.0124774
0.316463
0.587747
0.360728
0.648937
1.0
0.0124746
0.119422
0.521677
0.155718
0.57694
1.0
0.01247
0.145481
0.527149
0.179078
0.580388
1.0
0.0124667
0.552994
0.876248
0.642112
0.994181
1.0
0.0123671
0.613214
0.920041
0.656109
0.97777
1.0
0.01225
0.150624
0.684265
0.184409
0.738824
1.0
0.0121948
0.0953055
0.518027
0.131734
0.573434
1.0
0.0121893
0.0419862
0.530672
0.0744345
0.58312
1.0
0.0121008
0.150547
0.72412
0.183642
0.775679
1.0
0.0120786
0.762102
0.95117
0.81112
0.998456
1.0
0.0119854
0.612378
0.21298
0.662118
0.283669
1.0
0.0119627
0.0684635
0.453288
0.104254
0.511951
1.0
0.0119382
0.514305
0.198965
0.622263
0.352967
1.0
0.0119255
0.165656
0.556524
0.201241
0.611409
1.0
0.011783
0.49492
0.803867
0.667161
1.02211
1.0
0.0117526
0.469576
0.321492
0.579143
0.503218
1.0
0.0117128
0.164795
0.951542
0.20629
0.997312
1.0
0.0115667
0.745142
0.619473
0.855856
0.7569
1.0
0.0115529
0.366561
0.5867
0.412513
0.648604
1.0
0.0115481
0.59082
0.95108
0.63343
0.998451
1.0
0.0114846
0.0696751
0.523139
0.103375
0.575937
1.0
0.0114773
0.0388633
0.405283
0.121468
0.551233
1.0
0.0114715
0.708635
0.912071
0.81901
1.00523
1.0
0.0114411
0.610936
0.283885
0.659585
0.354141
1.0
0.0113404
0.0583512
0.481302
0.201187
0.763549
1.0
0.0113137
0.0406168
0.486692
0.119107
0.617213
1.0
0.0113114
0.26787
0.748559
0.312126
0.810168
1.0
0.0112987
0.340621
0.58783
0.386478
0.647878
1.0
0.0112801
0.612383
0.415438
0.736165
0.589127
1.0
0.0112777
0.411893
0.538443
0.523767
0.689772
1.0
0.0112752
0.606079
0.167285
0.710576
0.300417
1.0
0.0112702
0.063699
0.622214
0.099121
0.678999
1.0
0.0112361
0.513356
0.715772
0.561111
0.780961
1.0
0.0112207
0.0692254
-0.00104125
0.111278
0.0498867
1.0
0.0112139
0.271
0.555106
0.312121
0.613245
1.0
0.0111427
0.687701
0.323851
0.73031
0.384063
1.0
0.0111173
0.00112582
0.257402
0.0348344
0.327055
1.0
0.0110915
0.641158
0.549716
0.74823
0.697121
1.0
0.0110834
0.0688331
0.723198
0.104065
0.774862
1.0
0.0110794
0.338344
0.651324
0.385762
0.713686
1.0
0.0110537
0.438151
0.668086
0.551411
0.835141
1.0
0.0110456
0.66335
0.251918
0.705533
0.313458
1.0
0.0110395
0.178457
0.654377
0.407025
0.966449
1.0
0.0110365
0.144198
0.918915
0.186925
0.981335
1.0
0.0110114
0.0960697
0.457352
0.132607
0.51438
1.0
0.0109928
0.412625
0.58497
0.458946
0.646427
1.0
0.0109792
0.341901
0.387955
0.533053
0.701075
1.0
0.0109329
0.16406
0.852311
0.200309
0.910431
1.0
0.0109283
0.544205
0.955977
0.584553
0.999981
1.0
0.010911
0.44322
0.46482
0.551966
0.62756
1.0
0.0108418
0.118351
0.488572
0.155045
0.544961
1.0
0.0108262
0.217934
0.521967
0.257143
0.579929
1.0
0.0108122
0.217791
0.555804
0.256299
0.613014
1.0
0.01077
0.536745
0.280827
0.591064
0.359545
1.0
0.0107622
0.16784
0.523554
0.2044
0.57923
1.0
0.010746
0.687402
0.645792
0.743404
0.71723
1.0
0.0107313
0.642571
0.924118
0.688337
0.98275
1.0
0.0107308
0.0931808
0.0124058
0.193386
0.159009
1.0
0.0106766
0.164715
0.785997
0.202068
0.845106
1.0
0.0105849
0.191333
0.688829
0.228577
0.743983
1.0
0.0105849
0.0943808
0.625075
0.129782
0.68024
1.0
0.0105536
0.235942
0.72833
0.352255
0.89191
1.0
0.0105491
0.711263
0.953749
0.758818
1.00014
1.0
0.0104435
0.770972
0.282259
0.849918
0.411945
1.0
0.0104342
0.119908
0.691798
0.151996
0.740549
1.0
0.0103984
0.705032
0.54857
0.816837
0.70368
1.0
0.0103679
0.18724
0.721286
0.225702
0.777843
1.0
0.0103344
0.144733
0.490121
0.179111
0.543347
1.0
0.0103269
0.120292
0.458874
0.155917
0.51388
1.0
0.0103227
0.013114
0.332553
0.0930796
0.493942
1.0
0.0102681
0.269779
0.522622
0.311071
0.581249
1.0
0.0102009
0.190467
0.405412
0.288783
0.555288
1.0
0.0101849
0.565153
0.746962
0.610965
0.809896
1.0
0.0101433
0.537845
0.72093
0.58722
0.784318
1.0
0.0101266
0.24274
0.75074
0.285845
0.809758
1.0
0.0100485
0.499917
0.583851
0.628835
0.751067
1.0
0.0100456
0.217764
0.717941
0.253776
0.772529
1.0
0.0100324
0.0706419
0.340295
0.161093
0.487432
