1.0
0.102806
0.308586
0.501615
0.663415
0.927336
1.0
0.0548306
0.0134661
0.609955
0.0537069
0.671332
1.0
0.046776
0.0803345
0.378773
0.505529
0.965726
1.0
0.0352128
0.0151234
0.748152
0.0597602
0.814204
1.0
0.0326076
0.00270836
0.743353
0.0796828
0.877002
1.0
0.0325697
0.0156064
0.650583
0.0547522
0.709596
1.0
0.0322099
0.00244151
0.822888
0.0355121
0.882141
1.0
0.0320882
0.126654
0.616923
0.197342
0.741989
1.0
0.0313292
0.0128318
0.919114
0.0584538
0.98556
1.0
0.0309951
0.0123249
0.856459
0.0525335
0.917854
1.0
0.0300833
0.00371373
0.723018
0.0367785
0.781518
1.0
0.0299624
0.00184318
0.00197409
0.0339264
0.0509786
1.0
0.029681
0.0057364
0.609378
0.0751301
0.731595
1.0
0.0289471
0.0154335
0.682098
0.0557793
0.74082
1.0
0.0285564
0.1654
0.0381398
0.655169
0.669983
1.0
0.0284273
0.147359
0.650888
0.183866
0.707673
1.0
0.0274495
0.00382642
0.820175
0.0779299
0.950413
1.0
0.0270886
0.00463565
0.884225
0.0365618
0.944774
1.0
0.0269232
0.751568
0.660391
1.02848
1.01632
1.0
0.0262497
0.407859
0.0892146
0.939209
0.783548
1.0
0.0247951
0.0724163
0.686941
0.157439
0.813993
1.0
0.0245563
0.00274567
0.947098
0.036845
0.99461
1.0
0.0245508
0.00367341
0.557253
0.0368241
0.620222
1.0
0.0231347
0.101443
0.553452
0.180814
0.688333
1.0
0.0226599
0.0370183
0.720275
0.118003
0.843964
1.0
0.0223972
0.0383124
0.726832
0.0766387
0.784187
1.0
0.0220607
0.220138
0.610563
0.317407
0.752855
1.0
0.0216329
0.0404591
0.656953
0.0743742
0.708273
1.0
0.021574
0.165398
0.687196
0.200169
0.740666
1.0
0.0212648
0.162592
0.624038
0.199102
0.681131
1.0
0.0212364
0.00317039
0.790261
0.0350454
0.847783
1.0
0.0212117
0.424761
0.587029
0.587944
0.801183
1.0
0.0211542
0.242618
0.537265
0.334394
0.695261
1.0
0.0207996
0.163257
0.755914
0.200624
0.810853
1.0
0.0206355
0.0726368
0.60865
0.154906
0.734081
1.0
0.0206076
0.167592
0.618217
0.253874
0.74687
1.0
0.0205099
0.0381645
0.619446
0.0718361
0.671255
1.0
0.0200793
0.130107
0.686626
0.204722
0.813457
1.0
0.0200238
0.070252
0.655089
0.103749
0.70418
1.0
0.0200112
-0.00354996
0.63555
0.23427
1.08508
1.0
0.0198123
0.0678135
0.727408
0.102319
0.778556
1.0
0.0197738
0.0406552
0.780869
0.078655
0.836476
1.0
0.0194983
0.0646891
0.756347
0.103042
0.812628
1.0
0.0194722
0.0983177
0.725627
0.131029
0.774606
1.0
0.0192178
0.00687031
-0.0134608
0.075613
0.0791545
1.0
0.0191735
0.218528
0.653288
0.258444
0.70969
1.0
0.0190956
0.121399
0.652197
0.15774
0.706237
1.0
0.0190883
0.321144
0.617945
0.357829
0.676703
1.0
0.0188339
0.26568
0.650119
0.312312
0.717716
1.0
0.0188313
0.0947118
0.653681
0.12955
0.704826
1.0
0.0187404
0.121396
0.725613
0.153985
0.774443
1.0
0.0187114
0.0368984
0.788431
0.126048
0.921353
1.0
0.0185213
0.165072
0.723613
0.201771
0.778171
1.0
0.0180549
0.121472
0.758274
0.153758
0.806195
1.0
0.0180423
0.0144506
0.495638
0.0916872
0.625461
1.0
0.0180144
0.1434
0.593015
0.181879
0.654751
1.0
0.0179482
0.283079
0.637095
0.389838
0.800433
1.0
0.0178796
0.000366703
0.275276
0.0581962
0.397399
1.0
0.0178554
0.0729874
0.4793
0.156149
0.612763
1.0
0.0178431
0.0945682
0.757641
0.12979
0.810508
1.0
0.0177908
0.368403
0.546303
0.500995
0.712073
1.0
0.0176694
0.1216
0.588242
0.157502
0.645846
1.0
0.017611
0.00370251
0.524719
0.0353295
0.584737
1.0
0.0175705
0.294423
0.547082
0.383574
0.697274
1.0
0.0172353
0.00254756
0.481314
0.0343039
0.542684
1.0
0.0171462
0.217174
0.620764
0.257124
0.680969
1.0
0.0169694
0.0025715
0.567832
0.142762
0.815066
1.0
0.0169501
0.365695
0.811672
0.572958
1.03174
1.0
0.0167842
0.510475
0.565618
0.631352
0.74042
1.0
0.0167691
0.0379127
0.687657
0.0730955
0.740925
1.0
0.0167544
0.417071
0.615349
0.463365
0.681201
1.0
0.0166714
0.240334
0.652542
0.286562
0.714936
1.0
0.0165954
-0.000424221
0.422919
0.0563324
0.540838
1.0
0.0164231
0.234302
0.67535
0.340403
0.820849
1.0
0.0161754
0.100082
0.743995
0.181841
0.874095
1.0
0.0161607
0.0395154
0.410311
0.127655
0.549819
1.0
0.0160839
0.087512
0.413775
0.176261
0.556937
1.0
0.0160474
0.24233
0.688908
0.287464
0.749596
1.0
0.0158019
0.119951
0.493921
0.204213
0.634834
1.0
0.0156299
0.164533
0.594051
0.201891
0.651852
1.0
0.015518
0.0712849
0.828877
0.105754
0.879586
1.0
0.0154824
0.0375033
0.560115
0.118109
0.682166
1.0
0.01541
0.250157
0.46366
0.437681
0.772097
1.0
0.0153906
0.0675961
0.592332
0.101042
0.643013
1.0
0.0152188
0.151629
0.546121
0.321948
0.825963
1.0
0.0151685
0.51102
0.911879
0.603957
1.00605
1.0
0.0151314
0.193815
0.539408
0.283755
0.684726
1.0
0.0148966
0.113363
0.0141107
0.163036
0.0796694
1.0
0.014828
0.118721
0.521918
0.154819
0.576385
1.0
0.0148089
0.218913
0.689701
0.25754
0.744965
1.0
0.0147822
0.0963948
0.586739
0.132279
0.642533
1.0
0.0147351
0.0673107
0.69005
0.101611
0.740515
1.0
0.0147083
0.0651592
0.625451
0.101322
0.679982
1.0
0.0145735
0.435096
0.719818
0.845841
1.01303
1.0
0.0144069
0.0374819
0.954178
0.0770515
0.998149
1.0
0.0142565
0.0675489
0.452512
0.107807
0.51374
1.0
0.0142543
0.513187
0.946829
0.563554
0.996717
1.0
0.0142054
0.0964692
0.691807
0.1305
0.741323
1.0
0.0140672
0.0398094
0.824102
0.0771918
0.878377
1.0
0.0139562
0.0654377
0.957907
0.104048
0.999687
1.0
0.0138994
0.0927781
0.454947
0.134193
0.51719
1.0
0.0137866
0.054518
0.481843
0.205776
0.758081
1.0
0.0136731
0.514093
0.658399
0.640719
0.82692
1.0
0.013656
0.118047
-0.00279884
0.469231
0.370808
1.0
0.0136388
0.139392
0.783474
0.22286
0.92048
1.0
0.0135087
0.215916
0.586604
0.256991
0.649584
1.0
0.0134364
0.00214562
0.258231
0.0353563
0.325477
1.0
0.0134056
0.121226
0.690975
0.15442
0.739528
1.0
0.0133906
0.038846
0.860299
0.0756835
0.913942
1.0
0.0132832
0.159943
0.713382
0.252547
0.851205
1.0
0.013136
0.262313
0.713442
0.308188
0.777007
1.0
0.0129002
0.0967721
0.0031208
0.137873
0.051255
1.0
0.0128619
0.11601
0.488346
0.153665
0.546208
1.0
0.0127566
0.578582
0.609329
0.703477
0.770312
1.0
0.0127397
0.0405311
0.526898
0.0752075
0.580176
1.0
0.0127397
0.151371
0.791414
0.183261
0.839077
1.0
0.0127328
0.116402
0.457467
0.15391
0.514411
1.0
0.0127103
0.501062
0.487807
0.608703
0.652655
1.0
0.0126409
0.294393
0.615075
0.340451
0.683857
1.0
0.0125326
0.532709
0.57322
0.586759
0.655501
1.0
0.012523
0.123238
0.789756
0.155448
0.836061
1.0
0.0123827
0.402383
-0.0149475
0.835555
0.36345
1.0
0.0122585
0.306366
0.20437
0.425529
0.369423
1.0
0.012145
0.337133
0.644353
0.382187
0.708033
1.0
0.0121411
0.266954
0.579336
0.310817
0.651809
1.0
0.0121201
0.145188
0.526387
0.178937
0.578612
1.0
0.0120074
0.195294
0.658368
0.230815
0.708664
1.0
0.0119311
0.0949808
0.85102
0.131625
0.903371
1.0
0.0119061
0.00209167
0.418966
0.0334041
0.481888
1.0
0.0118546
0.335556
0.628568
0.464757
0.795127
1.0
0.0117982
0.241647
0.188096
0.334316
0.348173
1.0
0.0117531
0.0945418
0.517604
0.13375
0.575362
1.0
0.0117422
0.560118
0.955473
0.60672
1.0003
1.0
0.0116826
0.0159127
0.388813
0.0528925
0.449508
1.0
0.0116752
0.145437
0.413443
0.231749
0.554789
1.0
0.0116089
0.0646152
0.341208
0.159325
0.491984
1.0
0.0115845
0.0675009
0.922849
0.108007
0.980771
1.0
0.0115799
-0.00133577
0.345571
0.0584221
0.474088
1.0
0.011396
0.0685797
0.521804
0.105831
0.576917
1.0
0.0113577
0.552576
0.268014
0.660451
0.439749
1.0
0.0113468
0.168144
0.520395
0.20721
0.579066
1.0
0.0113214
0.142634
0.556893
0.180422
0.616651
1.0
0.0112805
0.121924
0.828849
0.155117
0.876506
1.0
0.0111982
0.19311
0.692032
0.229484
0.744488
1.0
0.0111829
0.240708
0.743986
0.287194
0.80922
1.0
0.0111472
0.130476
0.0328413
0.2499
0.203107
1.0
0.0111397
0.591777
0.481981
0.684199
0.629505
1.0
0.0111322
0.164475
0.275218
0.258331
0.427535
1.0
0.0110765
0.122895
0.342686
0.211531
0.48481
1.0
0.0110112
0.0669627
0.559103
0.103791
0.616131
1.0
0.0109492
0.443329
0.262139
0.672593
0.618297
1.0
0.0109262
0.165967
0.554794
0.20409
0.613863
1.0
0.0108469
0.00227703
0.0534982
0.0301581
0.109995
1.0
0.0108415
0.148756
0.823195
0.18363
0.875531
1.0
0.0108069
0.196189
0.622077
0.231862
0.676578
1.0
0.0107897
0.285984
0.681345
0.334015
0.748068
1.0
0.0107877
0.196221
0.590699
0.232406
0.647274
1.0
0.0107386
0.0403032
0.453108
0.0781173
0.513747
1.0
0.0107243
-0.0109415
0.165546
0.121014
0.419319
1.0
0.0106241
0.241328
0.582334
0.286006
0.650087
1.0
0.0105902
0.1366
0.00202154
0.184983
0.053675
1.0
0.0105443
0.711851
0.954957
0.755368
0.99808
1.0
0.0104528
0.645698
0.310771
0.729228
0.456668
1.0
0.010403
0.0362218
0.886519
0.072641
0.945639
1.0
0.0103864
0.672328
0.662559
0.805874
0.815476
1.0
0.0103063
0.213413
0.410572
0.308617
0.570993
1.0
0.0102945
0.214814
0.266769
0.307998
0.422177
1.0
0.0102872
0.0944196
-0.000141427
0.191203
0.130158
1.0
0.0102736
0.161378
0.0151578
0.215021
0.0835994
1.0
0.0102705
0.359696
0.118337
0.475526
0.253293
1.0
0.0101156
0.191028
0.720857
0.228943
0.773907
