1.0
0.128604
0.228365
0.34835
0.629034
0.881092
1.0
0.0450061
0.12964
0.583785
0.201621
0.712985
1.0
0.0393805
0.0103238
0.603258
0.0536651
0.67347
1.0
0.0352887
0.161542
0.65581
0.196549
0.70866
1.0
0.0347091
-0.010763
0.831693
0.110852
0.999436
1.0
0.03436
0.105714
0.526758
0.183809
0.661523
1.0
0.0337533
0.197527
0.587301
0.289615
0.717257
1.0
0.0327971
0.145361
0.620469
0.18536
0.68602
1.0
0.031712
0.00219706
0.00257696
0.0352188
0.0529026
1.0
0.0307438
0.263479
0.448751
0.476396
0.728818
1.0
0.0304606
0.00204796
0.714416
0.0770373
0.848731
1.0
0.0295207
-0.00329796
0.788406
0.0641842
0.911796
1.0
0.0292524
0.00295992
0.553917
0.0376027
0.623402
1.0
0.0290633
0.139313
0.495495
0.221918
0.634089
1.0
0.0285857
0.244178
0.614901
0.342866
0.740912
1.0
0.0282977
0.266989
0.64427
0.314057
0.713115
1.0
0.0275851
0.00253667
0.75068
0.0380957
0.814435
1.0
0.027309
0.159851
0.55166
0.202036
0.614852
1.0
0.027199
0.214563
0.618206
0.260224
0.685649
1.0
0.0270282
0.0778807
0.48231
0.160451
0.614391
1.0
0.0263652
0.201482
0.545341
0.389729
0.802154
1.0
0.0263071
0.764314
0.699949
1.03034
1.02429
1.0
0.0257593
0.0139691
0.647348
0.0550191
0.714001
1.0
0.0253688
0.269245
0.186898
0.314271
0.254672
1.0
0.0252564
0.00597231
0.610927
0.0826173
0.746761
1.0
0.024467
0.122704
0.583235
0.162806
0.645496
1.0
0.023443
0.0782754
0.587366
0.159452
0.719425
1.0
0.0230257
0.0723761
0.68092
0.155905
0.811251
1.0
0.0227627
0.351012
0.421627
0.466939
0.587809
1.0
0.0226694
0.16005
0.587022
0.200409
0.64865
1.0
0.0221591
0.169506
0.645903
0.257432
0.776173
1.0
0.0220505
0.00325926
0.681135
0.0369383
0.742825
1.0
0.0217013
0.196011
0.59055
0.234799
0.649378
1.0
0.0213709
0.238107
0.646311
0.28711
0.712437
1.0
0.0212451
0.28872
0.524999
0.400556
0.677945
1.0
0.0211882
0.164456
0.684926
0.19984
0.741199
1.0
0.0211217
0.0950241
0.518246
0.134257
0.577117
1.0
0.0209205
0.266084
0.588141
0.311415
0.655504
1.0
0.0209074
0.0928383
0.409461
0.17884
0.558374
1.0
0.0205879
0.117125
0.520632
0.157211
0.58178
1.0
0.0204923
0.0959242
0.585038
0.133242
0.642088
1.0
0.020492
0.218063
0.550264
0.260212
0.612836
1.0
0.0202934
0.00239231
0.820285
0.0352218
0.879582
1.0
0.0202842
0.285404
0.617901
0.335404
0.686169
1.0
0.0201928
0.00644751
-0.0107463
0.0746849
0.0842479
1.0
0.0198541
0.0114613
0.942787
0.0578447
0.994701
1.0
0.0196838
0.144061
0.413978
0.23034
0.559305
1.0
0.0196438
0.281804
0.674346
0.399591
0.815446
1.0
0.0195952
0.0106933
0.494159
0.088729
0.633
1.0
0.0195808
0.214698
0.517513
0.319477
0.660773
1.0
0.019366
0.0358622
0.749408
0.0777132
0.813111
1.0
0.0192751
0.240093
0.584687
0.286736
0.649574
1.0
0.0191229
0.219004
0.683171
0.258999
0.740069
1.0
0.0188349
-1.96565e-05
0.278137
0.0557185
0.405212
1.0
0.0188058
0.0941138
0.655695
0.130018
0.710146
1.0
0.0185236
0.108629
0.489
0.258375
0.762631
1.0
0.0182178
0.0147232
0.723667
0.0574801
0.789486
1.0
0.0181437
0.36634
0.511945
0.415878
0.583845
1.0
0.01781
0.119813
0.723804
0.154874
0.775012
1.0
0.01781
0.267669
0.174627
0.357831
0.297307
1.0
0.0174704
0.0683606
0.654446
0.10299
0.708098
1.0
0.0174601
0.038436
0.593392
0.0753215
0.651885
1.0
0.017444
0.165421
0.487955
0.207107
0.552126
1.0
0.0174088
0.143769
0.525408
0.185465
0.589835
1.0
0.0173812
0.0403044
0.65532
0.0763085
0.712704
1.0
0.0172942
-0.00183591
0.419814
0.0554226
0.551689
1.0
0.0171995
0.117762
0.45364
0.155362
0.511674
1.0
0.017131
0.19479
0.654274
0.232466
0.707036
1.0
0.0170682
0.193504
0.551387
0.235728
0.612116
1.0
0.0169365
0.122959
0.650865
0.160456
0.707999
1.0
0.0169224
0.16207
0.751866
0.199488
0.808097
1.0
0.0168645
0.381872
0.211647
0.506264
0.351997
1.0
0.0167731
0.220113
0.668656
0.327341
0.806185
1.0
0.0167532
0.0640294
0.786838
0.161458
0.932834
1.0
0.0166935
0.131672
0.689008
0.203033
0.811496
1.0
0.0166487
0.150009
0.725272
0.183647
0.777578
1.0
0.0166336
0.0972893
0.7201
0.133951
0.774342
1.0
0.0166102
0.0951279
0.691588
0.131326
0.746208
1.0
0.016397
0.440214
0.400343
0.552287
0.56058
1.0
0.016308
0.241612
0.68385
0.286551
0.742079
1.0
0.0162748
0.282399
0.4075
0.407721
0.58718
1.0
0.0162712
0.125528
0.347528
0.208556
0.484938
1.0
0.0162482
0.312585
0.580667
0.360527
0.64949
1.0
0.0161495
0.0424626
0.44437
0.127224
0.587445
1.0
0.0160839
0.285062
0.280184
0.407079
0.435403
1.0
0.0160249
0.0666222
0.58919
0.101904
0.643455
1.0
0.0159061
0.001454
0.480134
0.0344325
0.545596
1.0
0.0158341
0.0380682
0.553737
0.119045
0.676349
1.0
0.0157383
0.493252
0.371526
0.958531
1.21275
1.0
0.015726
0.31073
0.648327
0.359582
0.71534
1.0
0.0157093
0.119999
0.757055
0.153697
0.80614
1.0
0.0157024
0.0945724
0.453548
0.134507
0.51551
1.0
0.0155929
0.051508
0.342187
0.211279
0.644563
1.0
0.0155733
0.012948
0.524884
0.0526266
0.58957
1.0
0.0152291
0.32678
0.0839273
0.545668
0.357931
1.0
0.0151395
0.304561
0.237059
0.546098
0.547298
1.0
0.0151284
0.113723
0.0141844
0.163476
0.0814104
1.0
0.0150594
0.0936516
0.756889
0.13151
0.812013
1.0
0.0150315
0.321702
0.714794
0.800465
1.03756
1.0
0.0149165
0.196264
0.412098
0.302339
0.561566
1.0
0.0148624
0.147155
0.416976
0.185298
0.47535
1.0
0.0147849
0.285282
0.679891
0.336078
0.744586
1.0
0.0147608
0.416838
0.450435
0.460766
0.515904
1.0
0.0146718
0.0413889
0.526766
0.0769912
0.582338
1.0
0.0146313
0.421868
0.268304
0.542283
0.433187
1.0
0.0145952
0.264116
0.555354
0.309518
0.618441
1.0
0.0144528
0.0947182
0.624627
0.131798
0.681304
1.0
0.0144109
0.146117
0.451061
0.183229
0.507856
1.0
0.0144081
0.00018613
0.562847
0.142576
0.829459
1.0
0.0142935
0.00238619
0.051743
0.0315511
0.110717
1.0
0.0142825
0.0695363
0.521866
0.106329
0.57759
1.0
0.0142023
0.164785
0.274423
0.26215
0.424295
1.0
0.0141667
0.189967
0.0102646
0.305039
0.163201
1.0
0.014154
0.612463
0.480497
0.703466
0.623479
1.0
0.0141307
0.012903
0.856725
0.0530592
0.916475
1.0
0.0141283
0.0704243
0.337523
0.162482
0.487674
1.0
0.014073
0.213867
0.243198
0.316804
0.386236
1.0
0.0138834
0.762599
0.952229
0.807922
0.999924
1.0
0.0138257
0.312447
0.189384
0.357056
0.254464
1.0
0.0136794
0.685648
0.664878
0.797707
0.814299
1.0
0.0136391
0.258934
0.343246
0.378995
0.502547
1.0
0.0136352
0.0668182
0.722893
0.10403
0.778652
1.0
0.0135893
0.378395
0.498428
0.513788
0.676633
1.0
0.0135832
0.338583
0.683087
0.38926
0.745756
1.0
0.0135302
0.568588
0.917388
0.61238
0.98223
1.0
0.0131491
0.340025
0.71859
0.388816
0.779894
1.0
0.0131367
0.305581
0.607463
0.421919
0.747662
1.0
0.0131277
0.306003
0.206035
0.42735
0.347552
1.0
0.0131227
0.148374
0.144127
0.338286
0.448724
1.0
0.013115
0.114484
0.0333105
0.221595
0.197612
1.0
0.0130888
0.385113
0.492681
0.433442
0.560493
1.0
0.0130384
0.357363
0.681532
0.47723
0.810432
1.0
0.0129785
0.164724
0.452016
0.205622
0.512835
1.0
0.0129325
0.0957649
0.00214653
0.137221
0.0521239
1.0
0.0129266
0.236764
0.522848
0.284605
0.589861
1.0
0.0128873
0.161659
0.385753
0.203503
0.448298
1.0
0.0128385
0.064053
0.622634
0.100668
0.680178
1.0
0.0127415
0.35006
0.299814
0.481925
0.46378
1.0
0.0125916
0.364427
0.581419
0.41136
0.646795
1.0
0.0125412
0.137494
0.00184567
0.184945
0.0542509
1.0
0.0124869
0.119563
0.690996
0.153094
0.741752
1.0
0.0124689
0.0683079
0.451982
0.107262
0.513157
1.0
0.0123992
0.392975
0.108674
0.870885
0.745821
1.0
0.012368
0.313706
0.74988
0.361782
0.81205
1.0
0.0123481
0.366847
0.16044
0.475379
0.283781
1.0
0.0122863
0.00123015
0.415799
0.0335727
0.482992
1.0
0.0122751
0.291169
0.551141
0.340503
0.619113
1.0
0.0122717
0.166898
0.166343
0.266446
0.320068
1.0
0.0122327
0.314276
0.51643
0.363337
0.590447
1.0
0.0120788
0.0949308
0.382941
0.134918
0.443127
1.0
0.0120676
0.211227
0.0140802
0.266217
0.0868142
1.0
0.0120667
0.414454
0.248606
0.46452
0.311449
1.0
0.0120435
0.165554
0.339603
0.353078
0.649958
1.0
0.0119852
0.116802
0.207451
0.210437
0.358488
1.0
0.0119137
0.522694
0.896654
0.611431
1.00426
1.0
0.0119002
0.414878
0.185565
0.46445
0.24842
1.0
0.0118332
0.506648
0.40236
0.598957
0.554857
1.0
0.0117582
0.0638256
0.75508
0.104432
0.813733
1.0
0.0116804
0.00495768
0.888338
0.0371861
0.948107
1.0
0.0116778
0.00231362
0.327074
0.0733442
0.483336
1.0
0.0116645
0.62635
0.611273
0.748057
0.756231
1.0
0.0116348
0.0126208
0.781491
0.0557318
0.845681
1.0
0.0115872
0.162971
0.000689596
0.210001
0.0542109
1.0
0.0114724
0.615106
0.953812
0.654194
0.998831
1.0
0.0114564
0.538791
0.275946
0.628076
0.422659
1.0
0.011446
0.0911738
0.27099
0.182905
0.425796
1.0
0.0114176
0.412979
0.484859
0.458249
0.549517
1.0
0.0114174
0.564151
0.408765
0.659101
0.563606
1.0
0.0113996
0.291507
0.383709
0.338326
0.448448
1.0
0.0113476
0.718224
0.954417
0.757782
0.997754
1.0
0.0113168
0.189239
0.00127343
0.235447
0.0547952
1.0
0.0112468
0.589527
0.949935
0.6313
0.998591
1.0
0.0112088
0.507876
0.415421
0.552718
0.482568
1.0
0.0111824
0.218935
0.253452
0.260467
0.314068
1.0
0.0111529
0.00157113
0.257511
0.0349077
0.325953
1.0
0.0111468
0.757357
0.910214
0.85163
1.01002
1.0
0.0111374
0.315375
0.352936
0.361127
0.416006
1.0
0.0111123
0.243183
0.715796
0.28651
0.773119
1.0
0.0110436
0.642978
0.956409
0.68268
1.00042
1.0
0.0110363
0.669246
0.956297
0.707632
0.998277
1.0
0.0110164
0.388928
0.718066
0.442995
0.779897
1.0
0.0109728
0.36903
0.188073
0.411864
0.24867
1.0
0.0109561
0.26745
0.749469
0.314462
0.812375
1.0
0.0109361
0.120702
0.42093
0.15864
0.478199
1.0
0.0109063
0.362466
0.748902
0.411348
0.81018
1.0
0.0108633
0.119327
0.385389
0.158565
0.444557
1.0
0.0108616
0.0665072
0.687206
0.103047
0.744041
1.0
0.0108583
0.266694
0.713668
0.312628
0.77662
1.0
0.0107875
0.214991
0.485031
0.259769
0.552578
1.0
0.0106798
0.618392
0.551173
0.660342
0.610824
1.0
0.0106304
0.265886
0.448132
0.314016
0.513824
1.0
0.010611
0.16087
0.711153
0.251515
0.845009
1.0
0.0105729
0.286325
0.204747
0.334356
0.272341
1.0
0.010568
0.190068
0.486169
0.234854
0.552806
1.0
0.0105656
0.693143
0.954801
0.733234
0.998101
1.0
0.0105136
0.571769
0.386089
0.767381
0.705107
1.0
0.0105056
0.193047
0.688885
0.231188
0.74317
1.0
0.0104082
0.389916
0.319555
0.437769
0.38203
1.0
0.0103931
0.360902
0.651044
0.40902
0.715634
1.0
0.0103717
0.466217
0.448068
0.511375
0.512202
1.0
0.0103415
0.144441
0.357434
0.185325
0.417995
1.0
0.0103297
0.342442
0.547433
0.393441
0.616066
1.0
0.0103133
0.12598
0.759665
0.20403
0.892122
1.0
0.0101827
0.739847
0.663219
0.781367
0.720142
1.0
0.010173
0.0935241
0.131254
0.186216
0.28739
1.0
0.0101591
0.475933
0.221759
0.57914
0.369705
1.0
0.0101406
0.161596
0.0755503
0.272427
0.23323
1.0
0.0101193
0.2646
0.318448
0.309839
0.380525
1.0
0.0101037
0.567764
0.538299
0.664312
0.677019
1.0
0.0100962
0.0130675
0.38439
0.0517692
0.448979
1.0
0.0100484
0.140938
-0.00902124
0.232266
0.0996886
1.0
0.0100186
0.338033
0.617394
0.388697
0.683717
1.0
0.0100122
0.339525
0.319871
0.387
0.382797
1.0
0.0100113
0.0692731
-0.000126161
0.111112
0.0513
