1.0
0.207746
0.271091
0.291406
0.747335
1.00691
1.0
0.143011
0.489623
0.237573
0.643283
0.486793
1.0
0.0447963
-0.00188949
0.765899
0.219339
1.00688
1.0
0.0440061
0.0212178
0.720094
0.111419
0.848543
1.0
0.0439968
0.744115
0.0745807
1.02031
0.877027
1.0
0.0369115
0.0634248
0.949891
0.106517
0.996334
1.0
0.0354992
0.362543
0.174026
0.661694
0.662375
1.0
0.0354013
0.114561
0.957011
0.153942
0.997852
1.0
0.03429
0.0229257
0.900628
0.10857
0.998147
1.0
0.0342081
0.0197881
0.634411
0.112585
0.751652
1.0
0.0338727
0.0192783
0.451169
0.0624214
0.509655
1.0
0.0335149
0.0137511
0.694226
0.0608504
0.753995
1.0
0.0333658
0.01436
0.947883
0.0593052
0.996909
1.0
0.0328541
0.011367
0.793308
0.105092
0.933085
1.0
0.0326162
0.0383375
0.71755
0.0887455
0.780339
1.0
0.0305151
0.089485
0.9218
0.173238
1.01203
1.0
0.0304045
0.0208517
0.438528
0.288691
0.967178
1.0
0.0303925
0.095294
0.723126
0.18081
0.841989
1.0
0.0296412
0.189649
0.48301
0.276288
0.618075
1.0
0.0290436
0.0908021
0.957193
0.130512
0.998585
1.0
0.0287977
0.00274972
0.542722
0.0869552
0.664199
1.0
0.0285792
0.000923896
0.753631
0.0369646
0.81265
1.0
0.027728
0.0019556
0.223348
0.0584559
0.340276
1.0
0.0272356
0.172664
0.958323
0.208681
0.996468
1.0
0.0271385
0.00307021
0.720179
0.0383638
0.778636
1.0
0.0266913
0.170196
0.752517
0.206288
0.799927
1.0
0.0265222
0.119069
0.725125
0.158203
0.777288
1.0
0.0259178
0.0128691
0.877027
0.0582258
0.941686
1.0
0.0257546
0.00204294
0.821047
0.0394614
0.882879
1.0
0.0257433
0.062582
0.551117
0.155771
0.681431
1.0
0.02541
0.167889
0.551233
0.248412
0.677726
1.0
0.0250966
0.1751
0.797036
0.208783
0.840504
1.0
0.0250402
0.0157557
0.525632
0.0553532
0.579749
1.0
0.0247214
0.964309
0.589054
0.994436
0.641165
1.0
0.0244615
0.0139151
0.658168
0.0583533
0.714086
1.0
0.0244408
0.162893
0.697853
0.241849
0.809662
1.0
0.0244303
0.0616324
0.74774
0.104663
0.806328
1.0
0.0237898
0.167576
0.622323
0.248892
0.744137
1.0
0.0234694
0.0638798
0.793217
0.102361
0.843062
1.0
0.0233766
0.00211842
0.789947
0.0379878
0.849361
1.0
0.0231607
0.0351966
0.821599
0.0836339
0.885204
1.0
0.0230729
0.176082
0.827521
0.211495
0.874808
1.0
0.0229843
0.12547
0.41885
0.208838
0.559606
1.0
0.0229282
0.00132221
0.586874
0.0344753
0.644275
1.0
0.0228869
0.00276733
0.854761
0.0397479
0.917624
1.0
0.0228866
0.963894
0.557151
0.994075
0.610745
1.0
0.0228444
0.155287
0.912556
0.231167
1.00437
1.0
0.0224882
0.00266109
0.919767
0.0381962
0.982327
1.0
0.0224669
0.00253874
0.481371
0.0372891
0.539741
1.0
0.0224457
0.0589952
0.666814
0.150209
0.787233
1.0
0.0223858
0.580207
0.360785
0.683137
0.521301
1.0
0.0222703
0.0032602
0.550979
0.038086
0.606559
1.0
0.0222563
0.0369428
0.793093
0.081921
0.84915
1.0
0.0221802
0.00405291
0.427419
0.0378281
0.483741
1.0
0.0221302
0.144772
0.95963
0.183307
0.998845
1.0
0.0219614
0.406169
0.327512
0.508309
0.487367
1.0
0.021947
0.118813
0.757239
0.158895
0.810313
1.0
0.0219371
0.266044
0.556583
0.302707
0.61002
1.0
0.0218769
0.155425
0.80206
0.231909
0.916958
1.0
0.0214463
0.175719
0.92756
0.210774
0.974522
1.0
0.021427
0.963405
0.523269
0.993823
0.577689
1.0
0.0213017
0.174958
0.857136
0.209228
0.9075
1.0
0.0211789
0.192605
0.52051
0.231672
0.580017
1.0
0.021178
0.000301639
0.620163
0.0337455
0.676082
1.0
0.0211208
0.0950413
0.616125
0.178994
0.734943
1.0
0.0210547
0.0591049
0.696401
0.103836
0.753204
1.0
0.0209725
0.0445753
0.843913
0.144166
0.978527
1.0
0.0209158
0.019629
0.44602
0.0992111
0.55852
1.0
0.0208054
0.0265661
0.649537
0.183626
0.896771
1.0
0.0207902
0.215799
0.954964
0.2544
0.99625
1.0
0.0207746
0.0236805
0.302574
0.103624
0.443534
1.0
0.0207153
0.177475
0.888414
0.208164
0.931415
1.0
0.0207063
0.191572
0.591394
0.229372
0.646459
1.0
0.0206018
0.26517
0.523628
0.304826
0.583067
1.0
0.0205062
0.0928357
0.725475
0.130325
0.776912
1.0
0.0204304
0.169236
0.518208
0.209775
0.580546
1.0
0.0203384
0.06518
0.655691
0.108753
0.711363
1.0
0.0203072
0.245046
0.487334
0.333044
0.615918
1.0
0.0201974
0.0910007
0.476986
0.177925
0.613525
1.0
0.0201518
0.145675
0.756882
0.185095
0.807898
1.0
0.0201418
0.164816
0.454803
0.206234
0.518981
1.0
0.0200646
0.174032
0.659222
0.211606
0.708109
1.0
0.0200482
0.0403319
0.659582
0.0861434
0.715387
1.0
0.0199263
0.0983865
0.791077
0.132274
0.835408
1.0
0.0199209
0.0976634
0.756002
0.133321
0.805947
1.0
0.0198078
0.0164724
0.311299
0.0544349
0.370998
1.0
0.0197113
0.193301
0.802984
0.224632
0.845911
1.0
0.0194661
0.118501
0.590549
0.157318
0.646256
1.0
0.0194441
0.0616326
0.523357
0.100067
0.575591
1.0
0.0194221
0.128461
0.511257
0.214079
0.654776
1.0
0.0193225
0.217241
0.540387
0.30407
0.666779
1.0
0.0193188
0.0937744
0.654014
0.133234
0.70716
1.0
0.0193141
0.0610145
0.885994
0.100553
0.940661
1.0
0.019261
0.447202
0.231444
0.555932
0.40901
1.0
0.0192005
0.216567
0.418719
0.311435
0.561011
1.0
0.0191315
0.173956
0.619521
0.211705
0.670717
1.0
0.0190757
0.146994
0.726419
0.186011
0.77689
1.0
0.019053
0.0907187
0.79441
0.180512
0.919085
1.0
0.0188222
0.059499
0.417606
0.14938
0.550516
1.0
0.0188212
0.115581
0.651616
0.155491
0.704227
1.0
0.0187489
0.365945
0.362484
0.462197
0.524489
1.0
0.0184752
0.215228
0.520785
0.254764
0.578726
1.0
0.0184209
0.121295
0.7866
0.15719
0.831651
1.0
0.0184011
-0.00223706
0.359671
0.0610014
0.471265
1.0
0.0182604
0.215038
0.486805
0.255846
0.547129
1.0
0.0181453
0.187892
0.727078
0.224271
0.776905
1.0
0.0180086
0.605861
0.441762
0.70751
0.580761
1.0
0.017981
0.0913519
0.345293
0.179694
0.491243
1.0
0.0177589
0.965126
0.625227
0.994968
0.676502
1.0
0.017627
0.143437
0.927068
0.180639
0.974199
1.0
0.0175679
0.027852
0.424605
0.195374
0.693759
1.0
0.017563
0.21589
0.555235
0.255977
0.613471
1.0
0.0174918
0.00234109
0.392506
0.0331913
0.446906
1.0
0.0174348
0.127893
0.66746
0.210083
0.786381
1.0
0.0173802
0.943578
0.527241
0.996275
0.630541
1.0
0.0172085
0.118221
0.696169
0.157527
0.747703
1.0
0.0171932
0.0934003
0.590453
0.131667
0.644631
1.0
0.017173
0.0370287
0.432868
0.0785154
0.494021
1.0
0.0171696
0.171898
0.695832
0.210696
0.746664
1.0
0.0170412
0.189967
0.755118
0.223823
0.801626
1.0
0.0170339
0.964991
0.494286
0.994794
0.548858
1.0
0.0168484
0.21859
0.925137
0.258754
0.978441
1.0
0.0166888
0.0654351
0.587291
0.107686
0.64445
1.0
0.0166774
0.967064
0.324705
0.995877
0.376455
1.0
0.0166333
0.171057
0.553489
0.210799
0.612609
1.0
0.0165431
0.263684
0.489743
0.304841
0.549631
1.0
0.0165246
0.146928
0.591264
0.184105
0.643018
1.0
0.0164343
0.212661
0.621039
0.2992
0.755482
1.0
0.016412
0.165534
0.347957
0.256249
0.492651
1.0
0.0163562
0.6309
0.281833
0.733692
0.440566
1.0
0.0163043
0.571677
0.206984
0.678696
0.38424
1.0
0.0162312
0.146043
0.787795
0.181738
0.832341
1.0
0.0162098
0.141852
0.550692
0.296429
0.835099
1.0
0.0159415
0.116183
0.517006
0.155906
0.575841
1.0
0.0159355
0.966406
0.693883
0.9956
0.743544
1.0
0.0159278
0.192635
0.55359
0.23332
0.61477
1.0
0.0157438
0.212737
0.585104
0.251312
0.637997
1.0
0.0157131
0.0908232
0.859862
0.126109
0.909353
1.0
0.0157089
0.296676
0.483954
0.398516
0.62602
1.0
0.0156948
0.0603641
0.281204
0.150641
0.43142
1.0
0.0156796
0.408093
0.435135
0.515757
0.597532
1.0
0.0156618
0.133612
0.847196
0.21759
0.9713
1.0
0.0156556
0.267176
0.413068
0.366567
0.551796
1.0
0.0156482
0.509216
0.421856
0.989576
1.07765
1.0
0.0156441
0.216263
0.796191
0.250781
0.840899
1.0
0.0155394
0.191017
0.455354
0.23136
0.517209
1.0
0.0154957
0.965523
0.657365
0.995308
0.70777
1.0
0.0154269
0.294279
0.524531
0.335191
0.582279
1.0
0.0154192
0.00196382
0.348949
0.0321159
0.405397
1.0
0.0152134
0.316256
0.520315
0.358347
0.582337
1.0
0.015203
0.460408
0.246071
0.507709
0.320548
1.0
0.0151851
0.128263
0.0110114
0.565709
0.663175
1.0
0.0149782
0.0428024
0.314956
0.0803245
0.375389
1.0
0.0149301
0.181942
0.762209
0.263954
0.890284
1.0
0.0148833
0.489609
0.314691
0.540215
0.389688
1.0
0.0147621
0.149862
0.857426
0.182752
0.902636
1.0
0.0147614
0.146974
0.700455
0.185362
0.749528
1.0
0.0147077
0.533109
0.4087
0.643039
0.566258
1.0
0.0146883
0.216821
0.693011
0.255353
0.744759
1.0
0.0146539
0.554033
0.437883
0.607219
0.513462
1.0
0.0146153
0.0919487
0.519815
0.130636
0.575412
1.0
0.0146074
0.118036
0.383594
0.159035
0.444901
1.0
0.0145952
0.211892
0.823401
0.249452
0.874728
1.0
0.0145888
0.244433
0.579133
0.283305
0.632355
1.0
0.0145682
0.437281
0.414867
0.483592
0.482097
1.0
0.014529
0.0641873
0.619804
0.110473
0.681078
1.0
0.0144962
0.0404518
0.584454
0.0841788
0.641969
1.0
0.0144828
0.215121
0.759836
0.251611
0.808473
1.0
0.014391
0.117771
0.555303
0.156338
0.612395
1.0
0.0142857
0.462735
0.377776
0.511985
0.453336
1.0
0.0141378
0.149584
0.893689
0.181893
0.937386
1.0
0.0141253
0.822741
0.62836
0.856443
0.672319
1.0
0.0140092
0.215491
0.721535
0.253327
0.771349
1.0
0.0139813
0.120183
0.281175
0.212544
0.435517
1.0
0.0139812
0.0923325
0.621712
0.134392
0.680478
1.0
0.0139784
0.0622176
0.551189
0.103024
0.606542
1.0
0.0139774
0.873147
0.5991
0.903577
0.63679
1.0
0.0139723
0.532367
0.364411
0.595975
0.462227
1.0
0.0139552
0.966516
0.257257
0.996051
0.30933
1.0
0.0139308
0.967203
0.358352
0.996125
0.410896
1.0
0.0138956
0.0920372
0.694091
0.130979
0.745615
1.0
0.013832
0.213655
0.858327
0.249182
0.908305
1.0
0.0138043
0.0350472
0.212606
0.119958
0.359264
1.0
0.0137073
0.145662
0.480514
0.186851
0.544745
1.0
0.0136824
0.148004
0.831675
0.184028
0.877729
1.0
0.0136452
0.144912
0.622244
0.1837
0.674778
1.0
0.0136331
0.0641195
0.349683
0.102939
0.411834
1.0
0.0136204
0.186294
0.874853
0.271042
0.992509
1.0
0.0136105
0.512586
0.249227
0.563186
0.324367
1.0
0.0134821
0.967355
0.294538
0.996257
0.345125
1.0
0.0134731
0.389953
0.372573
0.443839
0.454859
1.0
0.0134695
0.530405
0.144744
0.651524
0.318852
1.0
0.0134333
0.145917
0.656228
0.1832
0.70488
1.0
0.0134266
0.586011
0.341432
0.63977
0.42422
1.0
0.013356
0.965591
0.188502
0.995879
0.243263
1.0
0.0133326
0.872808
0.630007
0.904271
0.668998
1.0
0.0133324
0.454154
0.146431
0.563009
0.313036
1.0
0.0132422
0.242291
0.660457
0.278297
0.70953
1.0
0.0131989
0.463514
0.312261
0.509976
0.38508
1.0
0.0131929
0.121244
0.856268
0.156019
0.904225
1.0
0.013127
0.611292
0.31763
0.658655
0.390616
1.0
0.0131073
0.438824
0.310105
0.484138
0.386226
1.0
0.0130979
0.465493
0.461294
0.568561
0.613366
1.0
0.0130959
0.0401302
0.207136
0.207279
0.515114
1.0
0.0130259
0.21582
0.661381
0.252346
0.709257
1.0
0.0130241
0.538574
0.254411
0.59018
0.329045
1.0
0.0130206
0.26813
0.538211
0.364069
0.677215
1.0
0.013009
0.873353
0.564348
0.90411
0.603693
1.0
0.0129673
0.0371364
0.5491
0.0792138
0.604135
1.0
0.0129588
0.966999
0.424966
0.995565
0.476528
1.0
0.0128873
0.612229
0.444232
0.66438
0.521259
1.0
0.0128843
0.208591
0.719466
0.295541
0.852503
1.0
0.0128035
0.212211
0.623527
0.250571
0.675275
1.0
0.0128025
0.611439
0.373646
0.665136
0.457119
1.0
0.0127856
0.240501
0.694751
0.277697
0.746444
1.0
0.0127357
0.96651
0.390667
0.995218
0.443517
1.0
0.0127299
0.118215
0.452844
0.159721
0.516947
1.0
0.0127083
0.39629
0.0811344
0.597613
0.4015
1.0
0.0125755
0.533896
0.310866
0.593996
0.401554
1.0
0.0125379
0.472371
0.372089
0.587218
0.544881
1.0
0.0125235
0.0392454
0.282466
0.0753655
0.345058
1.0
0.0125127
0.491624
0.440951
0.544615
0.521385
1.0
0.012453
0.140815
0.383704
0.183627
0.446105
1.0
0.0124213
0.0926397
0.827872
0.130011
0.878518
1.0
0.0124072
0.146701
0.556837
0.185917
0.614036
1.0
0.0123542
0.638678
0.31745
0.684235
0.383515
1.0
0.0123036
0.848486
0.600368
0.877441
0.637233
1.0
0.0123036
0.240221
0.791792
0.276808
0.840233
1.0
0.0122449
0.388744
0.444578
0.438116
0.518055
1.0
0.0122175
0.156587
0.344022
0.319681
0.653724
1.0
0.0121782
0.896437
0.599792
0.924284
0.636643
1.0
0.0121638
0.0399798
0.479203
0.0802025
0.536601
1.0
0.0121002
0.0925989
0.890229
0.125568
0.935658
1.0
0.0120755
0.58756
0.409866
0.638392
0.485049
1.0
0.0120621
0.121033
0.82768
0.158771
0.877034
1.0
0.0120511
0.05921
0.485766
0.0993811
0.543923
1.0
0.0119927
0.166901
0.387044
0.209008
0.448863
1.0
0.0118731
0.0653723
0.385392
0.104298
0.44522
1.0
0.0118326
0.266495
0.451972
0.310074
0.517137
1.0
0.0118153
0.246469
0.457061
0.438703
0.783524
1.0
0.0117949
0.371803
0.245169
0.47145
0.418287
1.0
0.011774
0.24274
0.626368
0.280353
0.677934
1.0
0.0117422
0.966635
0.223923
0.996159
0.277112
1.0
0.0117317
0.0905992
0.450817
0.131309
0.513036
1.0
0.0117066
0.873284
0.530807
0.904004
0.572622
1.0
0.011697
0.898725
0.530612
0.927552
0.5717
1.0
0.0116672
0.241177
0.333691
0.343486
0.492129
1.0
0.0116597
0.0422288
0.389756
0.0837597
0.451537
1.0
0.0116356
0.318905
0.488197
0.360567
0.549391
1.0
0.0116356
0.657418
0.484285
0.706075
0.552018
1.0
0.0116279
0.79738
0.595796
0.831591
0.640838
1.0
0.0116197
0.514239
0.404684
0.576124
0.490286
1.0
0.0115687
0.967295
0.459965
0.995953
0.512773
1.0
0.0115564
0.214248
0.417594
0.256896
0.483598
1.0
0.0115161
0.82199
0.596605
0.855859
0.640468
1.0
0.0114961
0.492868
0.513655
0.536943
0.577145
1.0
0.011459
0.290503
0.553326
0.332194
0.611347
1.0
0.0114254
0.515504
0.475915
0.562796
0.545134
1.0
0.0114098
0.12046
0.894904
0.154688
0.94149
1.0
0.0113685
0.0930919
0.386599
0.132537
0.446257
1.0
0.0113633
0.194215
0.387597
0.233063
0.447441
1.0
0.0113602
0.0936694
0.487981
0.133411
0.547687
1.0
0.0113003
0.116697
0.324058
0.156871
0.383006
1.0
0.0112823
0.31479
0.451858
0.360015
0.517734
1.0
0.0112622
0.896451
0.632072
0.925418
0.670762
1.0
0.0111985
0.11569
0.4175
0.157327
0.482146
1.0
0.0111627
0.348468
0.46992
0.47133
0.642027
1.0
0.0111275
0.241519
0.456661
0.285151
0.520329
1.0
0.0111148
0.486006
0.245438
0.537161
0.320639
1.0
0.0110713
0.293084
0.488983
0.337549
0.550876
1.0
0.011036
0.0915893
0.55435
0.129839
0.609679
1.0
0.0109508
0.191866
0.419506
0.232515
0.482378
1.0
0.0109361
0.663597
0.952139
0.708356
0.998743
1.0
0.0109159
0.796465
0.626547
0.832854
0.674329
1.0
0.0109134
0.896455
0.563724
0.925898
0.604298
1.0
0.0108319
0.217171
0.88806
0.25278
0.939384
1.0
0.0107794
0.462675
0.443191
0.511999
0.514868
1.0
0.0107254
0.214023
0.382077
0.256376
0.4471
1.0
0.0106991
0.19027
0.270585
0.288099
0.43108
1.0
0.0106873
0.338579
0.453503
0.386963
0.521479
1.0
0.0106727
0.337959
0.517883
0.383961
0.583486
1.0
0.0106571
0.612913
0.895635
0.709728
1.00103
1.0
0.010645
0.316452
0.583046
0.35754
0.643362
1.0
0.0105965
0.610213
0.246121
0.660198
0.324975
1.0
0.0104152
0.413578
0.41185
0.458624
0.480789
1.0
0.0103765
0.46456
0.517253
0.509472
0.581795
1.0
0.010367
0.516975
0.516611
0.559433
0.578025
1.0
0.0103415
0.240565
0.953301
0.281373
0.997619
1.0
0.010341
0.562752
0.517439
0.609668
0.582129
1.0
0.010339
0.235039
0.78668
0.323907
0.925576
1.0
0.0102916
0.662802
0.31655
0.709175
0.382047
1.0
0.0102757
0.646165
0.468342
0.754187
0.616082
1.0
0.0102686
0.846695
0.630846
0.877118
0.669545
1.0
0.0102548
0.822878
0.563119
0.856197
0.607059
1.0
0.0101756
0.872382
0.496612
0.905298
0.540137
1.0
0.0100369
0.143588
0.421187
0.187635
0.488873
1.0
0.0100256
0.772313
0.554407
0.858349
0.676735
1.0
0.010025
0.966218
0.72402
0.995633
0.773117
1.0
0.0100214
0.53969
0.520896
0.583077
0.580288
1.0
0.0100118
0.850752
0.55667
0.927767
0.666149
