1.0
0.120438
0.359119
0.378794
0.683801
0.857878
1.0
0.0346447
0.46068
0.459664
0.59843
0.642843
1.0
0.0345454
0.0121001
0.605254
0.0543194
0.672247
1.0
0.0320536
0.00219342
0.00272923
0.0357061
0.0542292
1.0
0.0318102
0.126272
0.604325
0.19977
0.736397
1.0
0.028669
0.51134
0.411819
0.627128
0.573022
1.0
0.0274866
0.000759713
0.275732
0.0551291
0.407559
1.0
0.0254156
0.000157498
0.600561
0.0732162
0.733368
1.0
0.0244835
0.013799
0.647113
0.0545877
0.711867
1.0
0.0242817
0.00391603
0.554441
0.0377395
0.622195
1.0
0.0237639
0.147933
0.645598
0.184513
0.704634
1.0
0.0211245
0.541043
0.497396
0.657651
0.667777
1.0
0.0205843
0.40362
0.413332
0.550295
0.586381
1.0
0.0204649
0.247059
0.682846
0.671082
1.0281
1.0
0.0201427
0.00597123
-0.0100496
0.0735768
0.0860108
1.0
0.0195673
0.442656
0.0266648
0.892123
0.826835
1.0
0.019183
0.579217
0.601938
0.686124
0.754884
1.0
0.0191396
0.00298206
0.681113
0.0358157
0.741008
1.0
0.0191268
0.000171008
0.415727
0.0538769
0.544507
1.0
0.0189503
0.512629
0.211354
0.630192
0.351865
1.0
0.0189416
0.00191568
0.751437
0.0344312
0.810756
1.0
0.0189124
0.143315
0.592235
0.182243
0.655122
1.0
0.0188519
-0.00262646
0.674417
0.0772806
0.822767
1.0
0.018831
0.216857
0.62318
0.25448
0.676515
1.0
0.0187584
0.217869
0.552148
0.311417
0.687965
1.0
0.018539
0.07693
0.546339
0.16005
0.683018
1.0
0.0182105
0.40047
0.524808
0.563502
0.716024
1.0
0.0180127
0.0716993
0.644347
0.156194
0.785492
1.0
0.0179242
0.370268
0.479874
0.489742
0.629923
1.0
0.0178635
0.655687
0.670124
0.777449
0.825378
1.0
0.0177216
0.202985
0.0797741
0.677417
0.696569
1.0
0.0176987
0.504572
0.476074
0.56288
0.556195
1.0
0.0175547
0.167619
0.618392
0.252991
0.745538
1.0
0.0172502
-0.00422976
0.795161
0.0625117
0.921783
1.0
0.0172234
0.580528
0.440669
0.671803
0.593891
1.0
0.0170955
0.450322
0.141708
0.573047
0.274626
1.0
0.016954
0.25956
0.502594
0.441337
0.785928
1.0
0.016884
0.167596
0.684141
0.201568
0.737744
1.0
0.0168229
0.162856
0.624211
0.198978
0.680255
1.0
0.0165915
0.725554
0.67701
0.822965
0.811657
1.0
0.0164978
0.118537
0.499215
0.198955
0.636361
1.0
0.0164083
0.270558
0.553281
0.371389
0.695935
1.0
0.0163739
0.219723
0.658473
0.256526
0.711127
1.0
0.0162049
0.220454
0.625612
0.324841
0.75802
1.0
0.0157232
0.4699
0.346406
0.593953
0.523026
1.0
0.0157105
0.755475
0.711458
1.01152
1.01371
1.0
0.0156098
0.220371
0.689377
0.256512
0.741667
1.0
0.0155676
0.533266
0.452058
0.587235
0.527892
1.0
0.0153954
0.531555
0.506595
0.587203
0.585767
1.0
0.0153774
0.0103197
0.496539
0.0845327
0.635233
1.0
0.0153215
0.196508
0.624774
0.229993
0.674192
1.0
0.0151072
0.03779
0.586786
0.118025
0.717218
1.0
0.0150655
0.0738741
0.449203
0.157219
0.589623
1.0
0.0150424
0.194009
0.476078
0.284627
0.620006
1.0
0.0150185
0.293969
0.478879
0.388406
0.621272
1.0
0.0150014
0.292383
0.203785
0.38647
0.349573
1.0
0.0149918
0.487948
0.506311
0.544176
0.582587
1.0
0.0147957
0.0400185
0.653094
0.0759713
0.710391
1.0
0.0147039
0.0687249
0.653577
0.103147
0.707057
1.0
0.0146919
0.532401
0.917899
0.578644
0.977357
1.0
0.014661
0.0392428
0.711252
0.126457
0.853011
1.0
0.0146605
0.0149464
0.526653
0.0534806
0.589699
1.0
0.0146217
0.113424
0.0155016
0.164916
0.0825818
1.0
0.0145888
0.241336
0.65833
0.283307
0.714155
1.0
0.0144917
0.215787
0.592014
0.253768
0.646369
1.0
0.0143978
0.0957902
0.587793
0.130449
0.640771
1.0
0.0143195
0.00251483
0.381783
0.0349964
0.454359
1.0
0.0143
0.197976
0.597179
0.230648
0.64568
1.0
0.014274
0.093892
0.656434
0.127719
0.708291
1.0
0.0142241
0.123444
0.586542
0.160575
0.644293
1.0
0.0141153
0.241771
0.477172
0.338353
0.619962
1.0
0.014023
0.267454
0.686177
0.310753
0.746695
1.0
0.0140104
0.00226541
0.0501841
0.0311603
0.110763
1.0
0.0139913
0.0392429
0.596845
0.0739472
0.651958
1.0
0.013933
0.0670879
0.592221
0.100762
0.644748
1.0
0.0137392
0.0010323
0.257036
0.0357744
0.329648
1.0
0.0137389
0.167495
0.755461
0.201362
0.808243
1.0
0.0137387
0.360236
0.211108
0.481066
0.367357
1.0
0.0136081
0.559114
0.261199
0.660189
0.411873
1.0
0.0135135
0.359861
0.16245
0.599504
0.500909
1.0
0.0134606
0.563385
0.954969
0.606817
0.999478
1.0
0.0133475
0.430892
0.204555
0.550045
0.350424
1.0
0.0133074
0.124707
0.65103
0.161411
0.706792
1.0
0.013298
0.472325
0.484553
0.859629
1.10726
1.0
0.0132935
0.59077
0.449796
0.63711
0.5202
1.0
0.0132929
0.142107
0.55853
0.180184
0.617739
1.0
0.013287
0.122067
0.416505
0.206759
0.554667
1.0
0.0131521
0.0954421
0.520022
0.132652
0.575498
1.0
0.0131457
0.559581
0.346316
0.655443
0.498369
1.0
0.0129643
0.241962
0.68833
0.28595
0.745391
1.0
0.0128795
0.164317
0.558175
0.200881
0.612259
1.0
0.0128382
0.400956
0.279226
0.522711
0.437631
1.0
0.0128326
0.267651
0.622523
0.309213
0.68007
1.0
0.0128147
0.240518
0.622835
0.283732
0.681079
1.0
0.0127571
0.0935612
0.00260786
0.135115
0.050751
1.0
0.0127393
0.616479
0.546454
0.712068
0.681952
1.0
0.0127339
0.0980835
0.721182
0.132159
0.771895
1.0
0.0127021
0.69037
0.65292
0.739525
0.715472
1.0
0.0126987
0.12535
0.671648
0.205908
0.815545
1.0
0.0126473
0.195642
0.658376
0.229916
0.707751
1.0
0.0125548
0.461019
0.589663
0.603757
0.780235
1.0
0.0125486
0.119492
0.523277
0.156559
0.57923
1.0
0.0124803
0.167677
0.721466
0.203097
0.776106
1.0
0.012445
0.576393
0.790979
0.767036
1.0168
1.0
0.0124128
0.0957147
0.693586
0.129512
0.744703
1.0
0.0123902
0.19516
0.689896
0.231449
0.742701
1.0
0.0123795
0.435807
0.517331
0.492655
0.588892
1.0
0.0123767
0.644
0.586293
0.684301
0.644248
1.0
0.012334
0.406649
0.0879967
0.529954
0.221991
1.0
0.0122695
0.00197562
0.946545
0.0366012
0.99446
1.0
0.0122671
0.460317
0.547227
0.516437
0.618842
1.0
0.0122466
0.120243
0.457868
0.156422
0.513039
1.0
0.0122148
0.444235
0.812175
0.620189
1.01695
1.0
0.0121993
0.267775
0.586821
0.309916
0.646775
1.0
0.0121639
0.45657
0.721127
0.573391
0.872025
1.0
0.0120953
0.584498
0.506693
0.636285
0.581796
1.0
0.0120947
0.739218
0.685791
0.784936
0.746528
1.0
0.0120618
0.646788
0.479774
0.739531
0.623916
1.0
0.0120536
0.604329
0.218988
0.697109
0.357459
1.0
0.0120508
0.240171
0.141097
0.343866
0.289825
1.0
0.0120447
0.6159
0.584357
0.66092
0.648127
1.0
0.0120184
0.0416167
0.529946
0.0751636
0.583271
1.0
0.0120009
0.664382
0.594597
0.762953
0.72562
1.0
0.0119905
0.197656
0.677341
0.299515
0.817395
1.0
0.0119845
0.013861
0.721896
0.054473
0.783356
1.0
0.0119763
0.118884
0.724328
0.151797
0.772532
1.0
0.0119418
0.216991
0.557018
0.254873
0.613239
1.0
0.0119361
0.754346
0.626927
0.852201
0.757267
1.0
0.0119309
0.763353
0.95313
0.811707
1.00153
1.0
0.0119304
0.242873
0.244378
0.33888
0.396134
1.0
0.011898
0.781355
0.883919
0.882114
0.998664
1.0
0.0118584
0.105347
0.477293
0.255233
0.77371
1.0
0.0117685
0.539575
0.91245
0.628437
1.00808
1.0
0.0117636
0.616529
0.954354
0.659322
0.999318
1.0
0.0117552
0.526906
0.735462
0.636172
0.88305
1.0
0.0117234
0.507639
0.540311
0.564569
0.618586
1.0
0.0116965
0.345314
0.539773
0.450753
0.6899
1.0
0.0116018
-0.0163266
0.823654
0.131048
1.02155
1.0
0.0115875
0.0958787
-0.00248163
0.193997
0.123824
1.0
0.0115771
0.631428
0.738109
0.75269
0.901618
1.0
0.0115692
0.00305796
0.823737
0.0351747
0.88152
1.0
0.011556
0.14963
0.757722
0.182436
0.808005
1.0
0.0114619
0.315457
0.219303
0.358853
0.281542
1.0
0.0114463
0.558768
0.477545
0.610123
0.554268
1.0
0.0114042
0.788814
0.718848
0.878646
0.858999
1.0
0.011396
0.0687485
0.523705
0.103749
0.577397
1.0
0.0113888
0.120556
0.750245
0.205437
0.896854
1.0
0.0112908
0.409313
0.54869
0.465208
0.619177
1.0
0.0112446
0.518794
0.949518
0.563109
0.996282
1.0
0.0112361
0.0692684
-0.000485159
0.110996
0.049433
1.0
0.0112213
0.216334
0.415027
0.314105
0.555914
1.0
0.0112105
0.665155
0.585247
0.709966
0.645754
1.0
0.0111987
0.587475
0.647453
0.636033
0.714354
1.0
0.0110481
0.505854
0.123475
0.620768
0.245005
1.0
0.0110466
0.142987
0.529769
0.178192
0.583973
1.0
0.0110363
0.117954
0.488498
0.155544
0.545957
1.0
0.0109979
0.0676488
0.453353
0.104248
0.512192
1.0
0.0109158
0.134517
0.0342194
0.245673
0.188079
1.0
0.0108346
0.148923
0.722942
0.181524
0.773095
1.0
0.0108311
0.614267
0.648975
0.659685
0.714676
1.0
0.0108262
0.0702743
0.722979
0.104893
0.774324
1.0
0.0107779
0.241444
0.589443
0.283249
0.647777
1.0
0.0107401
0.217576
0.521741
0.256676
0.580093
1.0
0.0107313
0.587229
0.580191
0.639367
0.650143
1.0
0.0107059
0.665083
0.647456
0.714211
0.712876
1.0
0.0106577
0.365294
0.339028
0.492403
0.506161
1.0
0.0106377
0.27063
0.52208
0.309464
0.578315
1.0
0.0105965
0.709523
0.90886
0.815617
1.00686
1.0
0.0105927
0.0959694
0.457085
0.133426
0.514432
1.0
0.0105369
0.0143487
0.331889
0.0939532
0.492201
1.0
0.0105176
0.0377512
0.407735
0.121309
0.552361
1.0
0.0104676
0.0634015
0.620799
0.0998959
0.678822
1.0
0.0104483
0.0709175
0.338772
0.160259
0.48631
1.0
0.010441
0.5902
0.955965
0.634264
1.00135
1.0
0.0104244
0.185903
0.0134813
0.30302
0.157892
1.0
0.0104025
0.0646324
0.785781
0.159745
0.932593
1.0
0.010351
0.330297
0.140124
0.449746
0.288888
1.0
0.010339
0.586199
0.701977
0.701476
0.85363
1.0
0.0102592
0.196582
0.558831
0.23203
0.610691
1.0
0.0102293
0.693647
0.716263
0.738027
0.774503
1.0
0.0102217
0.641675
0.379212
0.728167
0.523982
1.0
0.0102103
0.555185
0.167569
0.662207
0.301795
1.0
0.0102027
0.416647
0.320137
0.464548
0.386087
1.0
0.0101846
0.147703
0.418823
0.182373
0.470887
1.0
0.0101808
0.158554
0.550743
0.332545
0.838736
1.0
0.0101799
0.0936701
0.623758
0.129182
0.679386
1.0
0.0101645
0.0509733
0.332377
0.210537
0.642021
1.0
0.010134
0.29193
0.657334
0.339261
0.721513
1.0
0.0101267
0.144913
0.346712
0.230437
0.481969
1.0
0.0101229
-0.00802197
0.107668
0.121373
0.360796
1.0
0.0101016
0.563884
0.419457
0.60869
0.48677
1.0
0.0100923
0.165698
0.417016
0.205487
0.473759
1.0
0.0100831
0.812799
0.954281
0.857778
1.00146
1.0
0.010051
0.270687
0.554923
0.310714
0.613159
1.0
0.0100393
0.269943
0.414888
0.369685
0.55779
1.0
0.0100281
0.463736
0.477119
0.520458
0.55419
1.0
0.0100273
0.613404
0.514666
0.658213
0.581182
1.0
0.0100186
0.0388472
0.683487
0.0746196
0.739709
1.0
0.0100045
0.668498
0.522699
0.709525
0.58233
