1.0
0.0837064
0.253213
0.277783
0.720346
1.031
1.0
0.0682876
0.411399
0.199456
0.587266
0.428847
1.0
0.0491336
0.0348049
0.449222
0.0798362
0.511184
1.0
0.0445856
0.330255
0.0927975
0.658141
0.569052
1.0
0.0415897
-0.0118227
0.755621
0.232235
1.01491
1.0
0.0383359
0.0233107
0.720474
0.1118
0.853141
1.0
0.0364876
0.017224
0.43145
0.0615382
0.493044
1.0
0.0342843
0.00317928
0.228307
0.0582476
0.344031
1.0
0.0340978
0.00941154
0.362589
0.316778
0.989528
1.0
0.0323324
0.00286617
0.534718
0.0855095
0.659462
1.0
0.03085
0.0232151
0.896182
0.110755
0.997053
1.0
0.0307881
0.0147506
0.522371
0.0571984
0.580376
1.0
0.0307414
0.00575149
0.619927
0.0868616
0.738582
1.0
0.0295884
0.0212208
0.345086
0.105144
0.474555
1.0
0.0295564
0.509839
0.257552
0.964442
1.00033
1.0
0.0294701
0.0611405
0.947049
0.107775
0.997014
1.0
0.0280791
0.0390299
0.717788
0.0897955
0.781172
1.0
0.0280216
0.0195943
0.487234
0.10194
0.601844
1.0
0.0279975
0.040532
0.518878
0.0841047
0.577928
1.0
0.0275427
0.0137954
0.94582
0.0615595
0.997448
1.0
0.0266075
0.014175
0.692138
0.0605009
0.752474
1.0
0.0264223
0.73532
0.626285
1.02405
1.00207
1.0
0.0261509
0.00267417
0.54847
0.0387395
0.607116
1.0
0.0260852
0.0133465
0.792737
0.109003
0.934574
1.0
0.0258655
0.114609
0.95618
0.155065
0.999021
1.0
0.0254738
0.00108355
0.585022
0.0352255
0.644754
1.0
0.0254395
0.00451479
0.454182
0.0414954
0.514991
1.0
0.0249559
0.00306583
0.462446
0.0680633
0.56068
1.0
0.0245729
0.00061018
0.753324
0.0359297
0.813209
1.0
0.0241565
0.0794359
0.887808
0.175904
1.00078
1.0
0.0232715
0.000944857
0.656127
0.0340527
0.712195
1.0
0.023072
0.0945855
0.723713
0.180644
0.845304
1.0
0.0227153
0.05929
0.453343
0.146987
0.58149
1.0
0.0226714
0.0024853
0.71964
0.0369164
0.778823
1.0
0.0224469
0.167925
0.482755
0.250912
0.623197
1.0
0.0222706
0.0618348
0.546393
0.151961
0.681161
1.0
0.0217794
0.0122429
0.815663
0.0624516
0.883496
1.0
0.021779
0.126308
0.413574
0.210195
0.550976
1.0
0.0215849
0.0287093
0.413406
0.192706
0.690588
1.0
0.0211828
3.42969e-05
0.617731
0.0340175
0.675529
1.0
0.02114
0.371909
0.3423
0.463409
0.491967
1.0
0.0210927
0.013204
0.879602
0.060517
0.947251
1.0
0.0210352
0.0832783
0.347064
0.171249
0.48523
1.0
0.0207278
0.165243
0.454052
0.204907
0.514544
1.0
0.0207153
0.17136
0.957723
0.208351
0.997968
1.0
0.0206671
0.0631449
0.794747
0.103785
0.847485
1.0
0.0206446
0.0889212
0.955333
0.131447
0.999698
1.0
0.0204376
-0.00829785
0.578843
0.128439
0.815414
1.0
0.0204088
0.215174
0.95429
0.254857
0.996966
1.0
0.0203539
0.0024251
0.920279
0.0391042
0.983584
1.0
0.0200747
0.221058
0.484624
0.307806
0.615004
1.0
0.0200202
0.191664
0.954756
0.230202
0.996985
1.0
0.0199981
0.0622449
0.748609
0.105653
0.807364
1.0
0.0199076
0.168397
0.693104
0.252455
0.819636
1.0
0.0197373
0.185212
0.541947
0.269823
0.68155
1.0
0.0189931
0.151004
0.75273
0.231625
0.871164
1.0
0.0188391
0.190559
0.41675
0.281176
0.560171
1.0
0.018814
0.0581971
0.821988
0.103352
0.881576
1.0
0.0187667
0.143085
0.95934
0.181971
0.999941
1.0
0.0187076
0.0569334
0.290123
0.142501
0.428165
1.0
0.0186357
0.169926
0.61517
0.251732
0.745106
1.0
0.0185985
0.037981
0.795078
0.0839832
0.85218
1.0
0.0184515
0.0642884
0.342736
0.104915
0.408311
1.0
0.0183768
0.19014
0.919651
0.230013
0.97713
1.0
0.018371
0.216576
0.920744
0.258762
0.978077
1.0
0.018293
0.0921242
0.41749
0.132237
0.477941
1.0
0.018288
0.26744
0.521043
0.304512
0.578248
1.0
0.0182194
0.00175253
0.78964
0.0377445
0.850619
1.0
0.0181618
0.197765
0.793178
0.230207
0.83914
1.0
0.0179815
0.118392
0.757171
0.15957
0.812073
1.0
0.0179729
0.156875
0.873367
0.239731
0.986255
1.0
0.0179246
0.176869
0.887912
0.21023
0.936775
1.0
0.0179167
0.00234888
0.855799
0.0386456
0.917153
1.0
0.0178762
0.00208974
0.390285
0.0338031
0.446155
1.0
0.017707
0.00207744
0.310357
0.0358803
0.377855
1.0
0.0176542
0.24444
0.539672
0.331461
0.671763
1.0
0.0176494
0.0607197
0.658261
0.151269
0.784625
1.0
0.0176175
0.116872
0.725139
0.156516
0.779001
1.0
0.0174046
0.169723
0.757099
0.207204
0.807106
1.0
0.0173802
0.186331
0.794241
0.267035
0.926415
1.0
0.0173337
0.269851
0.555121
0.30454
0.608257
1.0
0.0172151
0.174052
0.789949
0.209114
0.837476
1.0
0.0171839
0.113513
0.388509
0.154517
0.449908
1.0
0.0170533
0.215924
0.487298
0.254358
0.54521
1.0
0.0169377
0.26544
0.490312
0.304101
0.547909
1.0
0.0168229
0.01521
0.343635
0.0577235
0.411103
1.0
0.0167086
0.167767
0.347006
0.257754
0.482764
1.0
0.0166593
0.093889
0.618728
0.177691
0.74613
1.0
0.0166284
0.0646743
0.584817
0.106946
0.643335
1.0
0.0164907
0.0609988
0.695087
0.104661
0.751228
1.0
0.0164387
0.193078
0.590569
0.229826
0.647007
1.0
0.0164086
0.16543
0.422631
0.204741
0.481748
1.0
0.0163369
0.216804
0.78888
0.252345
0.836911
1.0
0.016238
0.214145
0.685847
0.30215
0.82185
1.0
0.0162377
0.0891414
0.792364
0.180433
0.918916
1.0
0.0161974
0.194975
0.760182
0.23032
0.809674
1.0
0.0161827
0.193935
0.822819
0.228736
0.872876
1.0
0.0161614
0.393442
0.379638
0.440719
0.452651
1.0
0.0161063
0.0582568
0.887219
0.101277
0.947435
1.0
0.0161051
0.0661942
0.656453
0.108877
0.712771
1.0
0.0160395
0.170513
0.517465
0.210433
0.580884
1.0
0.0160082
0.0918779
0.725233
0.130266
0.777844
1.0
0.015961
0.0406
0.658015
0.0855838
0.714383
1.0
0.0158054
0.0963448
0.755044
0.133616
0.806587
1.0
0.0156803
0.143049
0.759586
0.182912
0.812611
1.0
0.0156739
0.0905403
0.450131
0.129985
0.508584
1.0
0.0156299
0.117802
0.58771
0.156153
0.644646
1.0
0.0155768
0.114986
0.451722
0.154625
0.511306
1.0
0.0155387
0.243604
0.555331
0.283737
0.61181
1.0
0.0155109
0.17448
0.827541
0.209922
0.875462
1.0
0.0154053
0.0386652
0.21721
0.120866
0.358057
1.0
0.0153501
0.19266
0.517788
0.230953
0.578179
1.0
0.0152904
0.131196
0.822571
0.216536
0.948634
1.0
0.0152805
0.191267
0.862557
0.226748
0.914578
1.0
0.0152424
0.246378
0.521282
0.284636
0.576425
1.0
0.0152041
0.0603212
0.545591
0.103649
0.606216
1.0
0.0151754
0.171786
0.656812
0.208989
0.7081
1.0
0.0151353
0.174091
0.619746
0.211384
0.67329
1.0
0.0151307
0.215908
0.520406
0.252764
0.577219
1.0
0.0150462
0.117751
0.691722
0.156909
0.743779
1.0
0.0150396
0.0957282
0.792216
0.13097
0.839036
1.0
0.0148179
0.17147
0.729682
0.208153
0.779531
1.0
0.0147876
0.216987
0.45581
0.255799
0.514824
1.0
0.0147755
0.090192
0.519126
0.129769
0.577287
1.0
0.0147648
0.244638
0.412373
0.338742
0.551725
1.0
0.0147574
0.316965
0.519025
0.358937
0.578849
1.0
0.0147515
0.130536
0.546479
0.212292
0.682836
1.0
0.014732
0.142743
0.388954
0.183264
0.448221
1.0
0.0146852
0.293517
0.523403
0.333656
0.58005
1.0
0.0146785
0.0929089
0.587749
0.132159
0.644573
1.0
0.0146158
0.0346303
0.209679
0.197785
0.498351
1.0
0.0146153
0.14234
0.923514
0.181537
0.976371
1.0
0.0145954
0.0402093
0.581782
0.0842383
0.640767
1.0
0.0145908
0.167276
0.389496
0.206862
0.447858
1.0
0.0145885
0.114478
0.486944
0.15448
0.547287
1.0
0.0145821
0.0459028
0.321324
0.0864539
0.385966
1.0
0.0145623
0.193078
0.457654
0.230709
0.514516
1.0
0.0144989
0.241113
0.954602
0.282018
0.998001
1.0
0.014493
0.0931997
0.656336
0.132178
0.710841
1.0
0.0144621
0.115293
0.520301
0.15434
0.579586
1.0
0.0144292
0.32139
0.367171
0.422631
0.525796
1.0
0.014424
0.391033
0.447283
0.438472
0.516665
1.0
0.0143258
0.0569492
0.484645
0.0994469
0.546954
1.0
0.0143117
0.117027
0.655737
0.156103
0.710147
1.0
0.0142222
0.193806
0.730804
0.227799
0.778627
1.0
0.0142219
0.117354
0.553686
0.155607
0.610271
1.0
0.014195
0.565208
0.446076
0.680358
0.598001
1.0
0.0140997
0.215804
0.556008
0.253698
0.614306
1.0
0.0140897
0.295125
0.479515
0.402151
0.619934
1.0
0.0139723
0.0405502
0.381246
0.0855034
0.448343
1.0
0.0139696
0.143359
0.698908
0.292753
0.961404
1.0
0.0139266
0.121978
0.857563
0.157015
0.905746
1.0
0.013833
0.21568
0.821093
0.252575
0.874035
1.0
0.0137911
0.0661852
0.380062
0.107047
0.44296
1.0
0.0136862
0.146986
0.859001
0.181127
0.904964
1.0
0.0136828
0.0644105
0.618581
0.109208
0.678928
1.0
0.0136329
0.220113
0.339085
0.316775
0.483037
1.0
0.0136146
0.171131
0.688161
0.207997
0.738283
1.0
0.0135836
0.266936
0.959642
0.304813
0.999636
1.0
0.0134484
0.170789
0.55265
0.209201
0.610876
1.0
0.0134359
0.117586
0.281804
0.211396
0.429902
1.0
0.0134327
0.0393675
0.618979
0.084774
0.678412
1.0
0.0133711
0.126133
0.653137
0.209009
0.781961
1.0
0.0132874
0.144411
0.727836
0.1826
0.779491
1.0
0.0132784
0.238421
0.788147
0.275953
0.838173
1.0
0.0132663
0.0372749
0.855256
0.0864968
0.919097
1.0
0.0131881
0.0929502
0.860025
0.128716
0.910004
1.0
0.0131879
0.117724
0.621066
0.155795
0.677162
1.0
0.0131569
0.0625129
0.249249
0.102879
0.318189
1.0
0.0131515
0.144769
0.830464
0.180591
0.87827
1.0
0.0130917
0.341803
0.445104
0.447968
0.590207
1.0
0.0129526
0.23808
0.743508
0.327398
0.880411
1.0
0.0129284
0.111433
0.32597
0.151621
0.384227
1.0
0.0128849
0.193492
0.689933
0.228696
0.739369
1.0
0.0126814
0.203881
0.87554
0.297947
0.995871
1.0
0.0126732
0.0855026
0.328496
0.126959
0.389248
1.0
0.0126643
0.320142
0.489268
0.359857
0.54653
1.0
0.0125887
0.267337
0.454782
0.308078
0.516555
1.0
0.0125751
0.319871
0.272044
0.416377
0.441085
1.0
0.0125667
0.217514
0.691764
0.253612
0.741063
1.0
0.0125401
0.3168
0.453732
0.359437
0.514533
1.0
0.0125064
0.0922139
0.487449
0.132188
0.547512
1.0
0.0124774
0.215061
0.857783
0.251872
0.90937
1.0
0.0123846
0.14598
0.481214
0.186576
0.544677
1.0
0.012348
0.148446
0.891116
0.183859
0.940198
1.0
0.0123261
0.340488
0.517915
0.385755
0.580231
1.0
0.0122671
0.216432
0.418043
0.256204
0.478225
1.0
0.01225
0.242213
0.61661
0.331016
0.759897
1.0
0.0122104
0.215493
0.383006
0.255523
0.44372
1.0
0.0122058
0.0602555
0.425203
0.103476
0.488705
1.0
0.0121361
0.0923335
0.69228
0.131265
0.744028
1.0
0.0120289
0.524888
0.488355
0.626416
0.6278
1.0
0.0119997
0.189256
0.540824
0.356094
0.841611
1.0
0.0119856
0.240391
0.856218
0.278398
0.910111
1.0
0.0119583
0.146051
0.589601
0.182192
0.642622
1.0
0.0119365
0.341268
0.455575
0.386447
0.518778
1.0
0.0119044
0.14914
0.407399
0.306814
0.718042
1.0
0.0117718
0.241205
0.724794
0.277892
0.776051
1.0
0.0117386
0.217126
0.661028
0.252216
0.708774
1.0
0.0116986
0.367774
0.45376
0.414068
0.520268
1.0
0.0116853
0.218185
0.728461
0.254306
0.778461
1.0
0.0116799
0.372981
0.234714
0.474978
0.399822
1.0
0.0116512
0.145812
0.691757
0.182865
0.74191
1.0
0.0116459
0.0916691
0.620146
0.133133
0.679241
1.0
0.0116353
0.193922
0.554419
0.233149
0.615243
1.0
0.0115692
0.291684
0.553791
0.33207
0.610605
1.0
0.0115408
0.242676
0.458774
0.283145
0.518233
1.0
0.0114048
0.196355
0.387267
0.232734
0.442479
1.0
0.0113787
0.413079
0.411833
0.455309
0.476064
1.0
0.0113579
0.213145
0.619377
0.251445
0.673655
1.0
0.0113555
0.147889
0.657755
0.183581
0.70792
1.0
0.0113474
0.311183
0.534443
0.426995
0.696625
1.0
0.0112802
0.242185
0.624211
0.279826
0.677085
1.0
0.011162
0.274163
0.571047
0.373095
0.72178
1.0
0.0111325
0.340763
0.584893
0.383849
0.644407
1.0
0.0111121
0.120615
0.827306
0.158736
0.878252
1.0
0.0110814
0.14534
0.555624
0.183025
0.610984
1.0
0.0110716
0.766156
0.953736
0.809069
0.99882
1.0
0.0110688
0.146977
0.623959
0.184177
0.67735
1.0
0.0110563
0.415299
0.314142
0.521706
0.480531
1.0
0.0110466
0.145647
0.520133
0.184452
0.580121
1.0
0.0109442
0.0913186
0.53904
0.259538
0.829472
1.0
0.0109411
0.12066
0.891042
0.156251
0.942247
1.0
0.0109353
0.316361
0.584335
0.358989
0.643734
1.0
0.0108765
0.820359
0.954623
0.86119
0.99761
1.0
0.0108662
0.292913
0.490077
0.335442
0.548927
1.0
0.0108321
0.242692
0.659836
0.277995
0.707998
1.0
0.0108266
0.0914117
0.550805
0.131269
0.608721
1.0
0.010802
0.239671
0.89208
0.276574
0.945184
1.0
0.0106698
0.581719
0.340641
0.682011
0.495812
1.0
0.0106261
0.239968
0.825103
0.277802
0.877938
1.0
0.0106116
0.189704
0.270902
0.287339
0.420973
1.0
0.0105632
0.0919456
0.82572
0.129523
0.877107
1.0
0.010474
0.266175
0.789742
0.302069
0.840423
1.0
0.0104434
0.193944
0.421109
0.231589
0.477463
1.0
0.0104358
0.364771
0.516295
0.410167
0.57969
1.0
0.0103439
0.512705
0.19943
0.622439
0.363527
1.0
0.0103132
0.63571
0.482457
0.687042
0.552988
1.0
0.0101962
0.242011
0.693666
0.278308
0.744131
1.0
0.0101246
0.161623
0.0132801
0.217282
0.0828728
1.0
0.0100189
0.168288
0.352243
0.20893
0.411536
1.0
0.0100095
0.617942
0.427789
0.726856
0.565023
