1.0
0.05263
0.352215
0.249312
0.566894
0.532787
1.0
0.0458054
0.0210525
0.722165
0.108527
0.865364
1.0
0.0385035
0.23715
0.0530512
0.669759
0.577759
1.0
0.0376535
0.0164138
0.448628
0.0648551
0.517388
1.0
0.037422
0.524732
0.237248
0.996169
0.998211
1.0
0.0351933
-0.0120408
0.737384
0.20715
1.00341
1.0
0.0344519
0.0345997
0.667643
0.120937
0.787082
1.0
0.0334916
0.00666694
0.626364
0.085957
0.742868
1.0
0.0334826
0.0153776
0.518551
0.0598268
0.57979
1.0
0.0333873
0.00780021
0.803968
0.0954527
0.962131
1.0
0.0300022
0.0634073
0.94765
0.108255
0.998563
1.0
0.0289725
0.0139043
0.482694
0.0963012
0.599456
1.0
0.0287312
0.258774
0.302458
0.700825
0.954515
1.0
0.0284077
0.0135526
0.690944
0.0620658
0.755851
1.0
0.0280654
0.00293961
0.53698
0.0835533
0.661731
1.0
0.0280505
0.720316
0.661014
1.01761
0.993293
1.0
0.0280153
0.00205043
0.223718
0.0591671
0.34237
1.0
0.0277824
0.00276407
0.901777
0.0663188
0.998501
1.0
0.0275666
0.000974912
0.75042
0.0374903
0.814373
1.0
0.0268108
0.0209982
0.352488
0.103959
0.486732
1.0
0.0264517
0.035855
0.894781
0.119235
0.999833
1.0
0.0264342
0.00040088
0.946983
0.0358762
0.998279
1.0
0.0253254
0.00277778
0.716859
0.0390678
0.781125
1.0
0.025211
0.121001
0.409851
0.20506
0.543455
1.0
0.0249971
0.0605653
0.746859
0.105978
0.811285
1.0
0.0249402
-0.000272678
0.619144
0.0345942
0.678151
1.0
0.0248518
0.000702929
0.655117
0.0354364
0.713759
1.0
0.0247506
0.214546
0.541069
0.308712
0.677977
1.0
0.0244307
0.000865363
0.587236
0.0350391
0.647083
1.0
0.0237682
0.00243125
0.479811
0.0395056
0.543199
1.0
0.0237261
0.0114895
0.872083
0.0605077
0.947954
1.0
0.0236936
0.0614377
0.489343
0.148483
0.611013
1.0
0.0235966
0.063161
0.521381
0.103672
0.575852
1.0
0.0235339
0.00229228
0.548538
0.0390075
0.608922
1.0
0.0235236
0.0610892
0.41547
0.152731
0.540878
1.0
0.0235065
0.0624061
0.791204
0.105243
0.852053
1.0
0.0233647
0.0904207
0.722739
0.177889
0.854496
1.0
0.0232915
0.00143034
0.816125
0.0410111
0.885279
1.0
0.0232297
0.00203481
0.311691
0.0355392
0.379608
1.0
0.0231866
0.037018
0.582507
0.12865
0.709807
1.0
0.0231556
0.287228
0.480226
0.395966
0.616875
1.0
0.0231139
0.415494
0.383569
0.537669
0.544184
1.0
0.0227115
0.173426
0.489373
0.256882
0.618721
1.0
0.0224271
0.114604
0.956116
0.154532
0.999766
1.0
0.0223863
0.171199
0.556997
0.252233
0.685315
1.0
0.0223257
0.087786
0.348897
0.177587
0.485911
1.0
0.022061
-0.0242701
0.384163
0.208565
0.892572
1.0
0.0219712
0.190148
0.677896
0.273426
0.818857
1.0
0.0218861
0.0556421
0.447713
0.1015
0.513736
1.0
0.0216798
0.0123227
0.788542
0.0624725
0.860015
1.0
0.0216077
0.122731
0.483557
0.207082
0.619114
1.0
0.0215546
0.367841
0.413726
0.410955
0.476445
1.0
0.0203988
0.0903753
0.914074
0.172279
1.01151
1.0
0.0203896
0.462131
0.296001
0.574542
0.473017
1.0
0.0203025
0.241404
0.552044
0.284421
0.611943
1.0
0.0201663
0.0911641
0.525638
0.129672
0.579378
1.0
0.0200796
0.170386
0.956272
0.208342
0.99895
1.0
0.0200615
0.216329
0.490992
0.254853
0.546671
1.0
0.0199209
0.0031956
0.426182
0.0372484
0.486011
1.0
0.0197854
0.0455139
0.786316
0.146849
0.934703
1.0
0.0195958
0.0391147
0.657549
0.0858414
0.716746
1.0
0.0195516
0.0902468
0.449664
0.130979
0.510026
1.0
0.0194807
0.266647
0.548544
0.307684
0.607624
1.0
0.0194758
0.243284
0.419013
0.342359
0.556172
1.0
0.0194493
0.0886475
0.954543
0.130385
1.0001
1.0
0.0192792
0.169657
0.486539
0.208203
0.54475
1.0
0.0191751
0.195402
0.520204
0.233268
0.576011
1.0
0.0191345
0.164011
0.453447
0.203907
0.513012
1.0
0.0191315
0.0587425
0.694274
0.104254
0.754013
1.0
0.0190447
0.0923124
0.545506
0.177953
0.676586
1.0
0.018704
0.290803
0.517663
0.337074
0.58278
1.0
0.0186643
0.216314
0.52216
0.254475
0.576776
1.0
0.0185515
0.195435
0.4199
0.2842
0.552656
1.0
0.0184424
0.187851
0.787886
0.26763
0.92451
1.0
0.018396
0.0648201
0.585751
0.106794
0.643216
1.0
0.0183585
0.113857
0.525948
0.154582
0.583228
1.0
0.0183139
0.0203694
0.269427
0.100842
0.4094
1.0
0.0182597
0.330353
0.511632
0.444697
0.652979
1.0
0.0182549
0.114749
0.720689
0.155467
0.778268
1.0
0.0177952
0.0589917
0.485421
0.100136
0.545309
1.0
0.0177175
0.171416
0.521688
0.209955
0.579145
1.0
0.0175466
0.0933316
0.620042
0.178384
0.747942
1.0
0.0175426
0.351067
0.332678
0.459738
0.483635
1.0
0.0175153
0.451702
0.476119
0.509146
0.550279
1.0
0.01751
0.065178
0.65758
0.108399
0.714248
1.0
0.0174991
0.0599614
0.27996
0.150188
0.425455
1.0
0.0174991
0.212511
0.617266
0.303548
0.757056
1.0
0.0172972
0.965679
0.589904
0.994617
0.642548
1.0
0.0172938
0.145872
0.722122
0.230021
0.853691
1.0
0.0171854
0.19161
0.592265
0.229405
0.648052
1.0
0.017111
0.170727
0.349717
0.258416
0.481863
1.0
0.0171074
0.0595761
0.8794
0.10254
0.94515
1.0
0.0170915
0.420457
0.189174
0.552152
0.386564
1.0
0.0170413
0.272232
0.344176
0.367365
0.489554
1.0
0.0169838
0.11596
0.756616
0.157739
0.815203
1.0
0.0168385
0.0931604
0.789173
0.130571
0.842079
1.0
0.0168339
0.534768
0.267791
0.62937
0.429475
1.0
0.0168339
0.241391
0.488602
0.284264
0.547686
1.0
0.0167236
0.0932028
0.753879
0.132604
0.810331
1.0
0.0167234
0.154162
0.907612
0.2305
1.0045
1.0
0.0165433
0.0396892
0.583072
0.084715
0.642859
1.0
0.0164536
0.00199345
0.387881
0.0328437
0.445496
1.0
0.0162932
0.143772
0.957463
0.183842
1.00012
1.0
0.0162754
0.19532
0.45937
0.232064
0.514681
1.0
0.016182
0.172985
0.859647
0.208011
0.91331
1.0
0.0161797
0.0900463
0.720607
0.131223
0.779717
1.0
0.0161607
0.0346989
0.54542
0.0806778
0.606508
1.0
0.0161234
0.115924
0.448545
0.158772
0.510961
1.0
0.0159704
0.567408
0.444751
0.678765
0.585014
1.0
0.0159495
0.19047
0.95441
0.231519
0.999307
1.0
0.0159463
0.217452
0.552861
0.257404
0.611794
1.0
0.0158852
0.0910065
0.387148
0.131367
0.44653
1.0
0.0158525
0.215543
0.953762
0.256299
0.998843
1.0
0.015837
0.116562
0.584817
0.156875
0.643645
1.0
0.0158333
0.12381
0.791454
0.207264
0.919521
1.0
0.015831
0.162793
0.420147
0.203251
0.480094
1.0
0.0158298
0.217925
0.456522
0.25741
0.514964
1.0
0.0158094
0.0132188
0.342033
0.0549928
0.409005
1.0
0.0157381
0.0354432
0.845685
0.0870883
0.921942
1.0
0.015691
0.145146
0.48206
0.185667
0.543864
1.0
0.0156213
0.0982345
0.812091
0.253763
1.0243
1.0
0.0156122
0.214149
0.584846
0.254842
0.64283
1.0
0.0155874
0.172933
0.791974
0.208041
0.84321
1.0
0.0155351
0.0356952
0.428866
0.0822796
0.498433
1.0
0.0154473
0.183054
0.868255
0.272515
0.993515
1.0
0.0152973
0.313876
0.417562
0.423545
0.557067
1.0
0.015221
0.0383528
0.620476
0.0848276
0.680618
1.0
0.0152078
0.0926794
0.585051
0.132382
0.642938
1.0
0.015172
0.271103
0.571307
0.379181
0.722611
1.0
0.0150598
0.173438
0.823969
0.208865
0.876016
1.0
0.0150492
0.151268
0.618947
0.231163
0.745821
1.0
0.0149646
0.196657
0.796938
0.230497
0.84705
1.0
0.0149406
0.966472
0.626118
0.994738
0.67786
1.0
0.0148524
0.217517
0.345297
0.312339
0.485027
1.0
0.0148223
0.265334
0.488554
0.310307
0.550808
1.0
0.0147286
0.143197
0.390888
0.184041
0.451115
1.0
0.0147219
0.0926612
0.656816
0.131334
0.710977
1.0
0.0147186
0.0920317
0.859322
0.128587
0.913993
1.0
0.0146972
0.364386
0.437586
0.494722
0.581167
1.0
0.0146816
0.173423
0.618668
0.211828
0.673149
1.0
0.0146206
0.0154638
0.38641
0.0573937
0.449683
1.0
0.0145246
0.115458
0.38915
0.157108
0.448841
1.0
0.0145121
0.0907795
0.488183
0.130364
0.547022
1.0
0.0145081
0.966176
0.657179
0.994587
0.708936
1.0
0.0144995
0.291296
0.451624
0.338456
0.517504
1.0
0.0144502
0.144203
0.523073
0.183286
0.580339
1.0
0.0143518
0.168982
0.75768
0.206497
0.810377
1.0
0.0142638
0.351968
0.169358
0.481031
0.367148
1.0
0.0141897
0.169841
0.554243
0.208447
0.611028
1.0
0.0141211
0.265595
0.452588
0.311225
0.516934
1.0
0.0140674
0.499928
0.210674
0.594509
0.370569
1.0
0.0140644
0.967086
0.69088
0.995022
0.742388
1.0
0.0140612
0.218367
0.417789
0.258265
0.476537
1.0
0.0140609
0.0422264
0.209505
0.127803
0.35036
1.0
0.0139977
0.142711
0.922584
0.182316
0.97891
1.0
0.0139696
0.0899265
0.338517
0.257594
0.640594
1.0
0.0139583
0.120372
0.855897
0.155477
0.90797
1.0
0.0139342
0.338312
0.447415
0.387791
0.517497
1.0
0.0139266
0.38458
0.118125
0.522851
0.279648
1.0
0.0139031
0.265145
0.177607
0.461547
0.507223
1.0
0.0138016
0.363202
0.95019
0.41135
0.999901
1.0
0.0137798
0.336743
0.51345
0.386096
0.581388
1.0
0.0137386
0.2981
0.267514
0.390705
0.423187
1.0
0.0137255
0.171227
0.723262
0.208743
0.776625
1.0
0.013713
0.218402
0.721308
0.25608
0.776578
1.0
0.0136986
0.488322
0.3177
0.538721
0.392136
1.0
0.0136766
0.315189
0.485539
0.362312
0.551719
1.0
0.0136601
0.409853
0.377391
0.469172
0.455821
1.0
0.0135981
0.165611
0.389973
0.205606
0.448191
1.0
0.0135672
0.318072
0.582191
0.364778
0.646032
1.0
0.0135381
0.144017
0.549872
0.30281
0.849263
1.0
0.0134854
0.192565
0.656057
0.230264
0.710917
1.0
0.0134823
0.143371
0.786056
0.179877
0.838693
1.0
0.0134545
0.212678
0.619151
0.254278
0.677362
1.0
0.013423
0.511293
0.377487
0.561102
0.450855
1.0
0.0134119
0.19461
0.722661
0.231192
0.775708
1.0
0.0134115
0.560822
0.344354
0.662374
0.493651
1.0
0.0133997
0.388667
0.446617
0.440639
0.515318
1.0
0.0133813
0.45848
0.346227
0.513371
0.422764
1.0
0.0133024
0.965695
0.557602
0.994608
0.612283
1.0
0.0132903
0.217376
0.756088
0.254494
0.81225
1.0
0.0132359
0.216606
0.689549
0.255255
0.74472
1.0
0.0132295
0.144151
0.554448
0.183534
0.611118
1.0
0.0132086
0.495886
0.40153
0.615932
0.552231
1.0
0.0132049
0.171351
0.65527
0.209552
0.709787
1.0
0.0131819
0.0659988
0.348803
0.10638
0.411317
1.0
0.0131639
0.116284
0.620898
0.156758
0.677884
1.0
0.0130805
0.1467
0.85604
0.181424
0.906139
1.0
0.013009
0.216205
0.816917
0.254849
0.874614
1.0
0.0129561
0.293818
0.655528
0.335051
0.711627
1.0
0.012929
0.144265
0.826813
0.180745
0.879295
1.0
0.0128416
0.146386
0.58665
0.184492
0.641575
1.0
0.0128381
0.19386
0.552953
0.233834
0.61239
1.0
0.0128235
0.799834
0.673275
0.880886
0.807455
1.0
0.0128151
0.171278
0.687839
0.209859
0.741953
1.0
0.0127976
0.115842
0.486148
0.157048
0.546125
1.0
0.0127973
0.19357
0.688703
0.231945
0.743083
1.0
0.0127478
0.238942
0.621337
0.279752
0.678934
1.0
0.0127455
0.191709
0.859907
0.228997
0.916058
1.0
0.01263
0.34416
0.382221
0.390646
0.451255
1.0
0.0126013
0.143783
0.72274
0.182274
0.777187
1.0
0.0125887
0.115312
0.654769
0.155611
0.710296
1.0
0.0125331
0.247772
0.468665
0.439471
0.760776
1.0
0.0125041
0.293021
0.581838
0.336006
0.641381
1.0
0.0124916
0.216935
0.658968
0.254825
0.712827
1.0
0.012419
0.340365
0.653606
0.379432
0.708845
1.0
0.0123953
0.965781
0.523022
0.995024
0.578556
1.0
0.0123789
0.0428509
0.348332
0.0836159
0.412918
1.0
0.0123317
0.239825
0.657635
0.277674
0.710712
1.0
0.0123233
0.239323
0.72104
0.276022
0.773753
1.0
0.0123081
0.822535
0.722038
0.856467
0.771594
1.0
0.0122863
0.194437
0.757762
0.231308
0.812041
1.0
0.0122388
0.0881171
0.349136
0.13072
0.411556
1.0
0.0122243
0.416006
0.515903
0.46361
0.577105
1.0
0.0121993
0.603912
0.390821
0.707009
0.530537
1.0
0.0121749
0.195504
0.421402
0.232506
0.476389
1.0
0.0121638
0.386526
0.348908
0.441209
0.421664
1.0
0.012139
0.119002
0.281899
0.209403
0.430006
1.0
0.0121116
0.826045
0.692813
0.858506
0.741005
1.0
0.012103
0.239253
0.952987
0.28278
0.999626
1.0
0.0120899
0.0536692
0.508508
0.396523
1.12859
1.0
0.0120777
0.82202
0.791344
0.856927
0.841798
1.0
0.0119854
0.316434
0.416719
0.362005
0.481856
1.0
0.0119479
0.0407548
0.204351
0.207448
0.501892
1.0
0.0119418
0.823068
0.824767
0.857539
0.874375
1.0
0.0119255
0.968009
0.758982
0.996243
0.81089
1.0
0.0119038
0.120419
0.823475
0.159078
0.879916
1.0
0.0118742
0.0402828
0.382836
0.0840532
0.449808
1.0
0.0118515
0.317852
0.655001
0.358673
0.711718
1.0
0.0118413
0.629066
0.610337
0.73147
0.763368
1.0
0.0117761
0.967288
0.723046
0.995898
0.775407
1.0
0.011736
0.0670568
0.383692
0.107853
0.44575
1.0
0.0117339
0.712847
0.746035
0.801972
0.891142
1.0
0.0117261
0.823308
0.758098
0.85747
0.807789
1.0
0.0117178
0.33747
0.550172
0.38891
0.619623
1.0
0.0116693
0.363419
0.516658
0.410533
0.581633
1.0
0.0116459
0.0904169
0.82121
0.129313
0.87864
1.0
0.0116327
0.24042
0.672512
0.33124
0.818065
1.0
0.0116162
0.613552
0.455012
0.661203
0.51873
1.0
0.0115898
0.0656307
0.247403
0.10762
0.316707
1.0
0.0115692
0.0920048
0.621531
0.133402
0.679307
1.0
0.0114872
0.663595
0.774261
0.757024
0.926403
1.0
0.0114826
0.448691
0.538459
0.542185
0.681533
1.0
0.0114199
0.0909729
0.691454
0.13128
0.746731
1.0
0.011415
0.320754
0.353812
0.360197
0.414534
1.0
0.0114148
0.768657
0.748262
0.856499
0.884029
1.0
0.0114064
0.510356
0.443926
0.559962
0.515749
1.0
0.0113655
0.821895
0.618491
0.899578
0.739626
1.0
0.0113034
0.239173
0.692601
0.276539
0.745465
1.0
0.0112859
0.196472
0.38859
0.233553
0.444125
1.0
0.0112771
0.598752
0.489096
0.71256
0.645941
1.0
0.0111901
0.26855
0.65659
0.30756
0.710546
1.0
0.0111773
0.361125
0.582731
0.405712
0.64402
1.0
0.0111324
0.317598
0.61759
0.363495
0.679902
1.0
0.0110743
0.389945
0.518589
0.43857
0.581698
1.0
0.011021
0.585342
0.670411
0.686027
0.822383
1.0
0.0110179
0.365131
0.31957
0.413695
0.388402
1.0
0.0109933
0.14653
0.62391
0.185765
0.678155
1.0
0.0109763
0.541409
0.378815
0.587497
0.447554
1.0
0.0109483
0.29313
0.620906
0.337262
0.680527
1.0
0.010775
0.269075
0.205702
0.365282
0.361477
1.0
0.0106261
0.193095
0.273941
0.286149
0.423176
1.0
0.0105806
0.797383
0.724268
0.831244
0.772637
1.0
0.0105203
0.264327
0.958596
0.305063
1.00132
1.0
0.0104963
0.118665
0.887654
0.15509
0.943548
1.0
0.0104787
0.715852
0.641956
0.806659
0.80069
1.0
0.0104701
0.538879
0.447437
0.586654
0.512473
1.0
0.0104553
0.63811
0.489266
0.687163
0.552478
1.0
0.0104482
0.303835
0.134235
0.410629
0.29471
1.0
0.0104454
0.319903
0.320553
0.359614
0.382124
1.0
0.0103727
0.795325
0.791925
0.831144
0.841576
1.0
0.0103581
0.775154
0.610787
0.861628
0.749017
1.0
0.0103344
0.332133
0.599323
0.436582
0.754052
1.0
0.010309
0.539401
0.318286
0.581841
0.383886
1.0
0.0102405
0.145504
0.691492
0.18414
0.744986
1.0
0.0102361
0.266582
0.621507
0.30726
0.679351
1.0
0.010206
0.847786
0.662143
0.876162
0.703942
1.0
0.0101888
0.113038
0.323105
0.154738
0.384694
1.0
0.0101777
0.340264
0.897224
0.441318
1.00485
1.0
0.010127
0.966878
0.490527
0.995279
0.546214
1.0
0.010122
0.501313
0.620058
0.538638
0.676625
1.0
0.0101021
0.514947
0.269604
0.717208
0.561209
1.0
0.0100553
0.23975
0.82208
0.278878
0.877402
1.0
0.0100372
0.267681
0.419372
0.311192
0.480192
1.0
0.0100342
0.563519
0.449611
0.611425
0.517406
1.0
0.0100122
0.238964
0.793051
0.277106
0.846923
