1.0
0.68553
0.484953
0.289341
0.65889
0.593278
1.0
0.127452
0.257302
0.348579
0.66519
0.932634
1.0
0.0493487
0.0112435
0.602669
0.0545901
0.671144
1.0
0.0373389
0.00406094
0.555173
0.0374364
0.622616
1.0
0.0331576
0.129492
0.612373
0.201418
0.74214
1.0
0.0306946
0.00229481
0.00398494
0.035621
0.0538261
1.0
0.0274789
-0.00329669
0.788201
0.0648921
0.919086
1.0
0.0272223
6.0644e-05
0.712882
0.0757367
0.852374
1.0
0.0266426
0.00215229
0.749573
0.0373756
0.813996
1.0
0.0258311
0.0036016
0.646834
0.0368721
0.71081
1.0
0.0254727
0.533355
0.217684
0.64822
0.375524
1.0
0.0253187
0.575065
0.272773
0.68815
0.454662
1.0
0.0244041
-0.00986352
0.826639
0.113805
0.999064
1.0
0.023881
0.00797846
0.607865
0.0846044
0.742291
1.0
0.0237889
0.754644
0.711459
1.01607
1.01888
1.0
0.0235817
0.00303676
0.68229
0.0363028
0.741989
1.0
0.0232549
0.106049
0.545335
0.184759
0.683115
1.0
0.0231232
0.268944
0.658054
0.312433
0.719549
1.0
0.0228972
0.149584
0.649421
0.186128
0.70652
1.0
0.0219416
0.000210095
0.278991
0.0554151
0.408211
1.0
0.0219169
0.216669
0.54972
0.311432
0.682853
1.0
0.0210447
0.250796
0.628195
0.356549
0.759251
1.0
0.0207898
0.166232
0.625287
0.249672
0.748192
1.0
0.0202843
0.00698324
-0.00883873
0.0751149
0.0867997
1.0
0.0197854
0.0718914
0.65041
0.155097
0.78897
1.0
0.0197552
0.168033
0.55416
0.253452
0.682662
1.0
0.0197467
0.162708
0.624516
0.199414
0.680636
1.0
0.0195417
0.632423
0.369239
0.725817
0.521165
1.0
0.0193706
0.0768828
0.479038
0.157977
0.611636
1.0
0.019322
0.477531
0.249775
0.599386
0.442104
1.0
0.0192743
0.0381564
0.614964
0.0730719
0.670765
1.0
0.0190541
0.143738
0.588081
0.183463
0.651438
1.0
0.0188825
0.00315207
0.449023
0.0355753
0.518641
1.0
0.0187885
0.216944
0.621478
0.255112
0.676159
1.0
0.0186769
0.0144641
0.528095
0.0523538
0.589084
1.0
0.0185674
0.0681119
0.654865
0.101425
0.706641
1.0
0.0184226
0.243218
0.659605
0.285217
0.715575
1.0
0.0182764
0.244214
0.689119
0.287335
0.744229
1.0
0.0182029
0.0407506
0.65323
0.0770281
0.710652
1.0
0.0179322
0.00194812
0.499358
0.0672586
0.637403
1.0
0.017412
0.666261
0.634058
0.779269
0.767873
1.0
0.0173102
0.269496
0.622594
0.310597
0.680545
1.0
0.0171062
0.0141499
0.724283
0.0561839
0.788485
1.0
0.0169373
0.139945
0.492017
0.223809
0.631664
1.0
0.0169224
0.0111276
0.479302
0.0485083
0.543905
1.0
0.0168073
0.00258861
0.408211
0.069179
0.557086
1.0
0.0167925
0.167361
0.684017
0.202999
0.740112
1.0
0.0166336
0.00244627
0.0518768
0.0317817
0.111832
1.0
0.0165945
0.123755
0.584494
0.161488
0.642298
1.0
0.0164642
0.266219
0.554146
0.372014
0.693201
1.0
0.0164148
0.21817
0.658237
0.255422
0.711458
1.0
0.0164014
0.585183
0.440061
0.639444
0.524896
1.0
0.0163859
0.439314
0.310944
0.55958
0.51209
1.0
0.0161722
0.219296
0.688568
0.256455
0.741063
1.0
0.016099
0.00963237
0.41375
0.0492936
0.487095
1.0
0.0160584
0.49122
0.669912
0.589524
0.815672
1.0
0.0158377
0.035776
0.75003
0.077142
0.812696
1.0
0.0157839
0.343963
0.470201
0.441531
0.623783
1.0
0.015745
0.113324
0.0153245
0.163786
0.0812583
1.0
0.0156802
0.632288
0.252165
0.724823
0.402014
1.0
0.0155697
0.268421
0.588332
0.310755
0.648674
1.0
0.0155041
0.643146
0.383202
0.689766
0.449369
1.0
0.0154895
0.128649
0.679564
0.205876
0.817683
1.0
0.0150656
0.216805
0.589258
0.256703
0.646851
1.0
0.0150457
0.00226063
0.820651
0.0364743
0.882486
1.0
0.0150425
0.457508
0.601254
0.569583
0.750448
1.0
0.0148996
0.369434
0.61599
0.492187
0.768802
1.0
0.0148968
0.0966937
0.587713
0.131068
0.640665
1.0
0.0148765
0.0423482
0.5304
0.0754057
0.582045
1.0
0.0148387
0.241426
0.621444
0.284926
0.680126
1.0
0.0147876
0.561303
0.31676
0.616134
0.395648
1.0
0.0146824
0.255742
0.506569
0.444398
0.779522
1.0
0.0146279
0.195775
0.625365
0.230106
0.675799
1.0
0.0146219
0.0939867
0.658142
0.126793
0.708133
1.0
0.0146012
0.19688
0.656372
0.290337
0.785869
1.0
0.0145888
0.00221428
0.383213
0.034218
0.452466
1.0
0.0145642
0.667327
0.318624
0.753777
0.457934
1.0
0.0144884
0.0657574
0.592993
0.0988809
0.644494
1.0
0.0144207
0.584581
0.382336
0.639184
0.463301
1.0
0.0143808
0.0927658
0.408103
0.178677
0.556342
1.0
0.0142608
0.666273
0.356913
0.705824
0.417225
1.0
0.0142565
0.566892
0.699887
0.688794
0.85682
1.0
0.0141732
0.031774
0.685424
0.118097
0.82049
1.0
0.0141247
0.0420614
0.444902
0.124301
0.588484
1.0
0.0140014
0.423166
0.500671
0.629762
0.804758
1.0
0.013985
0.0951572
0.517684
0.13285
0.573475
1.0
0.0138799
0.634703
0.47176
0.731681
0.62778
1.0
0.0138194
0.422775
0.502366
0.527528
0.658483
1.0
0.0137204
0.0971756
0.721143
0.132217
0.773427
1.0
0.0136943
0.1192
0.723394
0.153329
0.7735
1.0
0.013668
0.600167
0.82754
0.811662
1.01023
1.0
0.0136334
0.197052
0.593947
0.231411
0.645134
1.0
0.0136174
0.373379
0.405296
0.46455
0.563966
1.0
0.0135099
0.240449
0.588273
0.283431
0.647935
1.0
0.013426
0.117917
0.52155
0.156177
0.579118
1.0
0.013426
0.0679668
0.723277
0.103576
0.77711
1.0
0.0133382
0.239018
0.692996
0.35794
0.848862
1.0
0.0132837
0.684815
0.381159
0.777821
0.521762
1.0
0.0132362
0.193009
0.659906
0.22827
0.709598
1.0
0.013232
0.0690753
0.522599
0.103754
0.575738
1.0
0.0131611
0.0942383
0.00313335
0.136181
0.0521106
1.0
0.0131031
0.0604435
0.785284
0.160387
0.934686
1.0
0.0129854
0.164561
0.752427
0.201028
0.807602
1.0
0.0129618
0.0110019
0.945902
0.0567229
0.996168
1.0
0.0129461
0.124758
0.653293
0.160908
0.707581
1.0
0.0129261
0.241655
0.472438
0.341848
0.620338
1.0
0.0129036
0.50652
0.268321
0.916499
0.941512
1.0
0.0128879
0.033014
0.558063
0.111499
0.681193
1.0
0.0128791
0.0955401
0.694345
0.129249
0.745209
1.0
0.01282
0.311512
0.653337
0.361029
0.719537
1.0
0.0127154
0.551357
0.466028
0.661766
0.639254
1.0
0.0127048
0.611221
0.414588
0.661018
0.48734
1.0
0.0126817
0.612722
0.348716
0.66116
0.422871
1.0
0.0126553
0.0382281
0.683601
0.0749101
0.741298
1.0
0.0125267
0.16338
0.557566
0.201868
0.614542
1.0
0.0125217
0.534289
0.529668
0.741706
0.811792
1.0
0.012428
0.435297
0.806857
0.614778
1.02576
1.0
0.0122216
0.0697371
0.453403
0.105939
0.511373
1.0
0.012191
0.614542
0.581953
0.663282
0.654831
1.0
0.0121669
0.0625396
0.62132
0.0982527
0.678405
1.0
0.01215
0.718772
0.674419
0.818877
0.809602
1.0
0.0121328
0.316402
0.587333
0.362377
0.649372
1.0
0.0119942
0.108731
0.478997
0.257082
0.767079
1.0
0.0119909
0.522207
0.752578
0.561987
0.811366
1.0
0.0119904
0.691644
0.251095
0.779221
0.390864
1.0
0.0119851
0.404507
0.272527
0.500724
0.435347
1.0
0.0119638
0.142894
0.528899
0.179479
0.585273
1.0
0.0119393
0.641887
0.31562
0.687605
0.382265
1.0
0.0119141
0.13451
0.0341927
0.245742
0.192083
1.0
0.0118634
0.388281
0.580999
0.436536
0.647611
1.0
0.0118471
0.635545
0.4448
0.684025
0.514022
1.0
0.0118146
0.558561
0.472051
0.615699
0.553313
1.0
0.0117526
0.499584
0.750045
0.592465
0.898735
1.0
0.0117348
0.161639
0.768483
0.402773
1.0397
1.0
0.0117236
0.149636
0.724292
0.182848
0.776185
1.0
0.0117092
0.166238
0.720323
0.203243
0.777125
1.0
0.0116959
0.26552
0.711311
0.310742
0.77419
1.0
0.0116933
0.710592
0.655299
0.7591
0.721167
1.0
0.0116859
0.56155
0.163466
0.662012
0.295513
1.0
0.0116778
0.144592
0.409888
0.23121
0.553442
1.0
0.0116677
0.0952962
0.455803
0.133052
0.514036
1.0
0.0116083
0.51016
0.312061
0.56452
0.39069
1.0
0.0115559
0.0972898
2.47434e-05
0.194422
0.122786
1.0
0.0115481
0.737762
0.684896
0.785028
0.748316
1.0
0.0114957
0.356693
0.54657
0.461183
0.685953
1.0
0.0114776
0.607022
0.474662
0.658498
0.554303
1.0
0.0114463
0.316097
0.623729
0.360464
0.683453
1.0
0.0114402
0.119737
0.45593
0.155644
0.511987
1.0
0.0113892
0.00104369
0.256306
0.0348863
0.325579
1.0
0.0113887
0.536829
0.282763
0.589538
0.354914
1.0
0.0113267
0.715677
0.477877
0.810316
0.617642
1.0
0.0112818
0.366339
0.717469
0.808389
1.03393
1.0
0.0112294
0.641783
0.517287
0.688233
0.585339
1.0
0.0112284
0.562048
0.243757
0.616418
0.319023
1.0
0.0112105
0.517739
0.718859
0.559456
0.778977
1.0
0.0111883
0.0669963
0.687812
0.10199
0.742898
1.0
0.0111855
0.191822
0.687718
0.230379
0.742398
1.0
0.0111325
0.137168
0.00207419
0.185696
0.054382
1.0
0.0111273
0.161101
0.0147011
0.215615
0.0842463
1.0
0.0111224
0.292197
0.589023
0.335608
0.647888
1.0
0.0111102
0.34351
0.380891
0.531034
0.692132
1.0
0.0111011
0.509882
0.64706
0.561685
0.722028
1.0
0.0110866
0.0147539
0.33289
0.098521
0.49363
1.0
0.011084
0.315667
0.280832
0.408378
0.421797
1.0
0.0110515
0.616587
0.277681
0.665019
0.348168
1.0
0.011047
0.160113
0.556165
0.32749
0.84082
1.0
0.0107362
0.493766
0.711035
0.537431
0.772886
1.0
0.0107264
0.58458
0.502265
0.637921
0.583992
1.0
0.0107238
0.217531
0.555634
0.257787
0.614077
1.0
0.0106795
0.441157
0.225148
0.539259
0.377007
1.0
0.0106794
0.539505
0.640344
0.6523
0.794108
1.0
0.0106766
0.0688213
-1.06506e-05
0.111096
0.050766
1.0
0.0106312
0.270788
0.557066
0.310755
0.613947
1.0
0.010628
0.166452
0.524904
0.205348
0.582737
1.0
0.0106043
0.287706
0.681012
0.338305
0.747554
1.0
0.0105275
0.560154
0.410778
0.615545
0.491443
1.0
0.0105251
0.0643997
0.75466
0.103703
0.812976
1.0
0.0105249
0.0691753
0.339322
0.159862
0.487264
1.0
0.0104864
0.0944021
0.624323
0.128403
0.677986
1.0
0.0104668
0.163786
0.707645
0.259289
0.852154
1.0
0.0104576
0.729628
0.592145
0.827304
0.728254
1.0
0.0104573
0.717419
0.324765
0.752872
0.373819
1.0
0.0104338
0.790183
0.71369
0.874902
0.847547
1.0
0.0104268
0.587092
0.216447
0.635846
0.283407
1.0
0.0104104
0.124824
0.620498
0.162008
0.678767
1.0
0.0103396
0.637357
0.257752
0.681758
0.321487
1.0
0.0102902
0.487081
0.381803
0.537383
0.455545
1.0
0.0102644
0.588224
0.577943
0.63871
0.647868
1.0
0.0102569
0.342169
0.339493
0.43762
0.497274
1.0
0.0102522
0.0937438
0.755977
0.130801
0.811172
1.0
0.0102219
0.34377
0.199152
0.443876
0.353603
1.0
0.010218
-0.00877597
0.161521
0.117817
0.417507
1.0
0.0101756
0.120491
0.69332
0.152839
0.741384
1.0
0.0101339
0.663456
0.411496
0.709387
0.478332
1.0
0.0100923
0.814293
0.957281
0.855211
1.00145
1.0
0.0100622
0.650698
0.557454
0.757846
0.696846
1.0
0.0100564
-0.0187179
0.49794
0.213381
1.00503
1.0
0.0100418
0.462837
0.277633
0.510065
0.349922
1.0
0.0100351
0.391004
0.512045
0.439703
0.583033
