1.0
0.0722412
0.422292
0.290867
1.06363
1.0709
1.0
0.0519514
-0.00810225
0.760436
0.228332
1.00836
1.0
0.0427128
0.120454
0.324647
0.569702
0.992884
1.0
0.0410191
0.360301
0.194774
0.543163
0.434208
1.0
0.0375616
0.0218382
0.72258
0.111878
0.861072
1.0
0.0364688
0.0189901
0.449865
0.0624554
0.509979
1.0
0.0341605
0.0228044
0.894137
0.110769
0.997016
1.0
0.0336495
0.0604314
0.946424
0.108
0.997491
1.0
0.0321079
0.0125601
0.792663
0.110261
0.938559
1.0
0.0311356
0.00374883
0.220578
0.0624526
0.337449
1.0
0.0291478
0.000161145
0.949111
0.0364508
0.998293
1.0
0.0284694
-0.0100531
0.36205
0.238886
0.859884
1.0
0.0263934
0.114439
0.9563
0.15612
0.999071
1.0
0.0258771
0.0138779
0.548409
0.0556234
0.606544
1.0
0.025599
0.00301342
0.538524
0.0851561
0.661014
1.0
0.0255756
0.0979696
0.725121
0.183895
0.841648
1.0
0.0247622
0.0109235
0.81367
0.0642051
0.88849
1.0
0.0243262
0.288255
0.105447
0.646964
0.612415
1.0
0.023699
0.0195801
0.62813
0.111615
0.750351
1.0
0.0235293
0.0128232
0.877025
0.0614931
0.947508
1.0
0.0235234
0.0816872
0.886007
0.185285
1.00144
1.0
0.0235138
0.00323092
0.520404
0.0383542
0.579738
1.0
0.0235134
0.169119
0.956727
0.2092
0.998157
1.0
0.02348
0.0577833
0.718129
0.102515
0.778095
1.0
0.0233495
0.16513
0.555985
0.246421
0.688286
1.0
0.0232905
0.120967
0.726419
0.160962
0.780536
1.0
0.0231973
0.000417838
0.749832
0.0375451
0.814411
1.0
0.0227017
0.169026
0.759446
0.20529
0.806081
1.0
0.0223458
0.00209931
0.482229
0.0368216
0.541277
1.0
0.0222254
0.168224
0.69548
0.250749
0.817029
1.0
0.0222154
0.0654526
0.545395
0.157985
0.677868
1.0
0.021912
0.0203495
0.34208
0.106685
0.479951
1.0
0.0212648
0.0124042
0.691574
0.0597201
0.755539
1.0
0.0210452
0.0616583
0.749648
0.10535
0.809513
1.0
0.0210072
0.174422
0.887473
0.21068
0.938321
1.0
0.0208922
0.0634832
0.794168
0.105276
0.848014
1.0
0.0208093
0.00129395
0.584407
0.0350779
0.644091
1.0
0.0206251
0.017252
0.448808
0.0967453
0.562057
1.0
0.0206167
0.00374377
0.426765
0.0375002
0.484035
1.0
0.0205795
0.141822
0.757142
0.182425
0.809015
1.0
0.0203659
0.1739
0.79201
0.20886
0.837097
1.0
0.0201563
0.0878748
0.955232
0.131694
1.0001
1.0
0.020129
0.142744
0.958402
0.184517
0.999783
1.0
0.0199752
0.0228113
0.261771
0.102332
0.403464
1.0
0.0198491
0.0954587
0.619964
0.180945
0.740885
1.0
0.019674
0.170699
0.861068
0.207792
0.912067
1.0
0.0194221
0.171604
0.917913
0.2131
0.975054
1.0
0.0191995
0.172587
0.593141
0.211426
0.649066
1.0
0.0191499
0.731621
0.602984
1.03353
1.00016
1.0
0.0191405
0.00173753
0.85317
0.0401104
0.917612
1.0
0.0190358
0.15104
0.903188
0.23297
1.00246
1.0
0.0189936
0.214662
0.954919
0.255292
0.997482
1.0
0.0185772
0.0573036
0.821335
0.104605
0.884206
1.0
0.0185682
0.189672
0.619773
0.227863
0.674508
1.0
0.0184761
0.144332
0.480093
0.232592
0.624308
1.0
0.0184595
0.0643997
0.416273
0.154772
0.545606
1.0
0.0184595
0.167549
0.764704
0.246706
0.878633
1.0
0.0184226
0.0386831
0.521948
0.0801342
0.57671
1.0
0.0183926
0.0887678
0.479367
0.177181
0.617105
1.0
0.0183635
0.187958
0.615498
0.272616
0.747459
1.0
0.0182931
0.120186
0.414698
0.209428
0.558756
1.0
0.0182797
0.118235
0.589552
0.156476
0.646
1.0
0.0182343
0.0155977
0.31249
0.0550677
0.375756
1.0
0.0181207
0.000869831
0.785911
0.0389039
0.852087
1.0
0.0181207
0.195177
0.796891
0.22791
0.841177
1.0
0.0181084
0.142157
0.73
0.180861
0.779737
1.0
0.0180421
0.000254273
0.619033
0.0341533
0.677204
1.0
0.0179639
0.0655089
0.521385
0.105392
0.575906
1.0
0.0178843
0.00121442
0.656362
0.0347458
0.713799
1.0
0.017852
0.0373707
0.79402
0.0853035
0.853957
1.0
0.0175776
0.0576277
0.448275
0.102069
0.511776
1.0
0.0175626
0.212333
0.544229
0.309319
0.684871
1.0
0.0172541
0.0619444
0.664564
0.157305
0.786986
1.0
0.0171122
0.123011
0.813192
0.283696
1.01133
1.0
0.0170842
0.173059
0.826717
0.20885
0.872127
1.0
0.0170224
0.118586
0.62196
0.156595
0.676326
1.0
0.0170026
0.0853981
0.343396
0.17786
0.486302
1.0
0.0169442
0.117107
0.654259
0.156085
0.706254
1.0
0.016938
0.0931689
0.521654
0.132727
0.578389
1.0
0.0169377
0.0574715
0.88561
0.101879
0.948213
1.0
0.0168637
0.169676
0.731972
0.206425
0.779088
1.0
0.0168531
0.166885
0.420041
0.260794
0.56336
1.0
0.0168461
0.193164
0.653481
0.229206
0.703299
1.0
0.0168077
0.215727
0.82136
0.252351
0.870977
1.0
0.0167623
0.194236
0.730772
0.228841
0.777063
1.0
0.0166706
0.192794
0.821272
0.228299
0.868459
1.0
0.0166517
0.193112
0.759949
0.228184
0.807601
1.0
0.0166487
0.00207715
0.391432
0.0326949
0.446847
1.0
0.0165021
0.095114
0.792509
0.131439
0.838912
1.0
0.0163863
0.215913
0.758375
0.251648
0.808298
1.0
0.0161719
0.22051
0.481398
0.318548
0.611261
1.0
0.0160504
0.0653286
0.585484
0.105712
0.641841
1.0
0.0159246
0.168279
0.48465
0.20951
0.547048
1.0
0.0157724
0.164853
0.455793
0.204975
0.51558
1.0
0.0156953
0.0950087
0.587953
0.133042
0.643592
1.0
0.0156453
0.119978
0.69697
0.159411
0.747973
1.0
0.0156193
0.215064
0.919606
0.258516
0.979127
1.0
0.0155274
0.215011
0.793388
0.250483
0.84111
1.0
0.0153809
0.211458
0.681034
0.299311
0.817577
1.0
0.0153668
0.0360372
0.431982
0.0790511
0.494709
1.0
0.015357
0.0352667
0.851365
0.0874106
0.920219
1.0
0.0153321
0.473904
0.552129
0.555301
0.680328
1.0
0.0152563
0.141294
0.922758
0.184552
0.977922
1.0
0.0151789
0.216935
0.726881
0.253411
0.777086
1.0
0.0151513
0.120853
0.784108
0.158764
0.831969
1.0
0.0151183
0.147138
0.590737
0.184239
0.643433
1.0
0.0150798
0.0883992
0.795061
0.182391
0.917575
1.0
0.0150082
0.00250187
0.347592
0.0326614
0.40525
1.0
0.0148086
0.262598
0.414062
0.378252
0.557177
1.0
0.014799
0.0913818
0.450279
0.131376
0.510581
1.0
0.0146724
0.0856308
0.63919
0.256892
0.893609
1.0
0.014612
0.494355
0.586618
0.534715
0.648961
1.0
0.0146053
0.0939751
0.724959
0.133188
0.777692
1.0
0.0144916
0.12155
0.667093
0.206845
0.788359
1.0
0.0144785
0.315327
0.36768
0.42023
0.524866
1.0
0.0144686
0.0159149
0.392617
0.0563411
0.451554
1.0
0.0144594
0.0978087
0.756763
0.13582
0.808377
1.0
0.0143845
0.171192
0.695887
0.207592
0.742219
1.0
0.0143455
0.0450639
0.315482
0.0824004
0.377938
1.0
0.0143097
0.146558
0.855925
0.183508
0.903529
1.0
0.01428
0.166835
0.341521
0.259926
0.484255
1.0
0.0140487
0.0946082
0.65492
0.133603
0.707379
1.0
0.0140321
0.0375031
0.478832
0.0798423
0.537828
1.0
0.0139791
0.030498
0.273219
0.203381
0.573484
1.0
0.0139558
0.240616
0.955359
0.282397
0.998559
1.0
0.0139464
0.0535105
0.211514
0.146966
0.367811
1.0
0.0138456
0.115185
0.550671
0.155029
0.609722
1.0
0.0138194
0.17043
0.519327
0.211366
0.581763
1.0
0.0137943
0.0654874
0.655043
0.108942
0.711817
1.0
0.0137536
0.267398
0.519347
0.310683
0.578927
1.0
0.0137389
0.217271
0.693359
0.254093
0.743965
1.0
0.013658
0.170828
0.555909
0.210291
0.614464
1.0
0.0136205
0.117953
0.278936
0.212492
0.429357
1.0
0.0134913
0.0615348
0.485091
0.102212
0.543912
1.0
0.0134388
0.0387606
0.695902
0.0888223
0.758521
1.0
0.0133845
0.0400434
0.657863
0.0855576
0.715019
1.0
0.0133347
0.114956
0.45189
0.157102
0.513775
1.0
0.0132929
0.144132
0.700294
0.181547
0.747883
1.0
0.0132748
0.194483
0.693763
0.230663
0.742451
1.0
0.0132299
0.215368
0.489094
0.256601
0.549643
1.0
0.0130984
0.192384
0.517968
0.233505
0.578337
1.0
0.013083
0.55887
0.417733
0.670217
0.560608
1.0
0.0130537
0.142472
0.386417
0.183677
0.446005
1.0
0.0130359
0.0911188
0.859232
0.128071
0.910124
1.0
0.0130157
-0.0113891
0.390083
0.132328
0.611152
1.0
0.0129472
0.0397312
0.580914
0.083377
0.639465
1.0
0.012821
0.265799
0.959246
0.305987
0.999842
1.0
0.0127705
0.121799
0.855507
0.159197
0.905962
1.0
0.0127453
0.211459
0.623525
0.251098
0.678539
1.0
0.0127337
0.315141
0.958472
0.360506
1.00181
1.0
0.0126817
0.165749
0.420209
0.206093
0.480164
1.0
0.0126586
0.06494
0.620292
0.109317
0.679755
1.0
0.0125486
0.213659
0.590391
0.251794
0.644896
1.0
0.0125258
0.215809
0.659014
0.252574
0.708986
1.0
0.0124689
0.215871
0.860331
0.253185
0.911166
1.0
0.0124523
0.536941
0.306065
0.630103
0.46764
1.0
0.0124384
0.214271
0.337686
0.318058
0.491646
1.0
0.012362
0.145809
0.622317
0.183438
0.674114
1.0
0.012325
0.0686947
0.384004
0.108891
0.444975
1.0
0.0123125
0.142895
0.472275
0.309103
0.780348
1.0
0.0123059
0.14382
0.48271
0.18584
0.546604
1.0
0.0122394
0.242943
0.520786
0.28533
0.577438
1.0
0.0121976
0.14217
0.518542
0.182575
0.578727
1.0
0.012191
0.0647343
0.318294
0.103094
0.38227
1.0
0.0121614
0.214843
0.886446
0.2538
0.941432
1.0
0.0121443
0.3288
0.43945
0.445357
0.589215
1.0
0.0120557
0.269607
0.498794
0.382061
0.643618
1.0
0.0120343
0.147187
0.889111
0.186941
0.941075
1.0
0.0120129
0.145451
0.657956
0.181412
0.705525
1.0
0.0118758
0.165744
0.385664
0.207461
0.446126
1.0
0.0118736
0.0938132
0.621474
0.134926
0.678769
1.0
0.0118715
0.0903016
0.384067
0.131176
0.444018
1.0
0.0118606
0.193759
0.457246
0.232226
0.514441
1.0
0.0118281
0.21672
0.55261
0.255754
0.609412
1.0
0.0117368
0.06377
0.551315
0.104392
0.607648
1.0
0.0116719
0.261889
0.302679
0.367641
0.469795
1.0
0.0116215
0.116134
0.385564
0.157235
0.444494
1.0
0.0115508
0.239402
0.613748
0.337001
0.75894
1.0
0.0114616
0.24261
0.5518
0.284313
0.607536
1.0
0.0114069
0.0925564
0.487787
0.132807
0.548675
1.0
0.0114
0.182671
0.603931
0.353254
0.898261
1.0
0.0113654
0.239702
0.825902
0.277287
0.876432
1.0
0.0113555
0.338518
0.448042
0.390025
0.517072
1.0
0.0113551
0.413719
0.535864
0.51832
0.69565
1.0
0.01134
0.241705
0.58675
0.280086
0.639929
1.0
0.0112855
0.51053
0.540279
0.611755
0.69016
1.0
0.0112651
0.36664
0.416056
0.4125
0.480651
1.0
0.0112392
0.623362
0.466253
0.73173
0.616958
1.0
0.0111316
0.266278
0.452342
0.313968
0.518697
1.0
0.0109988
0.238663
0.723913
0.275004
0.77529
1.0
0.0109209
0.0394574
0.619943
0.0852514
0.679824
1.0
0.0109104
0.612804
0.448776
0.662265
0.516277
1.0
0.0108944
0.244263
0.464996
0.450706
0.776449
1.0
0.0108866
0.238463
0.791309
0.275756
0.842175
1.0
0.0107259
0.237504
0.746281
0.329133
0.88097
1.0
0.0107238
0.11939
0.891258
0.157624
0.943743
1.0
0.0107162
0.518853
0.617997
0.6168
0.7627
1.0
0.0106888
0.214321
0.383352
0.257371
0.447479
1.0
0.0106741
0.204357
0.789863
0.294597
0.920764
1.0
0.0106652
0.112531
0.353958
0.15462
0.414777
1.0
0.0106502
0.296185
0.699717
0.391912
0.853558
1.0
0.0106215
0.1148
0.486174
0.157203
0.549311
1.0
0.0106207
0.311277
0.516363
0.358455
0.579625
1.0
0.0106014
0.216152
0.454668
0.257527
0.515904
1.0
0.0105027
0.0648887
0.249527
0.104205
0.316902
1.0
0.0104507
0.318368
0.258503
0.431224
0.434867
1.0
0.0104458
0.09066
0.824714
0.130161
0.876372
1.0
0.0104291
0.144949
0.557179
0.183725
0.613736
1.0
0.0104102
0.185711
0.26762
0.286377
0.42595
1.0
0.0103441
0.121025
0.827333
0.160652
0.877554
1.0
0.0103391
0.0878491
0.349627
0.131034
0.413533
1.0
0.0103278
0.388862
0.380879
0.436786
0.448901
1.0
0.0103221
0.208013
0.908476
0.29992
1.00684
1.0
0.0102081
0.162579
0.0146928
0.216006
0.0832831
1.0
0.010185
0.384735
0.445627
0.435583
0.513443
1.0
0.0101316
0.364641
0.949753
0.413197
0.999545
1.0
0.0100415
0.0936262
0.694533
0.13231
0.744711
1.0
0.0100255
0.0903628
0.889613
0.126927
0.940015
