1.0
0.696555
0.374375
0.421779
0.536059
0.654378
1.0
0.0752132
0.323927
0.362943
0.658316
0.864508
1.0
0.0648084
0.311583
0.340216
0.503328
0.561517
1.0
0.0368698
0.323624
0.315517
0.439257
0.452154
1.0
0.0311564
0.331544
0.47824
0.449611
0.625944
1.0
0.0309896
0.657053
0.542611
0.738065
0.666707
1.0
0.0296337
0.701958
0.520669
1.02886
1.07825
1.0
0.029522
0.337815
0.348039
0.389042
0.424075
1.0
0.0293256
0.00270031
0.553839
0.364708
1.10696
1.0
0.0284332
0.36171
0.54964
0.412991
0.614697
1.0
0.023535
0.385314
0.514763
0.443546
0.59139
1.0
0.022819
0.583959
0.612074
0.684563
0.740714
1.0
0.0227205
0.402072
0.317466
0.461553
0.390911
1.0
0.0225583
0.533787
0.477916
0.628137
0.616597
1.0
0.0222042
0.321754
0.381298
0.368825
0.449632
1.0
0.0215239
0.360112
0.322863
0.413692
0.391431
1.0
0.0213884
0.36114
0.451058
0.413075
0.520547
1.0
0.0212872
0.317559
0.57247
0.435732
0.710063
1.0
0.0210865
0.35414
0.37466
0.410743
0.449396
1.0
0.0209879
0.265685
0.546247
0.367376
0.68115
1.0
0.0205842
0.585028
0.482966
0.674807
0.616044
1.0
0.0202211
0.480643
0.504461
0.53508
0.593164
1.0
0.0197015
0.331653
0.405982
0.384706
0.481619
1.0
0.0196535
0.388205
0.448913
0.443585
0.526531
1.0
0.0195593
0.526558
0.665051
0.630237
0.789417
1.0
0.0190446
0.382597
0.339715
0.442184
0.417318
1.0
0.0190412
0.540607
0.511731
0.590172
0.583248
1.0
0.0187962
0.686823
0.571652
0.770716
0.70497
1.0
0.0184643
0.384152
0.571077
0.445761
0.653378
1.0
0.0184174
0.296531
0.436428
0.401108
0.585507
1.0
0.0184001
0.45489
0.449265
0.515782
0.542017
1.0
0.0181207
0.345875
0.526774
0.38983
0.585836
1.0
0.0180495
0.562359
0.723311
0.611627
0.780833
1.0
0.0176544
0.312067
0.690095
0.415532
0.826936
1.0
0.0176347
0.316771
0.555541
0.359064
0.610606
1.0
0.017563
0.265141
0.947664
0.308717
0.995814
1.0
0.0173881
0.405125
0.319538
0.531208
0.487445
1.0
0.0171731
0.559628
0.545659
0.659649
0.680729
1.0
0.0169265
0.646652
0.583818
0.690823
0.646545
1.0
0.0168764
0.457615
0.349
0.509695
0.421509
1.0
0.0168118
0.344038
0.577459
0.390805
0.639919
1.0
0.0167585
0.689792
0.528299
0.731397
0.590164
1.0
0.0167191
0.613831
0.581765
0.657634
0.645936
1.0
0.0166676
0.586301
0.512953
0.631146
0.584262
1.0
0.0166032
0.446519
0.531305
0.513412
0.62965
1.0
0.0165689
0.291345
0.555849
0.335807
0.616042
1.0
0.0164648
0.436364
0.379426
0.491692
0.457332
1.0
0.0162457
0.962082
0.94825
1.00002
0.998986
1.0
0.0162048
0.468437
0.41013
0.573738
0.587254
1.0
0.0161938
0.481693
0.616883
0.59029
0.758228
1.0
0.0159712
0.687643
0.614323
0.732273
0.675585
1.0
0.0157586
0.65157
0.46866
0.733023
0.606031
1.0
0.015557
0.590436
0.579159
0.634489
0.642898
1.0
0.015415
0.322879
0.329485
0.365056
0.392465
1.0
0.0152251
0.33934
0.722244
0.386212
0.784371
1.0
0.0152106
0.343338
0.484975
0.389268
0.551065
1.0
0.015159
0.499654
0.5381
0.609944
0.688297
1.0
0.0151498
0.503737
0.49705
0.707547
0.773597
1.0
0.0149429
0.282134
0.363643
0.389332
0.50935
1.0
0.0148892
0.392436
0.709387
0.486242
0.844294
1.0
0.014882
0.613269
0.515918
0.654907
0.584151
1.0
0.0148156
0.317361
0.483098
0.358558
0.543366
1.0
0.0146816
0.366582
0.612216
0.415436
0.675549
1.0
0.0146512
0.921325
0.884173
1.0011
0.997904
1.0
0.0146186
0.647338
0.519752
0.686525
0.58101
1.0
0.014496
0.565367
0.487204
0.608398
0.555544
1.0
0.0144897
0.690696
0.652955
0.733684
0.707571
1.0
0.0144069
0.64559
0.619428
0.689821
0.680558
1.0
0.0142997
0.615837
0.616624
0.660991
0.682199
1.0
0.0142921
0.670977
0.651808
0.75668
0.777734
1.0
0.0142802
0.507196
0.543183
0.557082
0.620431
1.0
0.0141575
0.413402
0.607594
0.472739
0.680758
1.0
0.0141421
0.252963
0.470029
0.46387
0.746183
1.0
0.0140794
0.31934
0.444127
0.363324
0.509227
1.0
0.0140028
0.36083
0.63487
0.474857
0.783395
1.0
0.0139615
0.10853
0.182296
0.570573
0.731502
1.0
0.0139116
0.568296
0.424833
0.651453
0.560163
1.0
0.0139062
0.276722
0.666231
0.472857
0.960233
1.0
0.0138897
0.710017
0.550355
0.751324
0.610836
1.0
0.0136891
0.670278
0.493017
0.707104
0.549739
1.0
0.0136891
0.71126
0.620127
0.752601
0.678552
1.0
0.0136881
0.714125
0.656842
0.755628
0.711907
1.0
0.0135524
0.38672
0.295832
0.437896
0.357342
1.0
0.0134535
0.441791
0.545915
0.554503
0.703961
1.0
0.0132984
0.46703
0.721425
0.510736
0.778896
1.0
0.0131959
0.709988
0.58517
0.751618
0.646562
1.0
0.013116
0.616518
0.483879
0.653473
0.546591
1.0
0.0130478
0.391409
0.646445
0.439223
0.711252
1.0
0.0130268
0.417698
0.753258
0.462828
0.812298
1.0
0.012989
0.636347
0.438525
0.803869
0.696854
1.0
0.0129667
0.515329
0.71887
0.56581
0.778354
1.0
0.0128328
0.390642
0.718244
0.436137
0.777467
1.0
0.0128212
0.597409
0.454986
0.633599
0.516986
1.0
0.0127453
0.566607
0.544248
0.612065
0.611374
1.0
0.0127332
0.570452
0.713557
0.670754
0.844605
1.0
0.0127281
0.538708
0.582227
0.585795
0.646184
1.0
0.0127073
0.486292
0.416351
0.534517
0.497563
1.0
0.0126778
0.207722
0.579162
0.308781
0.716823
1.0
0.0126352
0.340797
0.615781
0.389375
0.678124
1.0
0.0126183
0.219275
0.959317
0.256839
0.999511
1.0
0.0125496
0.412526
0.476062
0.47294
0.563949
1.0
0.0124496
0.783676
0.540524
0.887358
0.691042
1.0
0.0124264
0.26577
0.643927
0.376069
0.78912
1.0
0.0123795
0.58847
0.65063
0.635525
0.713438
1.0
0.0123536
0.446914
0.688963
0.543423
0.808237
1.0
0.0123399
0.509926
0.479535
0.556943
0.555784
1.0
0.0122671
0.409449
0.413667
0.465747
0.493982
1.0
0.0122336
0.715232
0.688347
0.756666
0.7424
1.0
0.0121669
0.320408
0.295006
0.358264
0.350548
1.0
0.0121245
0.415603
0.718291
0.461186
0.778723
1.0
0.0121135
0.564992
0.581076
0.609896
0.645088
1.0
0.0120948
0.211586
0.687762
0.305105
0.822523
1.0
0.0120947
0.346649
0.299701
0.389735
0.356532
1.0
0.012081
0.443735
0.751991
0.488858
0.810768
1.0
0.0120678
0.539973
0.45269
0.585029
0.523064
1.0
0.0120426
0.155773
0.598075
0.258841
0.738919
1.0
0.0120014
0.691531
0.690155
0.734325
0.745459
1.0
0.0119681
0.215814
0.728189
0.256714
0.782222
1.0
0.0119436
0.367523
0.65073
0.412273
0.710432
1.0
0.011783
0.553478
0.200581
0.901519
0.756288
1.0
0.011782
0.647738
0.492255
0.683193
0.547766
1.0
0.0117076
0.301596
0.389276
0.344787
0.445857
1.0
0.0116959
0.561545
0.651906
0.610993
0.71872
1.0
0.011588
0.668958
0.955561
0.707085
0.998625
1.0
0.011577
0.253377
0.905139
0.330788
0.999722
1.0
0.0115482
0.16099
0.751892
0.257227
0.88412
1.0
0.0115329
0.478041
0.567422
0.532188
0.648042
1.0
0.011522
0.903706
0.609034
0.994536
0.761436
1.0
0.0113731
0.391127
0.752513
0.436629
0.811593
1.0
0.0113571
0.764132
0.44263
0.868567
0.592153
1.0
0.0112602
0.00207628
0.919595
0.042062
0.989386
1.0
0.0112161
0.693371
0.495262
0.731375
0.552009
1.0
0.0111985
0.320274
0.750327
0.365325
0.810703
1.0
0.0111575
0.239884
0.753359
0.336861
0.8971
1.0
0.0111275
0.34049
0.64916
0.386782
0.709889
1.0
0.0111273
0.718558
0.951401
0.762083
0.997996
1.0
0.0111188
0.768363
0.90394
0.859877
1.00102
1.0
0.0110813
0.736807
0.575479
0.834659
0.719811
1.0
0.0110708
0.509198
0.650729
0.562187
0.722281
1.0
0.0110034
0.190886
0.958407
0.232267
1.00068
1.0
0.0109433
0.301095
0.356342
0.342566
0.414647
1.0
0.0108611
0.291855
0.779355
0.393749
0.931073
1.0
0.010842
0.293351
0.718459
0.337322
0.775875
1.0
0.0108286
0.863323
0.526168
0.90414
0.577848
1.0
0.0107725
0.192578
0.752038
0.238012
0.8087
1.0
0.0107091
0.716787
0.492747
0.752696
0.548124
1.0
0.0106669
0.821166
0.522797
0.862428
0.577763
1.0
0.0105877
0.166222
0.95662
0.207542
0.999011
1.0
0.0105507
0.76536
0.525939
0.806035
0.578284
1.0
0.0104477
0.963704
0.653169
0.998847
0.717527
1.0
0.0104057
0.361863
0.750999
0.407186
0.812064
1.0
0.0103627
0.435272
0.291763
0.484089
0.351796
1.0
0.0103347
0.816373
0.950186
0.860473
0.996281
1.0
0.0103292
0.669091
0.650727
0.710113
0.704008
1.0
0.0102664
0.712064
0.680768
0.805427
0.815445
1.0
0.0102447
0.679246
0.90796
0.765066
1.0072
1.0
0.0102223
0.298434
0.326079
0.337637
0.381756
1.0
0.010204
0.177004
0.698552
0.373456
0.971996
1.0
0.0101663
0.26474
0.826806
0.307114
0.882303
1.0
0.0100833
0.739967
0.526781
0.779378
0.579549
1.0
0.0100713
0.140598
0.955187
0.184213
0.999965
