1.0
0.377335
0.380466
0.382482
0.540763
0.68258
1.0
0.0491941
0.370105
0.456964
0.41556
0.527845
1.0
0.0469909
0.363394
0.41714
0.461636
0.573936
1.0
0.0460209
0.414429
0.343387
0.459534
0.408528
1.0
0.0341833
0.401232
0.339973
0.507774
0.494013
1.0
0.0333645
0.467658
0.384788
0.58399
0.560852
1.0
0.029364
0.244028
0.355583
0.583228
0.903987
1.0
0.0257047
-0.000611082
0.75303
0.26966
1.00058
1.0
0.0254372
0.412224
0.379554
0.459018
0.449975
1.0
0.0254269
0.53118
0.415875
0.584959
0.499489
1.0
0.0250719
0.389078
0.263404
0.71606
0.761036
1.0
0.0241456
0.595183
0.54092
0.692029
0.682775
1.0
0.0234187
0.390953
0.389177
0.434865
0.454724
1.0
0.0233377
0.36995
0.393487
0.409403
0.454537
1.0
0.0225573
0.463012
0.381631
0.510949
0.45383
1.0
0.0224575
0.408412
0.41627
0.459598
0.493897
1.0
0.0223359
0.608537
0.873316
0.718212
0.986006
1.0
0.0219059
0.369123
0.508223
0.413668
0.57753
1.0
0.0216866
0.758251
0.73839
1.01139
1.02017
1.0
0.0210353
0.546093
0.407254
0.648778
0.563803
1.0
0.0208047
0.638768
0.911647
0.687029
0.974262
1.0
0.0207059
0.367952
0.546132
0.413625
0.61305
1.0
0.0202101
0.658154
0.509159
0.75425
0.652402
1.0
0.0201982
0.434438
0.331283
0.480985
0.39458
1.0
0.0196932
0.817341
0.952313
0.862342
0.998503
1.0
0.0193316
0.617307
0.954247
0.659263
0.999521
1.0
0.0191394
0.589054
0.447479
0.6871
0.608204
1.0
0.0184886
0.591969
0.890005
0.62892
0.938999
1.0
0.0183004
0.511335
0.388622
0.564189
0.465668
1.0
0.0181694
0.711517
0.538465
0.809676
0.6866
1.0
0.0180748
0.639595
0.950895
0.685505
1.00023
1.0
0.018047
0.690211
0.514437
0.735836
0.582667
1.0
0.0180209
0.57407
0.913962
0.611958
0.968038
1.0
0.0179489
0.374108
0.357422
0.409128
0.411826
1.0
0.0177817
0.329739
0.498254
0.426932
0.648176
1.0
0.0177214
0.451038
0.600792
0.575206
0.772149
1.0
0.0174757
0.569287
0.955794
0.607857
0.99861
1.0
0.0174595
0.903194
0.877292
0.994521
1.00177
1.0
0.0173875
0.461966
0.328709
0.505367
0.392839
1.0
0.0172513
0.732543
0.301772
1.00524
0.870945
1.0
0.0170304
0.631466
0.579184
0.685519
0.654441
1.0
0.0169754
0.802503
0.915246
0.885811
1.00321
1.0
0.0169524
0.355348
0.332568
0.448325
0.482789
1.0
0.0166518
0.691516
0.677632
0.782686
0.808704
1.0
0.0166406
0.659581
0.602218
0.762158
0.746912
1.0
0.0165044
0.716877
0.714282
0.761304
0.775101
1.0
0.0163643
0.641712
0.454534
0.679601
0.512399
1.0
0.016271
0.531293
0.464816
0.584812
0.548996
1.0
0.016204
0.665146
0.865694
0.708174
0.921342
1.0
0.0161648
0.962598
0.947854
0.99898
0.997708
1.0
0.0161241
0.592319
0.955607
0.63291
1.00017
1.0
0.015927
0.575163
0.905384
0.667104
1.0053
1.0
0.0157188
0.617617
0.450754
0.65991
0.513687
1.0
0.0157024
0.591655
0.578009
0.647542
0.654946
1.0
0.0156666
0.768971
0.955454
0.809919
0.999622
1.0
0.015422
0.613914
0.516357
0.660404
0.58694
1.0
0.015315
0.864125
0.952034
0.90825
0.998519
1.0
0.0151802
0.64167
0.516272
0.685664
0.584329
1.0
0.0151533
0.556218
0.709822
0.762481
0.958162
1.0
0.0151279
0.436086
0.412081
0.488703
0.492581
1.0
0.0150798
0.391807
0.286645
0.483696
0.417628
1.0
0.0150315
0.413628
0.510416
0.80504
1.08123
1.0
0.0149429
0.76209
0.455624
0.801085
0.513278
1.0
0.014938
0.614866
0.432223
0.799357
0.705041
1.0
0.0149226
0.573646
0.866523
0.611067
0.918913
1.0
0.0147191
0.237669
0.474865
0.435845
0.747631
1.0
0.0146506
0.96388
0.522676
0.998664
0.584201
1.0
0.014598
0.68798
0.952168
0.733734
1.00029
1.0
0.0144232
0.67711
0.910966
0.768635
1.00535
1.0
0.0143453
0.370152
0.294565
0.404177
0.346975
1.0
0.0143156
0.738794
0.688134
0.782752
0.746083
1.0
0.0142824
0.727992
0.447814
0.811218
0.581521
1.0
0.01428
0.55744
0.58893
0.66309
0.747443
1.0
0.0142673
0.416891
0.300569
0.455785
0.357094
1.0
0.0142532
0.368376
0.530547
0.474654
0.708002
1.0
0.0141127
0.386461
0.573914
0.434121
0.643758
1.0
0.0139875
0.544252
0.956544
0.585477
1.00107
1.0
0.0139813
0.653729
0.748982
0.757425
0.889337
1.0
0.0139084
0.211236
0.601537
0.319004
0.740558
1.0
0.0138771
0.402069
0.47142
0.459378
0.549894
1.0
0.01382
0.48734
0.354407
0.534544
0.419058
1.0
0.013714
0.615128
0.88878
0.65815
0.941851
1.0
0.013708
0.685924
0.578495
0.735302
0.649201
1.0
0.0136766
0.763703
0.484795
0.803173
0.544877
1.0
0.0136291
0.414396
0.644468
0.462765
0.714632
1.0
0.0135402
0.607969
0.679057
0.717509
0.822464
1.0
0.0135185
0.53746
0.35991
0.582046
0.424196
1.0
0.0135001
0.791986
0.952832
0.835547
0.99912
1.0
0.0134971
0.765245
0.673466
0.865969
0.814984
1.0
0.0134817
0.353926
0.426781
0.39096
0.483813
1.0
0.013479
0.71349
0.957222
0.755912
1.00084
1.0
0.0134664
0.842843
0.888985
0.940915
1.00231
1.0
0.0134474
0.528192
0.909277
0.612556
1.00777
1.0
0.0133448
0.512503
0.357379
0.558263
0.422282
1.0
0.013254
0.664828
0.54841
0.712027
0.618771
1.0
0.0132265
0.487056
0.410988
0.544275
0.491743
1.0
0.0131671
0.591112
0.448198
0.63637
0.514435
1.0
0.0131633
0.754493
0.915094
0.837857
1.00677
1.0
0.0131487
0.258625
0.546031
0.361037
0.68421
1.0
0.0131186
0.643592
0.485779
0.683147
0.547338
1.0
0.0130407
0.762773
0.503085
0.864171
0.6637
1.0
0.0129704
0.552196
0.676188
0.656869
0.824176
1.0
0.0129472
0.349634
0.328296
0.3856
0.382991
1.0
0.0129203
0.497431
0.665626
0.604745
0.80724
1.0
0.012856
0.714294
0.489733
0.749152
0.544611
1.0
0.012756
0.365554
0.63403
0.474245
0.791841
1.0
0.0127392
0.639856
0.425231
0.732628
0.56773
1.0
0.012679
0.696661
0.461433
0.734644
0.518617
1.0
0.0126174
0.763078
0.718644
0.807904
0.778147
1.0
0.0126151
0.354731
0.482799
0.396002
0.540934
1.0
0.0126088
0.812617
0.71861
0.860839
0.777544
1.0
0.0125898
0.68892
0.650032
0.738175
0.716215
1.0
0.0125726
0.293571
0.526856
0.333065
0.581513
1.0
0.0125715
0.560643
0.391624
0.603397
0.457015
1.0
0.0124689
0.765447
0.519411
0.806062
0.579017
1.0
0.0124326
0.239753
0.685048
0.336719
0.807538
1.0
0.0124326
0.743657
0.957859
0.785641
1.0016
1.0
0.0124236
0.508721
0.710786
0.562056
0.780279
1.0
0.0124075
0.517382
0.954584
0.555704
0.998021
1.0
0.0123812
0.764482
0.656548
0.806493
0.714933
1.0
0.0123643
0.263282
0.727674
0.306667
0.782374
1.0
0.0123624
0.36827
0.611564
0.411496
0.675007
1.0
0.0123509
0.44672
0.306847
0.559653
0.450878
1.0
0.0122746
0.318426
0.523156
0.35733
0.576991
1.0
0.0122503
0.965421
0.486273
0.999459
0.548496
1.0
0.012187
0.273112
0.302989
0.447243
0.604747
1.0
0.0121494
0.268074
0.123737
0.305671
0.176824
1.0
0.0121061
0.669136
0.488137
0.709347
0.549059
1.0
0.0120847
0.372399
0.217909
0.56184
0.534857
1.0
0.0118904
0.790541
0.587762
0.832768
0.647147
1.0
0.0118844
0.35204
0.358926
0.387101
0.412869
1.0
0.0118466
0.692382
0.684615
0.741172
0.748957
1.0
0.011826
0.512922
0.815361
0.683759
1.01741
1.0
0.0118245
0.715259
0.655938
0.761666
0.720616
1.0
0.0117577
0.792276
0.388902
0.893874
0.54017
1.0
0.0117259
0.513016
0.735944
0.620604
0.875389
1.0
0.0116462
0.711476
0.547024
0.756555
0.6141
1.0
0.0115397
0.660763
0.646845
0.710166
0.713966
1.0
0.0115353
0.716243
0.749542
0.759835
0.809664
1.0
0.011524
0.813688
0.790851
0.860161
0.846292
1.0
0.0115038
0.663705
0.828929
0.706955
0.884917
1.0
0.0114981
0.530386
0.495188
0.634594
0.67378
1.0
0.0114794
0.663874
0.716059
0.711188
0.777855
1.0
0.011451
0.521893
0.331325
0.624702
0.483959
1.0
0.01141
0.43876
0.714048
0.490459
0.782515
1.0
0.0114043
0.681342
0.886532
0.724358
0.943444
1.0
0.0113707
0.268357
0.342794
0.357493
0.485793
1.0
0.0113235
0.321869
0.327725
0.355803
0.380752
1.0
0.0112136
0.787888
0.749269
0.888181
0.880049
1.0
0.0111832
0.613571
0.553027
0.663247
0.630962
1.0
0.0111727
0.39102
0.612615
0.435463
0.67841
1.0
0.0111677
0.715357
0.742176
0.811869
0.879186
1.0
0.0111391
0.314548
0.698537
0.435749
0.852424
1.0
0.0111163
0.554625
0.441526
0.601006
0.517561
1.0
0.0111011
0.817209
0.452493
0.858718
0.513478
1.0
0.0110991
0.581902
0.350536
0.68197
0.497996
1.0
0.011086
0.81254
0.650783
0.859675
0.711992
1.0
0.0109778
0.3221
0.393775
0.355697
0.445696
1.0
0.0109528
0.815106
0.588523
0.857839
0.649459
1.0
0.0109453
0.719661
0.458545
0.753748
0.512672
1.0
0.0109361
0.323997
0.425861
0.356127
0.474483
1.0
0.0109204
0.319729
0.263605
0.409473
0.405927
1.0
0.0108911
0.741711
0.608203
0.836671
0.754688
1.0
0.0107703
0.00989002
0.947378
0.059354
0.999774
1.0
0.0107238
0.465662
0.296157
0.504409
0.352721
1.0
0.0106945
0.713629
0.614654
0.759333
0.679763
1.0
0.010663
0.296529
0.390682
0.332105
0.445163
1.0
0.0106625
0.347877
0.292629
0.384939
0.347896
1.0
0.0106506
0.405125
0.541331
0.460985
0.617892
1.0
0.0106409
0.658437
0.608748
0.707787
0.678323
1.0
0.0105922
0.640534
0.826347
0.684757
0.881755
1.0
0.01057
0.816169
0.519994
0.857457
0.57967
1.0
0.0105088
0.679147
0.831379
0.860238
1.0257
1.0
0.0104915
0.317189
0.554499
0.357146
0.607741
1.0
0.0104893
0.543547
0.921115
0.584854
0.976447
1.0
0.0104867
0.322975
0.357902
0.355611
0.408923
1.0
0.0104049
0.561373
0.716031
0.606427
0.780409
1.0
0.0103936
0.47086
0.881706
0.56116
0.993727
1.0
0.010349
0.738258
0.580532
0.784835
0.647995
1.0
0.010341
0.764558
0.584096
0.80838
0.648706
1.0
0.0103043
0.589015
0.391049
0.631817
0.453377
1.0
0.010297
0.323668
0.490398
0.358765
0.540526
1.0
0.0102597
0.586582
0.71857
0.632043
0.780493
1.0
0.0102344
0.682208
0.537329
0.869988
0.826718
1.0
0.0102307
0.413143
0.71516
0.461599
0.782519
1.0
0.01022
0.536322
0.645706
0.58678
0.717704
1.0
0.0102004
0.324403
0.45917
0.358462
0.510277
1.0
0.0101958
0.66533
0.458068
0.705023
0.519023
1.0
0.010171
0.562877
0.359377
0.603734
0.421181
1.0
0.0101665
0.296731
0.327751
0.330959
0.380213
1.0
0.0101618
0.494036
0.915068
0.533189
0.974078
1.0
0.0101339
0.271858
0.357868
0.304945
0.410685
1.0
0.0101243
0.585566
0.754366
0.63186
0.818314
1.0
0.0100971
0.348619
0.516464
0.390271
0.576192
1.0
0.0100939
0.271704
0.38965
0.305487
0.443764
1.0
0.0100897
0.887449
0.953408
0.931933
0.99967
1.0
0.0100484
0.493461
0.95089
0.534088
0.997959
1.0
0.0100235
0.320947
0.291057
0.355514
0.344068
