1.0
0.992334
0.383024
0.385159
0.544338
0.644484
1.0
0.0582527
0.351181
0.34271
0.644015
0.843705
1.0
0.0356526
0.370151
0.309661
0.507311
0.5147
1.0
0.030128
-0.00356998
0.549142
0.37166
1.11104
1.0
0.0254327
0.529687
0.408691
0.621281
0.568917
1.0
0.0254042
0.6516
0.541873
0.735029
0.674729
1.0
0.0253476
0.597965
0.468675
1.0343
1.11391
1.0
0.0241129
0.486783
0.411007
0.539008
0.493857
1.0
0.0209082
0.38894
0.451171
0.436912
0.522409
1.0
0.0204175
0.587776
0.549385
0.688206
0.689465
1.0
0.0199065
0.309499
0.570371
0.420843
0.722183
1.0
0.0196829
0.559877
0.721418
0.611725
0.785398
1.0
0.0192222
0.445901
0.291323
0.560385
0.458663
1.0
0.0190323
0.736651
0.719085
1.01718
1.01247
1.0
0.0189845
0.515289
0.683338
0.623798
0.818219
1.0
0.0188126
0.463153
0.388968
0.518171
0.466637
1.0
0.0180781
0.360381
0.270024
0.468728
0.407098
1.0
0.0172463
0.508419
0.386946
0.553742
0.461983
1.0
0.0171265
0.309391
0.675525
0.412434
0.839497
1.0
0.0169224
0.671395
0.548579
0.716045
0.615985
1.0
0.0167046
0.487544
0.352694
0.538312
0.431515
1.0
0.0162236
0.96225
0.948643
0.999925
0.998875
1.0
0.0159135
0.558514
0.477674
0.653577
0.622979
1.0
0.0157804
0.492095
0.352692
0.591733
0.514051
1.0
0.0155817
0.536723
0.507182
0.587281
0.579645
1.0
0.0155596
0.687294
0.575445
0.772409
0.713851
1.0
0.0155182
0.537411
0.446982
0.583322
0.520583
1.0
0.015412
0.569175
0.651858
0.677339
0.790936
1.0
0.0148524
0.323217
0.477056
0.426965
0.629533
1.0
0.0147083
0.267058
0.95235
0.307779
0.997208
1.0
0.0147014
0.325512
0.339483
0.431484
0.490634
1.0
0.0145941
0.50866
0.441043
0.555897
0.524386
1.0
0.0145885
0.370375
0.42243
0.412479
0.482814
1.0
0.0145451
0.386425
0.340562
0.438417
0.423829
1.0
0.0142604
0.923183
0.883218
1.00129
0.996957
1.0
0.0142278
0.649306
0.467361
0.732335
0.605751
1.0
0.0142222
0.69015
0.529255
0.729898
0.588555
1.0
0.0141991
0.671296
0.680209
0.761809
0.806389
1.0
0.0141154
0.61956
0.605398
0.715654
0.73401
1.0
0.0137116
0.584545
0.437876
0.759999
0.710186
1.0
0.0136582
0.644635
0.584756
0.689722
0.649282
1.0
0.0134762
0.338625
0.58021
0.384474
0.646316
1.0
0.0134757
0.25948
0.548173
0.369135
0.688633
1.0
0.0131459
0.367444
0.549836
0.414728
0.613591
1.0
0.0129349
0.588801
0.418176
0.671611
0.556042
1.0
0.0126932
0.671199
0.493483
0.707337
0.549596
1.0
0.0126605
0.714447
0.65887
0.755657
0.712686
1.0
0.012626
0.51419
0.719064
0.566952
0.787234
1.0
0.0125064
0.387569
0.283974
0.440017
0.357762
1.0
0.0124899
0.344119
0.720212
0.385383
0.780794
1.0
0.0124558
0.391256
0.574199
0.440524
0.648838
1.0
0.0124326
0.529013
0.540379
0.631474
0.701622
1.0
0.012428
0.493049
0.5719
0.698342
0.838479
1.0
0.0124049
0.689781
0.654986
0.733383
0.709433
1.0
0.0123962
0.21841
0.959931
0.25617
0.999641
1.0
0.0122494
0.366385
0.314633
0.41458
0.386097
1.0
0.0122169
0.668045
0.614846
0.712425
0.678814
1.0
0.0122027
0.686141
0.492244
0.770036
0.628023
1.0
0.0121703
0.500054
0.368587
0.68567
0.637658
1.0
0.0119501
0.483501
0.505187
0.536532
0.588262
1.0
0.0119393
0.6859
0.578241
0.730772
0.645338
1.0
0.0118497
0.561282
0.486286
0.604164
0.554444
1.0
0.0118472
0.647401
0.520959
0.687123
0.582176
1.0
0.0118283
0.590093
0.513297
0.634038
0.582571
1.0
0.0117846
0.298735
0.76018
0.397373
0.930985
1.0
0.0116939
0.1611
0.591161
0.263082
0.734836
1.0
0.0116728
0.714699
0.688533
0.756712
0.742
1.0
0.0115956
0.191813
0.677311
0.280926
0.816846
1.0
0.011564
0.163381
0.753081
0.255828
0.886313
1.0
0.0115292
0.51179
0.32265
0.554457
0.390172
1.0
0.0115248
0.615973
0.616649
0.662173
0.683323
1.0
0.0115248
0.717158
0.952211
0.760764
0.999216
1.0
0.0114909
0.536098
0.389521
0.57845
0.456096
1.0
0.0114829
0.618571
0.424713
0.652291
0.483123
1.0
0.0114672
0.616819
0.482969
0.653941
0.54653
1.0
0.0113597
0.719491
0.901602
0.806988
1.00338
1.0
0.0113579
0.711874
0.551704
0.751132
0.608602
1.0
0.0113312
0.563896
0.451126
0.604388
0.517982
1.0
0.0112669
0.614131
0.515828
0.655735
0.583087
1.0
0.011255
0.598389
0.452077
0.634678
0.513835
1.0
0.0112463
0.411218
0.38659
0.462889
0.461057
1.0
0.0111113
0.458232
0.445731
0.515456
0.527904
1.0
0.0110895
0.388955
0.510167
0.438593
0.58494
1.0
0.0110733
0.216742
0.727107
0.257319
0.781114
1.0
0.0110395
0.253434
0.603709
0.43691
0.911496
1.0
0.0109713
0.291736
0.719484
0.332355
0.777504
1.0
0.0108715
0.16603
0.956737
0.206947
0.999136
1.0
0.0108517
0.372173
0.479976
0.416556
0.547302
1.0
0.0108242
0.6473
0.552377
0.690926
0.614887
1.0
0.0108177
0.682701
0.424187
0.866097
0.707521
1.0
0.0108045
0.191014
0.958196
0.232339
1.00056
1.0
0.0107406
0.439086
0.349022
0.490475
0.42606
1.0
0.0107088
0.784829
0.539718
0.886701
0.686094
1.0
0.0106766
0.60652
0.72087
0.652364
0.777542
1.0
0.0106701
0.767222
0.951731
0.809572
0.997315
1.0
0.0106576
0.69023
0.689286
0.735105
0.7451
1.0
0.010648
0.106989
0.879777
0.211935
0.997422
1.0
0.0105849
0.244594
0.955741
0.283965
0.999119
1.0
0.0105531
0.460658
0.314869
0.512786
0.39362
1.0
0.0105107
0.712946
0.621807
0.753077
0.678715
1.0
0.0104764
0.822713
0.524395
0.861845
0.575359
1.0
0.0104506
0.242939
0.7407
0.339281
0.897886
1.0
0.0104338
0.738713
0.577462
0.834297
0.720581
1.0
0.0104017
0.0766598
0.241491
0.50151
0.875646
1.0
0.0103983
0.139891
0.954559
0.183609
0.999408
1.0
0.0102784
0.193917
0.729022
0.23559
0.782715
1.0
0.0101846
0.694445
0.495226
0.73031
0.549536
1.0
0.010159
0.437449
0.607782
0.49076
0.678836
1.0
0.0100594
0.711939
0.586553
0.75185
0.645282
1.0
0.0100328
0.642792
0.648942
0.688287
0.706532
1.0
0.0100189
0.365882
0.61479
0.411891
0.678552
