1.0
0.874966
0.34711
0.33836
0.520961
0.640437
1.0
0.0281459
0.614836
0.911426
0.703998
0.994096
1.0
0.0262038
-0.00770149
0.755487
0.26697
1.00645
1.0
0.025392
0.301933
0.31926
0.66333
0.918537
1.0
0.0216798
0.561937
0.923944
0.612458
0.982673
1.0
0.0214182
0.389567
0.345639
0.440053
0.425905
1.0
0.0212172
0.345548
0.451269
0.385934
0.515863
1.0
0.0207944
0.521965
0.406204
0.615268
0.566153
1.0
0.0207662
0.541095
0.948029
0.586355
0.998706
1.0
0.0205423
0.586915
0.952277
0.635283
1.00107
1.0
0.0203394
0.329956
0.431967
0.432578
0.618038
1.0
0.0201968
0.13632
0.155729
0.509279
0.737465
1.0
0.0193006
0.438957
0.346196
0.567652
0.535056
1.0
0.0191922
0.615587
0.950014
0.664354
0.999113
1.0
0.0191301
0.363528
0.388445
0.410566
0.459541
1.0
0.0183765
0.659012
0.947219
0.703994
0.995809
1.0
0.0183685
0.529776
0.436502
0.580246
0.51645
1.0
0.0182767
0.751044
0.724074
1.02044
1.02709
1.0
0.0181117
0.687177
0.538796
0.779944
0.686504
1.0
0.0176694
0.322939
0.319861
0.436472
0.501863
1.0
0.0173797
0.408045
0.379821
0.463715
0.462229
1.0
0.0173183
0.34609
0.506728
0.391348
0.580694
1.0
0.0167199
0.543697
0.895255
0.646764
0.999517
1.0
0.0166661
0.366089
0.322432
0.413341
0.396499
1.0
0.016322
0.466545
0.792293
0.552264
0.934721
1.0
0.0161205
0.686488
0.675029
0.779387
0.811423
1.0
0.0160758
0.562279
0.491274
0.666514
0.657008
1.0
0.015857
0.855124
0.838572
0.992601
1.00903
1.0
0.0158453
0.326463
0.423315
0.363551
0.481073
1.0
0.0156841
0.273144
0.465339
0.36884
0.625691
1.0
0.0156299
0.407244
0.319886
0.460036
0.400041
1.0
0.0156027
0.816283
0.951552
0.86082
0.998229
1.0
0.0155243
0.71443
0.311929
0.996283
0.849056
1.0
0.0153984
0.659098
0.607533
0.759299
0.7487
1.0
0.0153611
0.0584854
0.559684
0.285712
0.831117
1.0
0.0152846
0.56697
0.847539
0.747612
1.01912
1.0
0.0149436
0.641441
0.484917
0.735434
0.633332
1.0
0.0148078
0.617708
0.573041
0.717955
0.713792
1.0
0.0144565
0.765702
0.48428
0.803011
0.542639
1.0
0.0143932
0.509254
0.853604
0.549438
0.921084
1.0
0.0143875
0.713682
0.615532
0.806618
0.751729
1.0
0.0142862
0.503003
0.904112
0.584765
1.00636
1.0
0.014217
0.291845
0.710515
0.726954
1.02396
1.0
0.0141146
0.40251
0.530693
0.526716
0.728757
1.0
0.0140839
0.688677
0.653882
0.735482
0.714762
1.0
0.0140736
0.642159
0.902875
0.687557
0.958592
1.0
0.0140418
0.147142
0.608159
0.260341
0.748297
1.0
0.0138621
0.222406
0.667071
0.466821
0.970687
1.0
0.0138204
0.715401
0.960288
0.754562
1.00167
1.0
0.0138068
0.764528
0.440702
0.861288
0.600373
1.0
0.0137888
0.509346
0.819469
0.600022
0.954622
1.0
0.0137794
0.72534
0.483062
0.812601
0.631059
1.0
0.0137073
0.74055
0.686096
0.783383
0.742875
1.0
0.0136241
0.386535
0.446053
0.436607
0.518333
1.0
0.013479
0.520191
0.950916
0.560828
0.998762
1.0
0.0134601
0.679894
0.917758
0.76884
1.00938
1.0
0.0134517
0.692164
0.516109
0.734457
0.582276
1.0
0.0131665
0.591431
0.896418
0.636322
0.950088
1.0
0.0131629
0.663199
0.580494
0.712166
0.651445
1.0
0.0130892
0.963376
0.950763
0.998744
0.998051
1.0
0.0130209
0.618039
0.896803
0.662859
0.950847
1.0
0.0129078
0.78065
0.912974
0.863433
1.00497
1.0
0.0127044
0.691523
0.686616
0.7377
0.745869
1.0
0.0126778
0.76792
0.520508
0.806349
0.578531
1.0
0.0126298
0.770351
0.95511
0.808752
0.998475
1.0
0.0125667
0.325857
0.483841
0.365046
0.544926
1.0
0.0124803
0.5166
0.79023
0.557008
0.849567
1.0
0.0124519
0.717182
0.717801
0.75868
0.774091
1.0
0.0121799
0.812914
0.720493
0.859413
0.777133
1.0
0.0120951
0.00970751
0.945989
0.0614588
0.999653
1.0
0.0120866
0.764447
0.531139
0.869055
0.696151
1.0
0.0120173
0.667043
0.517475
0.710846
0.584372
1.0
0.0120064
0.32423
0.515957
0.365661
0.579101
1.0
0.0120036
0.664263
0.650273
0.71056
0.7123
1.0
0.0119845
0.763817
0.656893
0.806368
0.714013
1.0
0.0119665
0.488738
0.382988
0.538621
0.455018
1.0
0.0119659
0.347087
0.35242
0.388653
0.418028
1.0
0.011852
0.491739
0.952994
0.534641
1.00161
1.0
0.0118252
0.0885179
0.551377
0.217973
0.696764
1.0
0.0118045
0.563236
0.416657
0.763475
0.705096
1.0
0.011736
0.818272
0.456237
0.857698
0.515182
1.0
0.011736
0.715283
0.658964
0.760073
0.717825
1.0
0.0117146
0.816599
0.521865
0.85703
0.580325
1.0
0.0117023
0.591861
0.862428
0.633418
0.914302
1.0
0.0116248
0.406642
0.730348
0.520207
0.886268
1.0
0.0116012
0.964318
0.549313
0.998104
0.611129
1.0
0.0115845
0.208556
0.573476
0.314079
0.714506
1.0
0.0115722
0.0135989
0.61549
0.0569349
0.682221
1.0
0.0115511
0.461797
0.347328
0.510244
0.424623
1.0
0.0115458
0.358916
0.475926
0.410821
0.553304
1.0
0.0115187
0.316355
0.547147
0.422389
0.718503
1.0
0.0114533
0.962438
0.44877
0.999095
0.52014
1.0
0.0114382
0.785065
0.669552
0.887774
0.812113
1.0
0.0114069
0.686044
0.613087
0.734012
0.679053
1.0
0.0113735
0.818117
0.488828
0.857504
0.547438
1.0
0.0113555
0.491693
0.907702
0.536202
0.974351
1.0
0.0112653
0.747523
0.520479
0.784294
0.57705
1.0
0.0112566
0.563997
0.856396
0.607384
0.914139
1.0
0.0112499
0.644304
0.518562
0.685845
0.582956
1.0
0.0112241
0.713899
0.549968
0.756709
0.616386
1.0
0.0111722
0.812605
0.652166
0.858954
0.711085
1.0
0.0111656
0.538662
0.790955
0.577836
0.845534
1.0
0.01116
0.68839
0.956296
0.730608
1.00077
1.0
0.011107
0.36104
0.533956
0.413574
0.610361
1.0
0.0110971
0.751225
0.456439
0.785209
0.510386
1.0
0.0110966
0.582714
0.410513
0.68494
0.569285
1.0
0.0110114
0.536366
0.855172
0.579258
0.913369
1.0
0.0110012
0.716944
0.490159
0.750037
0.543118
1.0
0.0109492
0.189983
0.403117
0.380791
0.691502
1.0
0.0109409
0.561678
0.610564
0.669995
0.761088
1.0
0.0109112
0.866436
0.952489
0.911108
0.999209
1.0
0.0108663
0.670286
0.427031
0.757542
0.566588
1.0
0.0107828
0.790371
0.524628
0.831324
0.580818
1.0
0.0107798
0.792823
0.952048
0.835433
0.998347
1.0
0.0107484
0.790796
0.586893
0.83323
0.645776
1.0
0.0107401
0.617013
0.862779
0.658508
0.915485
1.0
0.0106888
0.764436
0.719851
0.808899
0.777498
1.0
0.0106508
0.738739
0.582567
0.783647
0.647833
1.0
0.0106262
0.769264
0.752051
0.865156
0.882349
1.0
0.0105971
0.816158
0.889511
0.923979
1.00551
1.0
0.0105652
0.765766
0.585328
0.808351
0.648198
1.0
0.0105368
0.840002
0.954437
0.885175
1.00056
1.0
0.0104864
0.329181
0.67578
0.452071
0.834119
1.0
0.0104619
0.0205046
0.423965
0.45965
0.991524
1.0
0.0104525
0.772164
0.921331
0.811651
0.977891
1.0
0.0103916
0.69826
0.463707
0.732975
0.516483
1.0
0.0103322
0.0553406
0.506314
0.165009
0.646913
1.0
0.0103316
0.265301
0.707889
0.383043
0.860153
1.0
0.01033
0.214633
0.951679
0.262338
1.0
1.0
0.0103254
0.00414282
0.589104
0.0360495
0.647438
1.0
0.0103109
0.0548179
0.871456
0.18626
1.00138
1.0
0.0102875
0.609458
0.669563
0.718631
0.806039
1.0
0.0102846
0.81436
0.587043
0.857149
0.647247
1.0
0.0102757
0.0622733
0.391328
0.155584
0.545078
1.0
0.0101758
0.435484
0.32164
0.488014
0.395245
1.0
0.0101725
0.720303
0.459921
0.752917
0.511977
1.0
0.0101456
0.933973
0.920458
0.985753
0.988552
1.0
0.0100948
0.49224
0.44017
0.548779
0.518342
1.0
0.0100852
0.282562
0.349638
0.375954
0.509077
1.0
0.0100852
0.441961
0.661372
0.551094
0.817785
1.0
0.0100781
0.472035
0.469262
0.577865
0.665957
1.0
0.0100695
0.642696
0.867915
0.682989
0.918583
1.0
0.0100601
0.0163331
0.556254
0.0554812
0.616012
1.0
0.0100577
-0.00249392
0.749891
0.0686605
0.870801
1.0
0.0100418
0.766798
0.620869
0.80749
0.678983
