1.0
0.158249
0.316371
0.393134
0.517719
0.721525
1.0
0.0453167
0.317735
0.489545
0.418086
0.685418
1.0
0.0294665
-0.00503927
0.754959
0.267169
0.998323
1.0
0.0255817
0.326033
0.346676
0.454581
0.523922
1.0
0.0249406
0.397785
0.228838
0.792931
0.771707
1.0
0.0232066
0.400448
0.388852
0.527892
0.557698
1.0
0.0229072
0.318273
0.54804
0.363658
0.614425
1.0
0.0226846
0.565511
0.499602
0.672868
0.653509
1.0
0.0223435
0.243371
0.469522
0.633768
1.00168
1.0
0.0220408
0.590356
0.880469
0.708849
0.99346
1.0
0.0215549
0.342672
0.638228
0.389672
0.707601
1.0
0.0196802
0.334703
0.572751
0.383023
0.653221
1.0
0.0191561
0.659863
0.503045
0.756509
0.650752
1.0
0.0191415
0.760102
0.720689
1.01394
1.01928
1.0
0.0183137
0.340365
0.418028
0.38688
0.488432
1.0
0.017997
0.192439
0.105899
0.587906
0.789829
1.0
0.0178277
0.690879
0.516557
0.735215
0.584812
1.0
0.0173529
0.370401
0.299
0.484337
0.448236
1.0
0.0173337
0.612348
0.949959
0.661894
0.99998
1.0
0.0168752
0.567567
0.914769
0.614998
0.974999
1.0
0.0167532
0.608661
0.912855
0.666308
0.979277
1.0
0.0167456
0.361302
0.380235
0.412963
0.458078
1.0
0.0165841
0.713364
0.533552
0.810886
0.686172
1.0
0.0165806
0.817506
0.953078
0.862515
0.999345
1.0
0.0162973
0.565694
0.950167
0.610913
0.998331
1.0
0.0162281
0.515945
0.422966
0.723465
0.699068
1.0
0.016099
0.963537
0.948708
0.998671
0.997458
1.0
0.0158837
0.908686
0.897426
0.994089
1.00043
1.0
0.0157515
0.462218
0.422823
0.565346
0.596028
1.0
0.0156745
0.739036
0.410615
0.934466
0.708063
1.0
0.015613
0.219798
0.545084
0.313555
0.689348
1.0
0.0156024
0.657362
0.606053
0.764098
0.758398
1.0
0.0155881
0.687456
0.675064
0.782629
0.814365
1.0
0.0155662
0.613202
0.577466
0.664666
0.650376
1.0
0.015408
0.659764
0.911244
0.70648
0.972926
1.0
0.0153917
0.513918
0.951075
0.554132
0.997208
1.0
0.0153731
0.364992
0.713901
0.409726
0.776565
1.0
0.0152866
0.498404
0.904881
0.585036
1.00484
1.0
0.0152826
0.60547
0.558891
0.711833
0.703105
1.0
0.0148698
0.391058
0.717392
0.436924
0.779488
1.0
0.0146372
0.319551
0.449531
0.360385
0.512574
1.0
0.0144409
0.222048
0.454989
0.389986
0.745547
1.0
0.0144292
0.442862
0.609197
0.562584
0.784901
1.0
0.0143703
0.411595
0.382527
0.458252
0.455703
1.0
0.014329
0.963831
0.54983
0.998433
0.610071
1.0
0.0143052
0.464151
0.387994
0.514588
0.466867
1.0
0.0141596
0.822019
0.912755
0.907542
1.00597
1.0
0.0140549
0.661605
0.953278
0.70652
1.00032
1.0
0.0139021
0.56555
0.422498
0.664008
0.571767
1.0
0.0138989
0.55731
0.597687
0.668224
0.750724
1.0
0.0138552
0.479195
0.435728
0.531335
0.517902
1.0
0.0137571
0.680756
0.916242
0.773999
1.0084
1.0
0.0136943
0.362194
0.446886
0.409145
0.516902
1.0
0.01366
0.169664
0.577674
0.264635
0.722148
1.0
0.0135333
0.509365
0.918721
0.55136
0.977015
1.0
0.0134851
0.71459
0.958749
0.757819
1.00208
1.0
0.0134016
0.322308
0.615912
0.420629
0.770489
1.0
0.0133813
0.76736
0.95596
0.8098
1.00056
1.0
0.0132814
0.585802
0.514289
0.63455
0.586006
1.0
0.0131575
0.388546
0.415986
0.436876
0.486609
1.0
0.0130177
0.656405
0.739867
0.762574
0.884876
1.0
0.0129945
0.689583
0.574246
0.736583
0.643409
1.0
0.0129913
0.275498
0.556708
0.311223
0.606777
1.0
0.0129677
0.865543
0.952261
0.908683
0.998354
1.0
0.0129196
0.762607
0.500135
0.866223
0.662351
1.0
0.0127537
0.343922
0.678038
0.388814
0.743662
1.0
0.0127443
0.611644
0.452401
0.719188
0.607045
1.0
0.0127212
0.317044
0.387523
0.361745
0.458496
1.0
0.0126502
0.334557
0.521421
0.382608
0.593781
1.0
0.0126496
0.740064
0.68809
0.783426
0.745941
1.0
0.0125692
0.344456
0.348334
0.393358
0.422974
1.0
0.0125658
0.364966
0.324897
0.412018
0.396304
1.0
0.0125121
0.689454
0.956186
0.734303
1.00208
1.0
0.0124547
0.777493
0.916375
0.862045
1.00773
1.0
0.0123362
0.728924
0.448193
0.812021
0.588343
1.0
0.0122004
0.301436
0.528784
0.338418
0.582751
1.0
0.0121611
0.511387
0.466008
0.618642
0.629279
1.0
0.0121577
0.611135
0.641492
0.719146
0.783585
1.0
0.0121555
0.387115
0.347679
0.438149
0.424075
1.0
0.0121494
0.32112
0.643585
0.364183
0.708223
1.0
0.0120815
0.643781
0.518464
0.687007
0.583476
1.0
0.012053
0.414171
0.716631
0.463684
0.783818
1.0
0.0119165
0.964125
0.451262
0.999875
0.518317
1.0
0.0119137
0.765735
0.51956
0.805498
0.577995
1.0
0.0118881
0.61309
0.46709
0.802484
0.751851
1.0
0.0118762
0.389373
0.633397
0.49731
0.780047
1.0
0.0118281
0.764446
0.48632
0.802625
0.545911
1.0
0.0117949
0.415175
0.65219
0.459893
0.718369
1.0
0.0117895
0.268848
0.708906
0.368198
0.848934
1.0
0.0117825
0.594241
0.451619
0.633973
0.514971
1.0
0.011681
0.440828
0.443924
0.493374
0.516734
1.0
0.0116268
0.275976
0.52868
0.310452
0.579144
1.0
0.011588
0.00962631
0.946962
0.0595061
0.999877
1.0
0.0115482
0.119122
0.54506
0.215886
0.689646
1.0
0.0115476
0.359515
0.516895
0.407321
0.587377
1.0
0.0114716
0.715751
0.714619
0.759748
0.775859
1.0
0.0114459
0.635538
0.888358
0.689971
0.948376
1.0
0.0113994
0.316223
0.485509
0.35809
0.552361
1.0
0.0113623
0.618809
0.448906
0.657477
0.513013
1.0
0.0113287
0.660084
0.576653
0.708739
0.645695
1.0
0.0113043
0.546291
0.69142
0.773574
0.96203
1.0
0.011168
0.711142
0.547607
0.75498
0.613898
1.0
0.0110924
0.501473
0.818592
0.693397
1.01807
1.0
0.0110859
0.361731
0.700566
0.474856
0.837861
1.0
0.0110739
0.492798
0.662837
0.60304
0.809128
1.0
0.0110234
0.742912
0.957488
0.786547
1.00226
1.0
0.0109888
0.387711
0.653431
0.432284
0.716689
1.0
0.0109838
0.587854
0.653277
0.634804
0.715281
1.0
0.0109229
0.213498
0.637348
0.308263
0.778957
1.0
0.0109114
0.690282
0.654018
0.737641
0.716858
1.0
0.0108837
0.286018
0.409168
0.389934
0.574241
1.0
0.010802
0.782002
0.669489
0.887264
0.816566
1.0
0.0107877
0.790643
0.587477
0.833045
0.64592
1.0
0.0107328
0.412261
0.32376
0.459177
0.396052
1.0
0.0106241
0.245098
0.585442
0.283451
0.645041
1.0
0.010602
0.763227
0.415543
0.863802
0.573223
1.0
0.0105946
0.69181
0.687785
0.739847
0.750218
1.0
0.0105872
0.466508
0.329642
0.573539
0.486799
1.0
0.0105271
0.690095
0.614785
0.736657
0.680377
1.0
0.0105223
0.589884
0.892935
0.63724
0.947908
1.0
0.0105219
0.815684
0.521224
0.857319
0.579808
1.0
0.0105084
0.540018
0.5832
0.583853
0.64822
1.0
0.0104869
0.536561
0.647378
0.585239
0.718727
1.0
0.0104316
0.845011
0.348101
0.950633
0.503349
1.0
0.0104192
0.417244
0.448829
0.462648
0.517427
1.0
0.0103198
0.508289
0.446814
0.551717
0.516739
1.0
0.0102221
0.463867
0.351161
0.510012
0.421265
1.0
0.0102004
0.817062
0.453179
0.858945
0.513788
1.0
0.0101942
0.614913
0.484096
0.655996
0.551451
1.0
0.0101154
0.71559
0.491472
0.749202
0.545389
1.0
0.0101008
0.270186
0.582788
0.308435
0.641404
1.0
0.0100713
0.791854
0.954674
0.836184
1.00065
1.0
0.010064
0.22085
0.713177
0.312631
0.840587
1.0
0.010042
0.637499
0.648743
0.686611
0.715305
1.0
0.0100411
0.716551
0.658148
0.761416
0.720274
1.0
0.0100328
0.696537
0.463756
0.732521
0.519257
1.0
0.0100159
0.81466
0.588102
0.857327
0.648037
