1.0
0.926581
0.376063
0.383176
0.579544
0.725837
1.0
0.0352181
0.566619
0.919734
0.607382
0.976346
1.0
0.0245951
0.352752
0.433784
0.466462
0.645343
1.0
0.0243901
0.666506
0.927323
0.714264
0.980806
1.0
0.024026
0.374462
0.322253
0.511868
0.514832
1.0
0.0237369
-0.00359686
0.739953
0.268567
0.996167
1.0
0.0209126
0.617872
0.953454
0.660536
0.997341
1.0
0.0207756
0.64279
0.948316
0.689323
0.996149
1.0
0.0202283
0.533655
0.904838
0.616325
0.998163
1.0
0.0197774
0.546505
0.946948
0.592615
0.996947
1.0
0.0196221
0.517808
0.951772
0.558802
0.997181
1.0
0.0195347
0.745683
0.401943
0.941114
0.695835
1.0
0.0193476
0.497703
0.376907
0.608338
0.566535
1.0
0.0179769
0.58598
0.952907
0.627955
0.997393
1.0
0.0176254
0.656319
0.500689
0.751899
0.651984
1.0
0.0172588
0.684777
0.947321
0.729421
0.994527
1.0
0.0172209
0.26063
0.464107
0.639785
1.02368
1.0
0.0169985
0.596116
0.914035
0.692111
1.0032
1.0
0.0166758
0.253803
0.46567
0.435659
0.768103
1.0
0.0166557
0.71365
0.53757
0.808219
0.686867
1.0
0.0162896
0.360754
0.548855
0.475153
0.737879
1.0
0.0160031
0.447182
0.613471
0.580891
0.78505
1.0
0.0159608
0.963482
0.949573
0.99851
0.997734
1.0
0.0157724
0.76569
0.497742
0.869409
0.659436
1.0
0.0154898
0.365205
0.476821
0.412153
0.554646
1.0
0.0154801
0.4916
0.386186
0.696257
0.707308
1.0
0.0154088
0.573291
0.40415
0.672673
0.578691
1.0
0.0150977
0.689632
0.511892
0.735926
0.585042
1.0
0.0149267
0.302466
0.475015
0.395994
0.626658
1.0
0.0149165
0.920473
0.88923
0.99707
0.998475
1.0
0.0148011
0.961846
0.449582
0.998505
0.520196
1.0
0.0146187
0.758197
0.711101
1.00967
1.01532
1.0
0.0144369
0.710055
0.9562
0.752008
0.998578
1.0
0.0143945
0.497344
0.918478
0.535732
0.974186
1.0
0.0143932
0.616996
0.448729
0.716057
0.615132
1.0
0.0140908
0.447029
0.812937
0.629461
1.01713
1.0
0.0140168
0.387464
0.576349
0.436726
0.650743
1.0
0.013952
0.560078
0.390828
0.60691
0.468431
1.0
0.0137389
0.963139
0.547549
0.998404
0.610909
1.0
0.0135775
0.816682
0.95263
0.860453
0.998906
1.0
0.0134484
0.405906
0.606321
0.46035
0.683631
1.0
0.0133506
0.263806
0.539333
0.360786
0.693083
1.0
0.013242
0.366179
0.547809
0.411687
0.617346
1.0
0.0132145
0.244699
0.676812
0.350623
0.817023
1.0
0.0131516
0.159455
0.675184
0.260355
0.821938
1.0
0.0131306
0.495355
0.950893
0.535855
0.996701
1.0
0.0130674
0.815496
0.520086
0.858248
0.58145
1.0
0.0130563
0.480478
0.879128
0.576245
0.992906
1.0
0.0129608
0.727085
0.445085
0.813247
0.590665
1.0
0.012897
0.41212
0.349133
0.465827
0.430516
1.0
0.0128704
0.352154
0.657772
0.478384
0.820558
1.0
0.0128443
0.867461
0.951311
0.910567
0.997742
1.0
0.0128142
0.816929
0.453627
0.859243
0.515688
1.0
0.012691
0.568573
0.843457
0.756179
1.01993
1.0
0.0126442
0.0186442
0.558097
0.057768
0.614735
1.0
0.0126346
0.607575
0.556526
0.711507
0.713673
1.0
0.01263
0.387065
0.382883
0.441677
0.462519
1.0
0.0125436
0.444696
0.290252
0.575288
0.466737
1.0
0.0125381
0.765911
0.484957
0.804812
0.545555
1.0
0.0125324
0.00979315
0.947321
0.0609732
1.00009
1.0
0.0125098
0.3905
0.640153
0.438716
0.709182
1.0
0.0124271
0.713497
0.677064
0.801737
0.817141
1.0
0.0123624
0.36392
0.412324
0.412358
0.486834
1.0
0.0123506
0.787052
0.38498
0.891279
0.54486
1.0
0.0123317
0.539211
0.432378
0.594618
0.520851
1.0
0.0123194
0.365445
0.645725
0.409477
0.712003
1.0
0.012278
0.214406
0.601721
0.31757
0.744251
1.0
0.0122029
0.116308
0.248515
0.51926
0.875505
1.0
0.0122
0.643391
0.899481
0.740089
0.992418
1.0
0.0121229
0.440414
0.713208
0.489927
0.778265
1.0
0.0121095
0.1238
0.602043
0.334001
0.892493
1.0
0.0120997
0.415522
0.713162
0.462231
0.779366
1.0
0.0120786
0.769414
0.955838
0.808102
0.998684
1.0
0.0120595
0.241417
0.722947
0.28525
0.780117
1.0
0.0120072
0.364206
0.349949
0.41132
0.425094
1.0
0.0117654
0.766865
0.519355
0.806941
0.579403
1.0
0.0116703
0.38692
0.451844
0.436855
0.526668
1.0
0.011588
0.713216
0.489109
0.749024
0.548017
1.0
0.0115667
0.548044
0.598044
0.657015
0.763753
1.0
0.0114961
0.789294
0.522327
0.832961
0.581812
1.0
0.0114752
0.693345
0.460617
0.732181
0.521256
1.0
0.0114517
0.745874
0.520043
0.784508
0.57871
1.0
0.0114308
0.688711
0.575589
0.738095
0.649578
1.0
0.0113888
0.661027
0.600039
0.761908
0.748579
1.0
0.0112977
0.328886
0.323088
0.436144
0.482275
1.0
0.0111883
0.711989
0.546501
0.756831
0.61705
1.0
0.0111875
0.775312
0.910454
0.86019
1.00651
1.0
0.0111295
0.840856
0.953204
0.884749
0.999598
1.0
0.0110571
0.861691
0.359886
1.00698
0.667806
1.0
0.0109738
0.639742
0.649601
0.687131
0.712958
1.0
0.0109279
0.263981
0.717068
0.314293
0.780743
1.0
0.0108732
0.659863
0.576025
0.709969
0.648704
1.0
0.0108658
0.662875
0.510781
0.712094
0.586939
1.0
0.0108608
0.963493
0.715439
0.999525
0.78138
1.0
0.0107971
0.0797335
0.662245
0.193409
0.82433
1.0
0.010775
0.454844
0.718649
0.573579
0.860456
1.0
0.0107426
0.502849
0.709358
0.563854
0.787516
1.0
0.0107205
0.162236
0.582138
0.266866
0.729919
1.0
0.0105902
0.64524
0.456163
0.684531
0.517338
1.0
0.0105348
0.842477
0.520129
0.884302
0.578521
1.0
0.010506
0.741036
0.656266
0.784248
0.715813
1.0
0.0104985
0.819273
0.883933
0.920417
1.00305
1.0
0.0104678
0.78917
0.584591
0.832927
0.646553
1.0
0.0104342
0.459559
0.348034
0.513573
0.428299
1.0
0.0103439
0.840282
0.349557
0.948021
0.504911
1.0
0.0102953
0.605836
0.359181
0.798428
0.662177
1.0
0.0102803
0.742349
0.957642
0.784515
1.00133
1.0
0.0102261
0.865959
0.52315
0.908761
0.581581
1.0
0.0102128
0.36797
0.609097
0.412125
0.678015
1.0
0.0102051
0.324076
0.454745
0.361035
0.511193
1.0
0.0101271
0.688713
0.64977
0.736122
0.714356
1.0
0.0101063
0.388848
0.316732
0.440634
0.392476
1.0
0.0100369
0.48533
0.745196
0.541627
0.812652
1.0
0.0100296
0.965932
0.581853
1.00045
0.648775
