1.0
0.696067
0.401189
0.333831
0.540379
0.573665
1.0
0.173421
0.337516
0.316729
0.712449
0.891893
1.0
0.0378282
0.736261
0.718581
1.02007
1.0163
1.0
0.0345137
0.394736
0.41819
0.436359
0.486319
1.0
0.032284
0.611004
0.45227
1.0649
1.15269
1.0
0.0298475
0.653232
0.539434
0.738048
0.672174
1.0
0.0272655
0.520097
0.624693
0.625092
0.75561
1.0
0.0247448
0.531559
0.407273
0.619924
0.55809
1.0
0.023687
0.45422
0.368931
0.52123
0.465678
1.0
0.0226394
-0.000435658
0.748101
0.248342
1.00152
1.0
0.0221652
0.587265
0.547175
0.686894
0.68297
1.0
0.0219169
0.374098
0.437873
0.485813
0.614927
1.0
0.0210883
0.536187
0.440989
0.586094
0.520896
1.0
0.0203996
0.454686
0.537171
0.511535
0.618448
1.0
0.0199524
0.534941
0.68671
0.58854
0.749801
1.0
0.019858
0.436215
0.344468
0.496478
0.432569
1.0
0.019791
0.622494
0.607892
0.720557
0.74128
1.0
0.0197289
0.670507
0.549323
0.716372
0.618507
1.0
0.019724
0.557936
0.477188
0.651345
0.619339
1.0
0.0190491
0.0117711
0.542522
0.364784
1.10428
1.0
0.0190412
0.492671
0.653325
0.54119
0.721247
1.0
0.018104
0.263397
0.949914
0.305249
0.996273
1.0
0.0179246
0.371033
0.47859
0.413198
0.543877
1.0
0.0177536
0.459359
0.323166
0.513362
0.400308
1.0
0.0175825
0.546119
0.680623
0.648665
0.80934
1.0
0.0175021
0.559179
0.654747
0.608395
0.721785
1.0
0.0174436
0.448981
0.600979
0.551588
0.740168
1.0
0.0174246
0.539041
0.506328
0.589936
0.581301
1.0
0.0173379
0.433859
0.440542
0.492483
0.526473
1.0
0.0172658
0.371883
0.562192
0.471252
0.708387
1.0
0.0171705
0.416594
0.442848
0.602936
0.717822
1.0
0.0171683
0.413856
0.383556
0.463751
0.461908
1.0
0.0169104
0.646361
0.67618
0.739629
0.810718
1.0
0.0168461
0.393755
0.580414
0.435749
0.643562
1.0
0.016589
0.587133
0.432339
0.760425
0.700311
1.0
0.0165869
0.415938
0.324614
0.462388
0.393515
1.0
0.0165358
0.64454
0.655516
0.687188
0.71202
1.0
0.0165269
0.504638
0.378947
0.5542
0.463756
1.0
0.0163747
0.35635
0.347358
0.459218
0.512087
1.0
0.0163035
0.624786
0.457102
0.714709
0.602782
1.0
0.0162888
0.613749
0.515452
0.655841
0.583782
1.0
0.0162678
0.417218
0.615131
0.458536
0.677711
1.0
0.0159937
0.644305
0.581102
0.691072
0.646437
1.0
0.0159032
0.587213
0.654005
0.633176
0.716301
1.0
0.015781
0.430459
0.494409
0.493812
0.592376
1.0
0.0156912
0.324396
0.476994
0.422307
0.617392
1.0
0.0156136
0.394459
0.508292
0.439965
0.583591
1.0
0.0155041
0.439273
0.576827
0.489032
0.64466
1.0
0.0153849
0.588901
0.582868
0.634824
0.648483
1.0
0.0153522
0.613855
0.581924
0.659443
0.647873
1.0
0.0153222
0.588096
0.513916
0.633164
0.58415
1.0
0.0152486
0.39517
0.353474
0.436915
0.41902
1.0
0.0152243
0.688793
0.571768
0.773633
0.71494
1.0
0.0150417
0.667781
0.652933
0.712021
0.711542
1.0
0.0150325
0.669315
0.611579
0.715059
0.678208
1.0
0.0149905
0.612339
0.653733
0.656686
0.714027
1.0
0.0149237
0.963821
0.949847
0.999361
0.998998
1.0
0.0148598
0.0355582
0.175537
0.504173
0.91922
1.0
0.014775
0.314067
0.688035
0.414623
0.828922
1.0
0.0147286
0.646658
0.519679
0.687051
0.581922
1.0
0.0147139
0.512044
0.506826
0.561955
0.584049
1.0
0.0145094
0.483755
0.433762
0.540497
0.519587
1.0
0.0144424
0.370123
0.582684
0.410377
0.642323
1.0
0.0143779
0.412867
0.470095
0.466717
0.554145
1.0
0.0142701
0.645077
0.616477
0.690343
0.681108
1.0
0.0141904
0.458367
0.566151
0.662341
0.816796
1.0
0.0141703
0.558254
0.478782
0.606122
0.555049
1.0
0.0140933
0.565662
0.546313
0.610926
0.614175
1.0
0.0140353
0.643714
0.687239
0.687884
0.744729
1.0
0.0140102
0.414327
0.540018
0.465908
0.615121
1.0
0.013934
0.220286
0.957955
0.257556
0.998352
1.0
0.0138729
0.562359
0.582663
0.610201
0.652
1.0
0.0138395
0.690951
0.526808
0.731739
0.588146
1.0
0.0138112
0.685066
0.578331
0.730738
0.648196
1.0
0.0137855
0.584876
0.413795
0.671301
0.555809
1.0
0.0137223
0.273984
0.71373
0.369268
0.85533
1.0
0.0137046
0.454596
0.467693
0.51533
0.557548
1.0
0.0136986
0.440553
0.647232
0.48529
0.708837
1.0
0.0136539
0.369855
0.517659
0.411928
0.581129
1.0
0.0136146
0.667837
0.686473
0.712513
0.744601
1.0
0.0135898
0.61274
0.687982
0.656712
0.745411
1.0
0.0135161
0.341349
0.727352
0.379586
0.780888
1.0
0.0134627
0.51391
0.581711
0.561778
0.651402
1.0
0.0133712
0.375456
0.392091
0.414283
0.452501
1.0
0.0133685
0.934412
0.908792
1.00067
1.00037
1.0
0.01332
0.471066
0.405043
0.582976
0.590038
1.0
0.0132893
0.559028
0.712332
0.605297
0.771499
1.0
0.0132206
0.476935
0.663641
0.580074
0.785529
1.0
0.0129702
0.537916
0.616796
0.589782
0.689148
1.0
0.0129549
0.518798
0.711049
0.563891
0.767767
1.0
0.0129203
0.312814
0.605643
0.419478
0.751011
1.0
0.0127682
0.683901
0.491916
0.768859
0.631261
1.0
0.0127163
0.561276
0.422697
0.605131
0.492096
1.0
0.0127108
0.483052
0.578594
0.532811
0.649371
1.0
0.0126356
0.670401
0.492691
0.707527
0.549631
1.0
0.0125037
0.614545
0.746897
0.712304
0.891215
1.0
0.0124349
0.714497
0.656884
0.755657
0.71315
1.0
0.012348
0.38784
0.678039
0.483349
0.812736
1.0
0.012284
0.593378
0.446345
0.633246
0.511704
1.0
0.0121498
0.444358
0.710819
0.538443
0.841737
1.0
0.0121328
0.00192018
0.904973
0.070236
0.997434
1.0
0.0121311
0.586817
0.715836
0.632481
0.775716
1.0
0.012092
0.192318
0.958702
0.233212
1.00054
1.0
0.0119854
0.321866
0.75322
0.361596
0.809413
1.0
0.0117473
0.159802
0.751061
0.254365
0.881263
1.0
0.0115529
0.212949
0.718207
0.300088
0.850364
1.0
0.0115506
0.735747
0.577563
0.831968
0.724531
1.0
0.0115397
0.114823
0.901128
0.207421
1.00567
1.0
0.0115166
0.785697
0.540911
0.885771
0.687133
1.0
0.0115092
0.248505
0.92765
0.287587
0.984873
1.0
0.0114909
0.393893
0.723587
0.432743
0.776803
1.0
0.0114495
0.861551
0.81476
0.995336
1.00325
1.0
0.0113896
0.680436
0.426289
0.868263
0.717424
1.0
0.0113648
0.261809
0.581509
0.360944
0.716767
1.0
0.0113528
0.42049
0.758267
0.458148
0.810882
1.0
0.01134
0.534461
0.386371
0.58089
0.458745
1.0
0.0113209
0.266518
0.792106
0.306488
0.84445
1.0
0.0112776
0.441421
0.757409
0.480736
0.811443
1.0
0.0112754
0.712551
0.619967
0.753279
0.679551
1.0
0.0112548
0.711893
0.550354
0.751875
0.610097
1.0
0.0111239
0.468891
0.718239
0.506788
0.769317
1.0
0.0110516
0.442511
0.721174
0.482327
0.775533
1.0
0.0109861
0.37262
0.354544
0.410254
0.413128
1.0
0.0109661
0.509783
0.619451
0.560763
0.694387
1.0
0.0109229
0.215399
0.791307
0.306387
0.923743
1.0
0.010903
0.216265
0.727391
0.255564
0.780045
1.0
0.0108353
0.265709
0.0110747
0.566126
0.634715
1.0
0.0107951
0.497068
0.710458
0.539561
0.765237
1.0
0.0107925
0.165211
0.957746
0.20683
0.999711
1.0
0.0107734
0.173698
0.694349
0.36219
0.972478
1.0
0.010763
0.4652
0.614342
0.513125
0.686242
1.0
0.0107426
0.417821
0.723432
0.456487
0.777281
1.0
0.0107205
0.711586
0.585116
0.752165
0.646855
1.0
0.0106945
0.667828
0.956496
0.706324
0.998456
1.0
0.0106941
0.590095
0.753818
0.634127
0.813145
1.0
0.0105802
0.713893
0.677954
0.809186
0.814067
1.0
0.0105435
0.509003
0.32226
0.557217
0.394687
1.0
0.0105416
0.13911
0.954929
0.183248
0.999996
1.0
0.010412
0.368756
0.725441
0.407689
0.77932
1.0
0.0103632
0.347874
0.582794
0.387434
0.642745
1.0
0.0103112
0.564821
0.749224
0.608676
0.808627
1.0
0.0102825
0.524497
0.322531
0.621124
0.46981
1.0
0.0102545
0.539764
0.74572
0.584198
0.806763
1.0
0.0101506
0.245828
0.605317
0.433503
0.900414
1.0
0.010141
0.690202
0.714469
0.733529
0.773122
1.0
0.010109
0.50444
0.357873
0.687348
0.630167
1.0
0.0100388
0.216489
0.787726
0.256632
0.841645
1.0
0.0100273
0.822859
0.523885
0.861857
0.57601
