1.0
0.532826
0.322808
0.378187
0.483434
0.627298
1.0
0.0394563
0.320011
0.451414
0.364653
0.517823
1.0
0.0373705
0.362496
0.384239
0.41269
0.456178
1.0
0.0356841
-0.0108639
0.759425
0.268915
1.00119
1.0
0.035661
0.339458
0.421999
0.389297
0.494733
1.0
0.0351806
0.412626
0.409508
0.529221
0.574995
1.0
0.0340345
0.48489
0.445602
0.532226
0.52019
1.0
0.0288868
0.35509
0.445044
0.410857
0.521145
1.0
0.0277463
0.14804
0.206133
0.48691
0.746277
1.0
0.0276134
0.292319
0.509887
0.704533
1.0826
1.0
0.0256899
0.40836
0.384538
0.460414
0.456099
1.0
0.0246954
0.466918
0.422364
0.51393
0.495578
1.0
0.0245894
0.384086
0.414053
0.43981
0.493325
1.0
0.0241964
0.341918
0.468974
0.561689
0.782715
1.0
0.023913
0.387642
0.357864
0.434426
0.418851
1.0
0.0234662
0.336532
0.509755
0.386843
0.586212
1.0
0.0228346
0.296876
0.409426
0.394634
0.562027
1.0
0.0213413
0.550627
0.864555
0.666914
0.984878
1.0
0.0205843
0.717421
0.54206
0.810351
0.685246
1.0
0.0195552
0.636254
0.67674
0.739455
0.81082
1.0
0.0195082
0.740477
0.416618
0.934278
0.714842
1.0
0.0194889
0.434091
0.4153
0.490172
0.492367
1.0
0.0193388
0.566169
0.495601
0.670262
0.649928
1.0
0.0189501
0.346039
0.359166
0.389983
0.419558
1.0
0.0183294
0.403497
0.621548
0.519076
0.768945
1.0
0.0183009
0.542529
0.718741
0.91737
1.0148
1.0
0.0181068
0.3193
0.393064
0.362784
0.458196
1.0
0.0179362
0.585822
0.95275
0.636183
1.00179
1.0
0.0175784
0.627178
0.535897
0.72645
0.671743
1.0
0.0172541
0.406088
0.443612
0.461455
0.520457
1.0
0.0171349
0.581752
0.913623
0.636185
0.979239
1.0
0.0170922
0.692972
0.514736
0.735372
0.578883
1.0
0.0169643
0.606518
0.611104
0.713354
0.745914
1.0
0.0168723
0.714979
0.618918
0.807454
0.755835
1.0
0.0164866
0.667605
0.482641
0.754332
0.619906
1.0
0.0161202
0.472625
0.396211
0.564936
0.541864
1.0
0.0158119
0.766574
0.519254
0.805632
0.576644
1.0
0.0157631
0.633989
0.860041
0.679716
0.912803
1.0
0.0157164
0.963561
0.948713
0.998568
0.996814
1.0
0.015701
0.732634
0.446771
0.813025
0.58287
1.0
0.0154485
0.862571
0.834064
0.992199
1.0051
1.0
0.0152453
0.56244
0.672472
0.669728
0.811588
1.0
0.0151617
0.762857
0.455998
0.801605
0.514731
1.0
0.0150458
0.609283
0.876476
0.731807
0.993353
1.0
0.0147418
0.213266
0.949629
0.261975
0.999755
1.0
0.0147284
0.96305
0.548987
0.997479
0.609935
1.0
0.0147114
0.408434
0.730863
0.5226
0.878841
1.0
0.0146084
0.318848
0.542544
0.365197
0.609309
1.0
0.0143708
0.790558
0.385597
0.895238
0.543467
1.0
0.0143182
0.618804
0.452259
0.654952
0.514575
1.0
0.0142772
0.635907
0.579738
0.684655
0.64979
1.0
0.0141867
0.588042
0.862704
0.638381
0.917445
1.0
0.0141317
0.660398
0.954538
0.709773
1.00226
1.0
0.0141253
0.466252
0.468169
0.518571
0.547944
1.0
0.0141223
0.938756
0.91749
0.987468
0.986571
1.0
0.0140927
0.619806
0.790902
0.728934
0.920592
1.0
0.0140234
0.70755
0.526354
1.00882
1.08834
1.0
0.0139537
0.512414
0.544035
0.731138
0.819367
1.0
0.0138899
0.542662
0.909624
0.590566
0.972804
1.0
0.0138823
0.764608
0.49861
0.866479
0.658014
1.0
0.0137577
0.50832
0.478359
0.550612
0.544798
1.0
0.0137512
0.51131
0.609344
0.614795
0.757066
1.0
0.0136084
0.712489
0.953957
0.757868
1.00103
1.0
0.0135648
0.337725
0.319519
0.441041
0.458448
1.0
0.0135548
0.391676
0.338577
0.514862
0.494201
1.0
0.0134443
0.278977
0.49501
0.379436
0.65076
1.0
0.0133729
0.475851
0.410923
0.672253
0.6916
1.0
0.0133511
0.589659
0.57643
0.639489
0.64662
1.0
0.013244
0.668632
0.516621
0.71011
0.580517
1.0
0.0131815
0.381973
0.47337
0.438655
0.551195
1.0
0.0131399
0.356295
0.53938
0.411057
0.615742
1.0
0.0131397
0.555702
0.748707
0.67132
0.896557
1.0
0.013134
0.766329
0.621155
0.80676
0.677817
1.0
0.0130936
0.429987
0.205498
0.813226
0.762063
1.0
0.0130241
0.691492
0.579406
0.735941
0.643478
1.0
0.0129732
0.691919
0.686375
0.73754
0.746093
1.0
0.012959
0.589435
0.657318
0.633757
0.7162
1.0
0.0129555
0.737274
0.689178
0.784713
0.749375
1.0
0.0128967
0.590023
0.423189
0.680298
0.572268
1.0
0.0128265
0.486235
0.739421
0.585457
0.884721
1.0
0.0127453
0.559523
0.883214
0.607811
0.941187
1.0
0.0126807
0.508829
0.439211
0.605751
0.594431
1.0
0.012675
0.612299
0.513109
0.656233
0.582516
1.0
0.0126732
0.698264
0.463346
0.734037
0.518176
1.0
0.0126732
0.738385
0.582243
0.783483
0.647045
1.0
0.0126323
0.436714
0.475163
0.490844
0.551915
1.0
0.0125846
0.235352
0.310853
0.414655
0.599793
1.0
0.0125324
0.71525
0.490507
0.748953
0.54434
1.0
0.0125184
0.488099
0.501595
0.534609
0.573223
1.0
0.012515
0.638409
0.686446
0.685801
0.747842
1.0
0.0124729
0.644982
0.518257
0.685636
0.58196
1.0
0.0123511
0.614379
0.684828
0.659171
0.747423
1.0
0.0123511
0.518819
0.956678
0.55901
0.999881
1.0
0.0123373
0.487759
0.393925
0.531905
0.460935
1.0
0.0123278
0.765354
0.58674
0.807485
0.648101
1.0
0.0123087
0.541379
0.951164
0.587978
1.00035
1.0
0.0123008
0.587176
0.511132
0.633176
0.582863
1.0
0.012298
0.631996
0.914575
0.686958
0.982484
1.0
0.0122835
0.436993
0.360591
0.48314
0.423015
1.0
0.0121814
0.62339
0.419186
0.806173
0.707876
1.0
0.0121671
0.690164
0.718156
0.737269
0.781784
1.0
0.0120623
0.638791
0.653697
0.684953
0.712781
1.0
0.0120009
0.763826
0.654568
0.806393
0.711299
1.0
0.0119845
0.963407
0.45207
0.999479
0.521044
1.0
0.0119736
0.815268
0.521093
0.857029
0.579724
1.0
0.0119578
0.477921
0.526376
0.578052
0.698552
1.0
0.0118839
0.368879
0.336945
0.409764
0.394417
1.0
0.0118353
0.521565
0.917303
0.563669
0.973919
1.0
0.011831
0.738927
0.657493
0.784405
0.715545
1.0
0.0117363
0.684304
0.911257
0.774667
1.00589
1.0
0.0116781
0.713881
0.550003
0.75646
0.61371
1.0
0.0116725
0.195729
0.876944
0.298546
0.994658
1.0
0.0116618
0.741601
0.61963
0.785455
0.678703
1.0
0.0116462
0.617221
0.609357
0.664766
0.674924
1.0
0.0115924
0.720758
0.459064
0.753935
0.512276
1.0
0.0115612
0.69277
0.707741
0.780445
0.841797
1.0
0.0115564
0.66501
0.688102
0.709849
0.746886
1.0
0.0115402
0.303258
0.427411
0.34302
0.485431
1.0
0.0114977
0.816573
0.451718
0.859248
0.514104
1.0
0.0114883
0.598899
0.457064
0.635427
0.518608
1.0
0.0114567
0.509618
0.42422
0.551361
0.488915
1.0
0.0113245
0.79085
0.589861
0.831542
0.645231
1.0
0.0112987
0.299601
0.516094
0.340996
0.578802
1.0
0.0112034
0.760026
0.669825
0.865043
0.814053
1.0
0.0112033
0.692763
0.618879
0.735852
0.679098
1.0
0.011163
0.339405
0.571232
0.387299
0.644096
1.0
0.01116
0.189567
0.743138
0.299492
0.881698
1.0
0.0111121
0.717448
0.618022
0.759959
0.678089
1.0
0.0110309
0.24013
0.713727
0.356275
0.854356
1.0
0.0110254
0.316627
0.540083
0.424518
0.710148
1.0
0.0109279
0.815318
0.589117
0.856749
0.646778
1.0
0.0108637
0.30203
0.483091
0.341774
0.54285
1.0
0.0108319
0.660123
0.613321
0.705236
0.674759
1.0
0.0108197
0.540917
0.583027
0.585099
0.648282
1.0
0.0107946
0.84148
0.952949
0.886608
0.999977
1.0
0.0107897
0.296467
0.550242
0.340048
0.611665
1.0
0.010768
0.389238
0.715479
0.43849
0.779281
1.0
0.0107238
0.46297
0.360357
0.505589
0.422326
1.0
0.0107064
0.0570919
0.87784
0.187552
0.997972
1.0
0.0106215
0.321166
0.359075
0.359947
0.417006
1.0
0.0105979
0.683286
0.549447
0.873362
0.831449
1.0
0.0105633
0.502287
0.806288
0.602411
0.946699
1.0
0.0105539
0.665829
0.54946
0.707818
0.613219
1.0
0.0105204
0.539619
0.45263
0.580165
0.516511
1.0
0.0105012
0.438858
0.710884
0.492684
0.776716
1.0
0.0104941
0.641766
0.453138
0.678874
0.511414
1.0
0.0104697
0.331405
0.670427
0.456812
0.825955
1.0
0.010463
0.542918
0.867112
0.586335
0.921089
1.0
0.0104485
0.814884
0.621363
0.857448
0.678473
1.0
0.0104247
0.364411
0.612996
0.412531
0.683645
1.0
0.0104239
0.565404
0.653852
0.609208
0.714958
1.0
0.0103772
0.668345
0.752633
0.713173
0.81043
1.0
0.0103576
0.717552
0.71621
0.763469
0.780316
1.0
0.0103541
0.187361
0.52962
0.407187
0.814982
1.0
0.0103465
0.00963886
0.947199
0.0611213
1.00028
1.0
0.0103112
0.458402
0.683916
0.509295
0.752697
1.0
0.0102517
0.0538082
0.781109
0.171338
0.923078
1.0
0.010233
0.277189
0.330716
0.377349
0.47411
1.0
0.0102307
0.411868
0.331072
0.455428
0.390265
1.0
0.0102121
0.812999
0.652359
0.858212
0.709568
1.0
0.010192
0.788013
0.522666
0.830993
0.579659
1.0
0.0101331
0.473361
0.911681
0.560317
1.01026
1.0
0.01012
0.568878
0.487986
0.610706
0.553679
1.0
0.0101016
0.612009
0.875968
0.661914
0.936536
1.0
0.0100346
0.75061
0.487002
0.786057
0.543503
1.0
0.0100233
0.11331
0.60557
0.217755
0.752333
