1.0
0.978453
0.38886
0.367867
0.539109
0.625844
1.0
0.0480117
0.351752
0.323184
0.6638
0.865656
1.0
0.0363068
0.622025
0.438464
1.05155
1.1089
1.0
0.0296479
0.650229
0.538814
0.732059
0.668503
1.0
0.028242
0.385956
0.287647
0.494708
0.462242
1.0
0.0272662
0.735163
0.714288
1.01968
1.01436
1.0
0.0264338
-0.0104027
0.746429
0.237186
1.00237
1.0
0.0247615
0.585561
0.547657
0.679508
0.681479
1.0
0.0237095
0.530428
0.411722
0.61979
0.567481
1.0
0.0203769
0.485687
0.381814
0.538184
0.464663
1.0
0.0197151
0.554526
0.610393
0.65762
0.749122
1.0
0.0192966
0.266226
0.950429
0.307352
0.995409
1.0
0.0191821
0.515665
0.707089
0.612594
0.834728
1.0
0.0188651
0.672101
0.55035
0.714381
0.615293
1.0
0.0185596
0.691469
0.576357
0.777139
0.716378
1.0
0.0183139
0.312722
0.534972
0.414716
0.681272
1.0
0.0179574
0.00399801
0.52439
0.359887
1.09326
1.0
0.0179327
0.962586
0.949036
0.99956
0.998165
1.0
0.0177778
0.557507
0.724764
0.603002
0.781493
1.0
0.0174396
0.537517
0.48245
0.586531
0.554453
1.0
0.0172517
0.691217
0.530039
0.729165
0.587457
1.0
0.0172361
0.389283
0.309422
0.435322
0.387867
1.0
0.0170994
0.61886
0.607676
0.711963
0.736097
1.0
0.0170188
0.388855
0.386899
0.435218
0.460181
1.0
0.0169533
0.64367
0.58214
0.687341
0.646172
1.0
0.0168799
0.556757
0.480132
0.649009
0.625275
1.0
0.0164074
0.673335
0.653193
0.762458
0.783584
1.0
0.0163909
0.587258
0.438583
0.758105
0.70513
1.0
0.0161534
0.643299
0.61663
0.685955
0.678462
1.0
0.0160336
0.483044
0.438549
0.537538
0.523415
1.0
0.01599
0.643074
0.655716
0.684623
0.710431
1.0
0.0158629
0.569785
0.684214
0.667833
0.817128
1.0
0.0157378
0.509149
0.350163
0.554164
0.427464
1.0
0.015603
0.687215
0.576785
0.730363
0.643487
1.0
0.0155422
0.923304
0.885575
1.0006
0.996321
1.0
0.0154617
0.461099
0.348411
0.512616
0.427633
1.0
0.0153556
0.313101
0.70332
0.413267
0.869054
1.0
0.0153222
0.690927
0.656044
0.73396
0.711277
1.0
0.0152113
0.435943
0.313294
0.489413
0.396298
1.0
0.0151734
0.590697
0.582235
0.635173
0.648992
1.0
0.0150391
0.447055
0.296144
0.560149
0.469451
1.0
0.0150191
0.487843
0.320761
0.538167
0.398037
1.0
0.0149652
0.0695504
0.213172
0.492062
0.877516
1.0
0.014782
0.615771
0.553703
0.656247
0.615665
1.0
0.0146912
0.246151
0.954128
0.285534
0.997495
1.0
0.0146153
0.583466
0.722777
0.628335
0.779915
1.0
0.0145941
0.715496
0.65825
0.756592
0.713454
1.0
0.0144303
0.510687
0.412495
0.555106
0.48937
1.0
0.0143834
0.626435
0.45967
0.708218
0.599213
1.0
0.0143453
0.668518
0.614045
0.710526
0.676358
1.0
0.0143181
0.266663
0.523543
0.361435
0.654916
1.0
0.0143052
0.667668
0.655751
0.709543
0.710587
1.0
0.0141641
0.647596
0.521068
0.685495
0.581045
1.0
0.014141
0.588154
0.417378
0.668805
0.555244
1.0
0.0141125
0.614203
0.614408
0.657394
0.678834
1.0
0.0140768
0.690454
0.617629
0.732103
0.677458
1.0
0.0139277
0.220045
0.960473
0.25678
0.999133
1.0
0.0138141
0.412749
0.343324
0.462032
0.423989
1.0
0.0138016
0.6712
0.49323
0.706053
0.548257
1.0
0.0136725
0.51807
0.72432
0.566182
0.782189
1.0
0.0135713
0.371373
0.419341
0.410087
0.481123
1.0
0.0133864
0.561829
0.511612
0.607854
0.582313
1.0
0.0133268
0.392087
0.575942
0.437969
0.646753
1.0
0.0133172
0.333382
0.39813
0.428793
0.560161
1.0
0.013242
0.714997
0.621707
0.753717
0.678902
1.0
0.0132056
0.713549
0.681002
0.808171
0.815046
1.0
0.0131786
0.510675
0.53558
0.614927
0.688427
1.0
0.0131546
0.353683
0.460473
0.46478
0.622126
1.0
0.0131101
0.367611
0.549914
0.413278
0.612782
1.0
0.0130206
0.270594
0.667956
0.374671
0.825479
1.0
0.0129972
0.371458
0.349594
0.411065
0.416438
1.0
0.0129618
0.715105
0.94962
0.760755
0.997011
1.0
0.0129608
0.511425
0.506815
0.561274
0.583196
1.0
0.0129441
0.712379
0.552778
0.750314
0.608545
1.0
0.0129384
0.339469
0.578292
0.382133
0.641972
1.0
0.0129379
0.685853
0.492157
0.76922
0.627432
1.0
0.0128914
0.388355
0.44757
0.434552
0.520797
1.0
0.0128912
0.372006
0.482648
0.413311
0.546119
1.0
0.0128672
0.33666
0.772307
0.435463
0.938485
1.0
0.0128268
0.407891
0.28272
0.459052
0.357568
1.0
0.0128263
0.647962
0.711815
0.738566
0.848372
1.0
0.0127426
0.388598
0.512323
0.436835
0.585156
1.0
0.0127252
0.598423
0.452567
0.634231
0.513481
1.0
0.0126726
0.535866
0.41997
0.581691
0.490479
1.0
0.0126634
0.615614
0.516673
0.65525
0.583185
1.0
0.0126011
0.715806
0.687233
0.758057
0.743353
1.0
0.0125954
0.317497
0.956286
0.356041
0.999209
1.0
0.012536
0.685391
0.428117
0.872857
0.710469
1.0
0.0124888
0.71338
0.585868
0.751854
0.64455
1.0
0.0124871
0.589743
0.51542
0.631852
0.583375
1.0
0.0124672
0.496578
0.724335
0.539218
0.776051
1.0
0.0124421
0.242063
0.430243
0.430683
0.703416
1.0
0.0124275
0.341624
0.722151
0.382433
0.780793
1.0
0.0123992
0.439036
0.385928
0.491277
0.462124
1.0
0.0123282
0.73684
0.578811
0.834341
0.72478
1.0
0.0122941
0.470726
0.72211
0.509935
0.773953
1.0
0.0122889
0.252714
0.909709
0.326479
0.999927
1.0
0.0122559
0.617397
0.482742
0.653478
0.546165
1.0
0.012161
0.690512
0.687671
0.734864
0.745624
1.0
0.0121086
0.214834
0.754096
0.305628
0.889283
1.0
0.0119927
0.563293
0.453932
0.604312
0.519575
1.0
0.0119878
0.481569
0.613639
0.589595
0.762579
1.0
0.0119769
0.191735
0.959108
0.23201
1.00021
1.0
0.0119469
0.642924
0.688088
0.685208
0.744666
1.0
0.0119464
0.612077
0.718788
0.654357
0.776068
1.0
0.011937
0.507987
0.560394
0.705281
0.837782
1.0
0.0118579
0.434579
0.568198
0.494724
0.652305
1.0
0.0118227
0.67071
0.955631
0.709373
0.997092
1.0
0.011744
0.61392
0.65206
0.657691
0.712406
1.0
0.0116932
0.269791
0.781541
0.366876
0.932302
1.0
0.0116835
0.615084
0.688902
0.65705
0.746471
1.0
0.0116703
0.29347
0.721045
0.334314
0.777886
1.0
0.0116406
0.539843
0.546388
0.586044
0.611671
1.0
0.0116374
0.217489
0.728625
0.257045
0.780497
1.0
0.0115792
0.66912
0.715491
0.71244
0.774417
1.0
0.0115351
0.162002
0.751714
0.25601
0.882215
1.0
0.0115213
0.567215
0.582399
0.61051
0.647402
1.0
0.0114905
0.611832
0.750547
0.708003
0.888127
1.0
0.011448
0.152786
0.573921
0.258551
0.71793
1.0
0.0114406
0.388499
0.712269
0.480319
0.858129
1.0
0.0114324
0.82288
0.524069
0.8625
0.575024
1.0
0.0113003
0.265581
0.791762
0.30585
0.845063
1.0
0.0112674
0.784492
0.539473
0.887776
0.687125
1.0
0.0112546
0.366927
0.589479
0.477786
0.747903
1.0
0.0112446
0.322416
0.823066
0.359943
0.878635
1.0
0.0111068
0.107576
0.877459
0.210077
0.996137
1.0
0.0110899
0.499602
0.368675
0.679797
0.634924
1.0
0.0110688
0.1923
0.684777
0.281264
0.817871
1.0
0.0110363
0.265021
0.827815
0.305507
0.880814
1.0
0.0110355
0.681816
0.912187
0.766899
1.00387
1.0
0.0109861
0.167691
0.957252
0.206948
0.998361
1.0
0.0109353
0.211184
0.579248
0.311494
0.715398
1.0
0.0109218
0.247631
0.598265
0.436908
0.905613
1.0
0.0109212
0.617813
0.424233
0.652696
0.484214
1.0
0.0108715
0.00896747
0.9417
0.0602301
0.998755
1.0
0.0108294
0.457703
0.412072
0.514849
0.499318
1.0
0.010802
0.53617
0.739355
0.586018
0.803082
1.0
0.0107112
0.647881
0.492216
0.682809
0.548222
1.0
0.0106945
0.612756
0.756435
0.654628
0.811258
1.0
0.0106644
0.510716
0.577693
0.55697
0.647796
1.0
0.0106261
0.6953
0.495522
0.729768
0.548393
1.0
0.010599
0.321464
0.789938
0.358446
0.844216
1.0
0.0105483
0.267617
0.859318
0.30592
0.914465
1.0
0.0105127
0.287468
0.954454
0.330129
0.999641
1.0
0.010474
0.764013
0.655069
0.806485
0.710831
1.0
0.0104296
0.241438
0.793734
0.279109
0.84371
1.0
0.0104269
0.329026
0.286982
0.425502
0.434357
1.0
0.010412
0.318881
0.722036
0.360726
0.781241
1.0
0.0104035
0.54095
0.581064
0.587422
0.646165
1.0
0.0104011
0.194352
0.730499
0.23558
0.781924
1.0
0.0101637
0.141284
0.956624
0.182997
1.00001
1.0
0.0101609
0.366406
0.72201
0.405766
0.778989
1.0
0.0101507
0.547578
0.216651
0.898654
0.777661
1.0
0.0101478
0.457021
0.283631
0.508074
0.356876
1.0
0.0101308
0.714718
0.71674
0.758573
0.778467
1.0
0.0100833
0.740874
0.658529
0.7822
0.712674
1.0
0.0100347
0.447749
0.681033
0.544318
0.808553
1.0
0.0100328
0.643136
0.794124
0.681491
0.843601
1.0
0.0100143
0.817646
0.950458
0.861178
0.995841
1.0
0.0100022
0.217397
0.789784
0.256359
0.842287
