1.0
0.264704
0.382522
0.201828
0.548288
0.439472
1.0
0.10104
0.271866
0.261972
0.741203
1.00868
1.0
0.053203
-0.00814089
0.76267
0.226078
1.00548
1.0
0.0513579
0.120896
0.497208
0.531374
1.15814
1.0
0.0426965
0.0195849
0.448127
0.0674351
0.511601
1.0
0.0416281
0.0142388
0.770255
0.11158
0.916628
1.0
0.0359958
0.0228831
0.703085
0.107543
0.820668
1.0
0.0343301
0.00422071
0.224871
0.0604344
0.34058
1.0
0.0340978
0.0228266
0.440145
0.308959
0.982617
1.0
0.0333857
0.0220322
0.892618
0.110648
0.997351
1.0
0.0324416
0.061685
0.947803
0.108288
0.997814
1.0
0.0318796
0.0153219
0.522578
0.0583634
0.580389
1.0
0.0317966
0.012879
0.946098
0.0606312
0.997851
1.0
0.0302644
0.0210833
0.624853
0.112691
0.745352
1.0
0.0301142
0.000863642
0.733025
0.0673201
0.848601
1.0
0.0286676
0.0623553
0.724798
0.15819
0.85243
1.0
0.0281417
0.114611
0.956423
0.155148
0.998623
1.0
0.0279782
0.0124974
0.876316
0.0619553
0.946225
1.0
0.0273022
0.00343613
0.535101
0.0867897
0.658591
1.0
0.0266543
0.0876273
0.913652
0.174302
1.00994
1.0
0.0264342
0.00106666
0.752171
0.0373451
0.813279
1.0
0.0263816
0.0116208
0.815755
0.0643045
0.888228
1.0
0.0263051
0.040163
0.519987
0.0845016
0.577034
1.0
0.0262163
0.17137
0.957666
0.208462
0.99723
1.0
0.0262099
0.0204005
0.350097
0.105846
0.479293
1.0
0.0254734
0.013198
0.691486
0.0599308
0.752279
1.0
0.0253929
0.0185604
0.486143
0.103247
0.600711
1.0
0.0253244
0.0268774
0.42709
0.110908
0.538612
1.0
0.0251248
0.0575172
0.719228
0.103097
0.777976
1.0
0.0248741
0.00253511
0.719115
0.0379339
0.779559
1.0
0.0247447
0.00200712
0.482807
0.0379207
0.542758
1.0
0.0241458
0.171199
0.485474
0.253975
0.626117
1.0
0.023869
0.0624617
0.793538
0.104431
0.847197
1.0
0.0235558
0.0566526
0.824713
0.104183
0.88638
1.0
0.0234229
0.0886035
0.955448
0.131569
0.999874
1.0
0.0231249
0.0605694
0.749316
0.105137
0.807828
1.0
0.0231086
0.00294624
0.549551
0.0387953
0.606788
1.0
0.0229171
0.173719
0.762111
0.248863
0.879862
1.0
0.0228604
0.0248329
0.265577
0.103014
0.403585
1.0
0.0227635
0.00201725
0.919772
0.0389726
0.984182
1.0
0.0224174
0.198925
0.79234
0.230647
0.837981
1.0
0.0223661
0.0628435
0.546464
0.154822
0.678626
1.0
0.0221649
0.0870594
0.792503
0.181133
0.918
1.0
0.0221055
0.116929
0.407408
0.206149
0.549858
1.0
0.0220913
0.0366077
0.792952
0.0831521
0.851772
1.0
0.0220458
0.172777
0.689245
0.254853
0.815409
1.0
0.0219375
0.00130143
0.587028
0.0349495
0.644521
1.0
0.0217787
0.00375668
0.426421
0.0384941
0.483983
1.0
0.0216456
0.116153
0.725938
0.155483
0.778049
1.0
0.0215838
0.176944
0.886664
0.209669
0.934529
1.0
0.0215258
0.00206046
0.855153
0.0403525
0.918493
1.0
0.02152
0.143915
0.958403
0.183215
0.998566
1.0
0.0214095
0.00104732
0.656455
0.0342642
0.712693
1.0
0.0212058
0.175135
0.789513
0.210577
0.836969
1.0
0.0210733
0.169222
0.613264
0.249342
0.738454
1.0
0.0210683
0.191046
0.955419
0.229164
0.996626
1.0
0.0210357
0.0583741
0.881342
0.10342
0.944023
1.0
0.0208093
0.00156553
0.787932
0.0384431
0.850306
1.0
0.0204365
0.117078
0.759163
0.158342
0.812912
1.0
0.020362
0.155377
0.905206
0.231839
1.00222
1.0
0.0203567
0.173436
0.919955
0.211448
0.974058
1.0
0.0202513
0.265668
0.518812
0.30577
0.578028
1.0
0.0201518
0.0841511
0.350786
0.17574
0.486758
1.0
0.020116
0.214816
0.95547
0.253281
0.996708
1.0
0.0200641
0.745502
0.644102
1.02594
1.00168
1.0
0.0200204
0.220331
0.48311
0.310474
0.615724
1.0
0.0199894
0.00269657
0.311577
0.0360331
0.378115
1.0
0.0198268
0.12423
0.695901
0.209005
0.819188
1.0
0.0198078
0.0579323
0.453543
0.148537
0.584663
1.0
0.019511
8.27909e-05
0.619107
0.0339062
0.675555
1.0
0.0192683
0.480578
0.436525
0.974939
1.10133
1.0
0.0190714
0.193719
0.518475
0.233203
0.579166
1.0
0.0189887
0.0381498
0.694376
0.088134
0.755306
1.0
0.0186947
0.537715
0.265593
0.636599
0.438626
1.0
0.0186525
0.193049
0.413901
0.284241
0.55949
1.0
0.0186261
0.423921
0.0506919
0.891623
0.728268
1.0
0.0186179
0.324756
0.0416123
0.622117
0.487532
1.0
0.0185607
0.0363017
0.852901
0.0892372
0.920444
1.0
0.0184525
0.0300377
0.355772
0.196463
0.631276
1.0
0.0183765
0.174295
0.827894
0.209131
0.874609
1.0
0.0182769
0.170468
0.761079
0.207705
0.810851
1.0
0.0180994
0.0917613
0.613768
0.178057
0.738838
1.0
0.0180822
0.0666103
0.654941
0.109087
0.710348
1.0
0.0179606
0.0965347
0.756278
0.135094
0.807639
1.0
0.0179249
0.0966697
0.790413
0.133343
0.838065
1.0
0.0178989
0.217066
0.921552
0.257044
0.976256
1.0
0.0178181
0.170667
0.521232
0.210645
0.5819
1.0
0.0177432
0.142897
0.92433
0.18195
0.975928
1.0
0.0176031
0.00197157
0.390592
0.0331004
0.445736
1.0
0.017514
0.0591079
0.659126
0.15208
0.784794
1.0
0.0173923
0.244512
0.539842
0.33733
0.676322
1.0
0.017334
0.188117
0.591972
0.227616
0.652322
1.0
0.0173262
0.0407945
0.657771
0.0858761
0.713551
1.0
0.0173259
0.217206
0.821772
0.251573
0.870925
1.0
0.0173059
0.210992
0.614021
0.300361
0.751943
1.0
0.0172289
0.00719082
0.578208
0.169937
0.827227
1.0
0.0171031
0.155437
0.552657
0.233325
0.681729
1.0
0.0169795
0.196825
0.765125
0.231204
0.814119
1.0
0.0169411
0.195627
0.82082
0.229426
0.869923
1.0
0.0168347
0.14359
0.785804
0.179354
0.833373
1.0
0.0168156
0.092234
0.725005
0.131594
0.777279
1.0
0.0166711
0.173043
0.687478
0.209728
0.737721
1.0
0.016656
0.216312
0.763667
0.251422
0.812145
1.0
0.0165945
0.114759
0.525719
0.154791
0.583076
1.0
0.0165344
0.172084
0.725976
0.207396
0.773713
1.0
0.0164981
0.0576001
0.48467
0.100275
0.545527
1.0
0.016461
0.0887252
0.862227
0.126387
0.9122
1.0
0.0163934
0.266047
0.410283
0.375193
0.551266
1.0
0.0163117
0.244063
0.552797
0.284813
0.610173
1.0
0.0162703
0.172899
0.654342
0.211805
0.70888
1.0
0.0162089
0.0147466
0.342401
0.0559112
0.407777
1.0
0.0161648
0.214979
0.489196
0.254631
0.547317
1.0
0.0161437
0.0901159
0.632554
0.257182
0.900609
1.0
0.0159249
0.191704
0.865972
0.225166
0.914479
1.0
0.015824
0.196415
0.726628
0.229366
0.772956
1.0
0.0157953
0.0906779
0.451586
0.130536
0.510254
1.0
0.0157631
0.0928826
0.653226
0.131987
0.706221
1.0
0.015734
0.167291
0.833196
0.245798
0.95643
1.0
0.0156737
0.268011
0.552209
0.305288
0.607771
1.0
0.0156595
0.17455
0.61746
0.21445
0.673943
1.0
0.015624
0.169265
0.487001
0.209953
0.548363
1.0
0.015598
0.0653509
0.586442
0.107513
0.643661
1.0
0.0155874
0.163252
0.451607
0.205271
0.513657
1.0
0.015574
0.144643
0.830321
0.180265
0.877156
1.0
0.0154197
0.0641677
0.343961
0.105681
0.409707
1.0
0.015401
0.11536
0.653569
0.155039
0.706412
1.0
0.0153382
0.120235
0.85748
0.156021
0.905262
1.0
0.0152486
0.0918099
0.42076
0.131925
0.479388
1.0
0.0152217
0.0897051
0.523944
0.129766
0.580398
1.0
0.0151479
0.211677
0.717552
0.296046
0.850705
1.0
0.0150656
0.0158131
0.389941
0.057621
0.449484
1.0
0.0150211
0.317166
0.36707
0.429627
0.525823
1.0
0.0148968
0.145535
0.727526
0.181653
0.776015
1.0
0.0148624
0.193335
0.689393
0.229023
0.73945
1.0
0.0148259
0.14373
0.523702
0.182897
0.581185
1.0
0.0148125
0.0903756
0.388392
0.13126
0.446502
1.0
0.0147883
0.293148
0.474282
0.412176
0.623157
1.0
0.0147487
0.149087
0.858807
0.183462
0.904587
1.0
0.0147474
0.116184
0.586953
0.155352
0.643407
1.0
0.0144818
0.11546
0.447145
0.158705
0.509673
1.0
0.0144371
0.195181
0.457339
0.233108
0.515137
1.0
0.0144109
0.0935932
0.587302
0.133077
0.644024
1.0
0.0144104
0.166277
0.344096
0.258798
0.486335
1.0
0.0143062
0.120319
0.825017
0.159429
0.876369
1.0
0.0142995
0.0563334
0.214552
0.14684
0.365029
1.0
0.0142098
0.187017
0.541873
0.354415
0.837684
1.0
0.0142026
0.215826
0.692564
0.252404
0.74228
1.0
0.0141089
0.150353
0.893291
0.185312
0.941091
1.0
0.0140933
0.117062
0.692825
0.156159
0.744259
1.0
0.01402
0.0451798
0.31814
0.0852361
0.383015
1.0
0.0140124
0.218885
0.726696
0.25313
0.773906
1.0
0.0138049
0.290456
0.520236
0.335678
0.581377
1.0
0.013789
0.0649884
0.620999
0.110348
0.680627
1.0
0.0137354
0.244023
0.488178
0.28742
0.548705
1.0
0.0136756
0.593816
0.452383
0.706012
0.590908
1.0
0.0134971
0.216648
0.341254
0.318478
0.495386
1.0
0.0134033
0.152295
0.404938
0.309413
0.71202
1.0
0.0133876
0.241647
0.724798
0.276804
0.773356
1.0
0.0133663
0.0402173
0.582993
0.0837063
0.640362
1.0
0.0133145
0.214915
0.551138
0.25454
0.61157
1.0
0.0132782
0.119007
0.892635
0.155626
0.943031
1.0
0.0132661
0.0623613
0.546062
0.105078
0.603488
1.0
0.0132179
0.169947
0.553741
0.209407
0.613204
1.0
0.0131779
0.113553
0.390685
0.156486
0.450662
1.0
0.0131719
0.315521
0.516787
0.362489
0.582033
1.0
0.0130478
0.147478
0.588411
0.185248
0.641964
1.0
0.0130206
0.321075
0.256962
0.437441
0.437531
1.0
0.0130175
0.138194
0.417145
0.185237
0.485231
1.0
0.0129815
0.216438
0.454216
0.257616
0.516694
1.0
0.0129477
0.250683
0.459599
0.446344
0.762351
1.0
0.0129255
0.0674009
0.384054
0.108873
0.443664
1.0
0.0129149
0.243235
0.58346
0.28279
0.64052
1.0
0.0128551
0.211992
0.5867
0.251354
0.644304
1.0
0.0127885
0.0401442
0.62082
0.0858389
0.679179
1.0
0.0127802
0.114943
0.621646
0.154952
0.677558
1.0
0.0127792
0.2155
0.658436
0.252081
0.708651
1.0
0.0127484
0.242227
0.657546
0.278631
0.707543
1.0
0.0127362
0.240857
0.760144
0.276393
0.808712
1.0
0.0126992
0.148051
0.656928
0.183977
0.706404
1.0
0.0126778
0.265887
0.304921
0.373658
0.47086
1.0
0.0126519
0.204453
0.786187
0.291792
0.923498
1.0
0.0125515
0.215797
0.86075
0.250358
0.908888
1.0
0.0125438
0.059563
0.427431
0.102789
0.488858
1.0
0.0124641
0.211156
0.620982
0.251778
0.677346
1.0
0.0124496
0.147911
0.692338
0.184452
0.7419
1.0
0.0123592
0.0912395
0.826516
0.130657
0.878493
1.0
0.012211
0.14286
0.482999
0.185389
0.547154
1.0
0.0121721
0.191595
0.549918
0.232484
0.613907
1.0
0.0121555
0.241383
0.693346
0.278201
0.744033
1.0
0.0121448
0.216299
0.889922
0.252272
0.941086
1.0
0.0121362
0.36088
0.476141
0.490268
0.633824
1.0
0.0121118
0.239676
0.792604
0.274271
0.838945
1.0
0.0119464
0.0640759
0.248155
0.105842
0.319155
1.0
0.0119165
0.268399
0.581775
0.305884
0.638226
1.0
0.0118171
0.276184
0.61203
0.374295
0.768047
1.0
0.0117477
0.0406221
0.384545
0.0850626
0.449352
1.0
0.0117422
0.268127
0.961226
0.304459
1.00028
1.0
0.0117124
0.0899579
0.487466
0.129685
0.546855
1.0
0.0116858
0.240856
0.622992
0.281031
0.679293
1.0
0.0116356
0.114205
0.485773
0.156288
0.547727
1.0
0.0115966
0.168746
0.690643
0.330682
0.967602
1.0
0.0115088
0.114243
0.2759
0.210367
0.426349
1.0
0.0114142
0.560823
0.38494
0.666091
0.535393
1.0
0.0113008
0.24163
0.827406
0.276478
0.87533
1.0
0.0112694
0.267765
0.657839
0.302798
0.707867
1.0
0.011254
0.164251
0.387114
0.206526
0.44816
1.0
0.0112187
0.499622
0.537375
0.588415
0.680955
1.0
0.0110582
0.514719
0.584538
0.555642
0.651481
1.0
0.0110464
0.268557
0.759453
0.30216
0.807161
1.0
0.0109312
0.267642
0.826862
0.300563
0.8739
1.0
0.0109162
0.713477
0.955667
0.755295
0.999543
1.0
0.0108637
0.147244
0.623398
0.185991
0.676931
1.0
0.0108558
0.268346
0.792426
0.30112
0.84003
1.0
0.0108489
0.0917238
0.692697
0.131032
0.744339
1.0
0.0108286
0.314384
0.582519
0.359595
0.646364
1.0
0.0108148
0.386547
0.305928
0.447688
0.393718
1.0
0.0107548
0.265525
0.451108
0.311522
0.519447
1.0
0.0107531
0.216061
0.418403
0.257582
0.480921
1.0
0.0107529
0.440596
0.528664
0.542083
0.682828
1.0
0.0107243
0.435614
0.453969
0.633337
0.768295
1.0
0.0106111
0.111272
0.319885
0.154321
0.382565
1.0
0.0105975
0.29261
0.583665
0.334687
0.643412
1.0
0.0105676
0.313279
0.449066
0.362651
0.516004
1.0
0.0105416
0.241834
0.957038
0.281303
0.998648
1.0
0.0104698
0.505604
0.335483
0.606691
0.493162
1.0
0.0104649
0.0858958
0.348276
0.129813
0.412535
1.0
0.0104334
0.317871
0.654343
0.35839
0.715605
1.0
0.0104192
0.268158
0.725477
0.301747
0.77393
1.0
0.0104057
0.662893
0.952898
0.708441
0.998805
1.0
0.0103486
0.194541
0.420482
0.233206
0.478632
1.0
0.0103443
0.384511
0.446601
0.437829
0.517483
1.0
0.0103434
0.2143
0.384063
0.256595
0.446677
1.0
0.010306
0.336743
0.624855
0.443541
0.800734
1.0
0.0102642
0.267739
0.692827
0.302801
0.742827
1.0
0.0102554
0.0381197
0.154324
0.209116
0.437254
1.0
0.0101225
0.387867
0.37508
0.442338
0.452389
1.0
0.0100969
0.162276
0.0143518
0.214973
0.0824335
1.0
0.0100442
0.338947
0.448777
0.391702
0.517845
