1.0
0.408113
0.512613
0.387056
0.718557
0.600554
1.0
0.0763172
0.813786
0.144589
0.86546
0.219094
1.0
0.057168
0.526204
0.33426
0.644083
0.471598
1.0
0.0515
0.673384
0.28599
0.799183
0.421707
1.0
0.0506148
0.590799
0.320357
0.720073
0.481062
1.0
0.049773
0.526986
0.38157
0.590566
0.45434
1.0
0.0470972
-0.00698715
0.748281
0.246067
1.0137
1.0
0.0457551
0.507762
0.493449
0.637679
0.63519
1.0
0.0410071
0.743624
0.280873
0.875616
0.406866
1.0
0.0386945
0.632718
0.383189
0.757642
0.535491
1.0
0.0386123
0.634302
0.309256
0.686871
0.375682
1.0
0.0385747
0.262476
0.786392
0.29909
0.848812
1.0
0.0382087
0.650964
0.445924
0.712288
0.527115
1.0
0.0381184
0.607124
0.472928
0.673062
0.557051
1.0
0.0375316
0.631211
0.383325
0.690536
0.46051
1.0
0.037068
0.407342
0.399239
0.811604
0.890849
1.0
0.0365511
0.934117
0.910605
0.997876
0.997248
1.0
0.0359983
0.736461
0.115571
0.914446
0.324899
1.0
0.0350493
0.580091
0.380424
0.642087
0.456239
1.0
0.0349319
0.815771
0.215304
0.861825
0.267757
1.0
0.0349105
0.0830504
0.55381
0.271391
0.826492
1.0
0.0345736
0.553091
0.580971
0.672917
0.708888
1.0
0.0337383
0.00175113
0.00643564
0.083948
0.126547
1.0
0.0334155
0.714303
0.312256
0.77334
0.388925
1.0
0.0333633
0.153553
0.588686
0.258436
0.723041
1.0
0.0320388
0.65834
0.291432
0.706775
0.351894
1.0
0.0310944
0.556588
0.35027
0.617821
0.420474
1.0
0.0306929
0.191315
0.104084
0.294872
0.23607
1.0
0.0304323
0.475082
0.3838
0.596501
0.524429
1.0
0.0298941
0.793972
0.22156
0.838044
0.270539
1.0
0.0296348
0.467056
0.296389
0.572008
0.415491
1.0
0.0293445
0.0157918
0.290719
0.114734
0.421252
1.0
0.0292707
0.558073
0.281915
0.666051
0.412314
1.0
0.0290634
0.613268
0.237373
0.717927
0.354774
1.0
0.0285651
0.124759
0.253658
0.230033
0.38788
1.0
0.0285076
0.236275
0.782866
0.304522
0.911044
1.0
0.0283696
0.604216
0.411861
0.667793
0.49576
1.0
0.0283315
0.658714
0.348551
0.712046
0.418407
1.0
0.0273949
0.416563
0.948604
0.460841
0.99484
1.0
0.0270221
0.00123809
0.605632
0.0613863
0.725252
1.0
0.0268961
0.685248
0.38164
0.740146
0.454523
1.0
0.0268957
0.547807
0.548266
0.618373
0.625806
1.0
0.0267853
0.804777
0.315248
0.865919
0.384089
1.0
0.0264527
0.604383
0.34756
0.66452
0.420146
1.0
0.0263855
0.563486
0.655198
0.669573
0.769846
1.0
0.0260923
0.447225
0.539558
0.556667
0.684957
1.0
0.0260583
0.535169
0.32112
0.590717
0.386752
1.0
0.0258494
0.475098
0.220809
0.671233
0.514446
1.0
0.0256855
0.0505078
0.0224579
0.16738
0.135263
1.0
0.0255805
0.609544
0.715248
0.655584
0.767285
1.0
0.0252493
0.107196
0.108989
0.220188
0.245503
1.0
0.0252437
0.855316
0.319326
0.908377
0.381793
1.0
0.0249634
0.768703
0.224117
0.809837
0.269824
1.0
0.0249634
0.0160568
0.817501
0.0683078
0.879802
1.0
0.0249447
0.860595
0.190397
0.908288
0.244787
1.0
0.0249185
0.369123
0.954541
0.40875
0.996985
1.0
0.0249167
0.560095
0.648459
0.614012
0.710095
1.0
0.024901
0.188421
0.0200843
0.238747
0.0800468
1.0
0.0248005
0.00803117
0.811448
0.116962
0.932452
1.0
0.024434
0.212043
0.726097
0.255606
0.788031
1.0
0.0244186
0.691371
0.34416
0.746679
0.416404
1.0
0.0244176
0.263086
0.8473
0.297414
0.903409
1.0
0.0243463
0.768648
0.190886
0.81126
0.246191
1.0
0.0243254
0.133713
0.0154678
0.189846
0.0792148
1.0
0.0242435
0.536477
0.289656
0.58582
0.350348
1.0
0.0238765
0.242829
0.72899
0.2796
0.784971
1.0
0.0237094
-0.000517538
0.954861
0.0350437
0.999284
1.0
0.0236711
0.11921
0.723737
0.163082
0.776956
1.0
0.0235867
0.192062
0.710294
0.276682
0.854473
1.0
0.0235024
0.722578
0.153054
0.823103
0.273665
1.0
0.0234177
0.250866
0.758434
0.287261
0.817603
1.0
0.0233651
0.698111
0.875054
0.790099
0.991519
1.0
0.0233232
0.401173
0.285828
0.508561
0.411204
1.0
0.0233232
0.415467
0.598232
0.517911
0.747955
1.0
0.0232863
0.0092233
0.877853
0.110393
0.988373
1.0
0.0232724
0.880524
0.844522
0.994849
1.0008
1.0
0.0231857
0.69544
0.37375
0.810211
0.51171
1.0
0.0231826
0.827742
0.178169
0.880116
0.241462
1.0
0.0230521
0.318833
0.953855
0.358717
0.997665
1.0
0.0230517
0.000743639
0.0639867
0.0638999
0.18706
1.0
0.0229944
0.392908
0.950524
0.437335
0.997134
1.0
0.0229282
0.933579
0.314499
0.985365
0.377036
1.0
0.0229117
0.253261
0.817406
0.287722
0.876512
1.0
0.0228145
0.264826
0.956182
0.305075
0.999084
1.0
0.022691
0.00798963
0.533776
0.0946199
0.692397
1.0
0.0225229
0.262539
0.744792
0.345763
0.884912
1.0
0.0225217
0.814676
0.253429
0.862299
0.307697
1.0
0.0225217
0.96279
0.642236
0.999438
0.722148
1.0
0.0224266
0.128262
0.0207294
0.241396
0.135919
1.0
0.0223761
0.935376
0.167809
1.00424
0.273506
1.0
0.0223666
0.608049
0.618488
0.665954
0.684746
1.0
0.0222906
0.794919
0.229539
0.904255
0.35568
1.0
0.0221954
0.510127
0.238153
0.610217
0.362353
1.0
0.0221691
0.909447
0.262622
0.990838
0.36573
1.0
0.022076
0.05935
0.81384
0.110871
0.872854
1.0
0.0220654
0.887262
0.226623
0.932793
0.276311
1.0
0.0218674
0.00451134
0.214467
0.0854757
0.35388
1.0
0.0218319
0.961266
0.712152
0.998967
0.789798
1.0
0.021808
0.841991
0.905884
0.932595
1.00472
1.0
0.0217297
0.681319
0.480917
0.729373
0.543354
1.0
0.0216163
0.961779
0.777464
0.999398
0.854148
1.0
0.0215935
0.962105
0.484654
0.999685
0.558763
1.0
0.0215384
0.063915
0.254333
0.170067
0.388015
1.0
0.0215351
0.761706
0.34465
0.81315
0.408211
1.0
0.0214715
0.93765
0.814567
1.00441
0.950515
1.0
0.0213709
0.488052
0.32065
0.537546
0.382808
1.0
0.0213613
0.79555
0.181862
0.845786
0.245057
1.0
0.0213593
0.58988
0.485877
0.702383
0.627864
1.0
0.0213128
0.615964
0.29152
0.667613
0.356399
1.0
0.0212843
0.791664
0.257926
0.83611
0.310313
1.0
0.0212824
0.708066
0.447133
0.757444
0.515142
1.0
0.0210258
0.0110534
0.677239
0.111585
0.822149
1.0
0.0208357
0.163577
0.781496
0.251673
0.921377
1.0
0.020831
0.220774
0.860146
0.253664
0.912964
1.0
0.0208184
0.960003
0.285833
0.998978
0.344537
1.0
0.0207663
0.106941
0.607075
0.208038
0.743546
1.0
0.0207617
-0.00237016
0.143176
0.0587821
0.262915
1.0
0.0206446
0.343242
0.955493
0.384496
0.998344
1.0
0.0206033
0.864426
0.949024
0.911112
1.00016
1.0
0.0204007
0.392044
0.527467
0.582959
0.817845
1.0
0.0203852
0.241311
0.953603
0.282266
0.997636
1.0
0.0203585
0.581505
0.442452
0.651708
0.528213
1.0
0.0203199
0.253857
0.11558
0.377633
0.248296
1.0
0.0202284
0.655831
0.510621
0.705096
0.573293
1.0
0.0201797
0.606417
0.546499
0.66328
0.614113
1.0
0.0201563
0.691278
0.290346
0.741222
0.353495
1.0
0.0200698
0.493264
0.570452
0.609777
0.709667
1.0
0.0200645
0.0630751
0.170617
0.16963
0.319631
1.0
0.0200428
0.789144
0.29211
0.841177
0.356047
1.0
0.0200419
0.567176
0.719617
0.614692
0.771329
1.0
0.0200204
0.118157
0.678268
0.220894
0.824568
1.0
0.0198975
0.16787
0.722455
0.216161
0.782372
1.0
0.0198975
0.0176944
0.917041
0.0708542
0.978249
1.0
0.0198672
0.311268
0.279559
0.426729
0.406138
1.0
0.019863
0.96236
0.218701
1.00024
0.279581
1.0
0.0196935
0.887459
0.317964
0.938651
0.376436
1.0
0.0196802
0.482255
0.516437
0.544915
0.597553
1.0
0.0196665
0.462787
0.956105
0.501688
0.997304
1.0
0.0196446
0.533917
0.445962
0.595206
0.520954
1.0
0.0196133
0.665775
0.954171
0.70736
0.999842
1.0
0.0195905
0.192911
0.953698
0.231494
0.996626
1.0
0.0195553
0.0590792
0.0877603
0.167162
0.217101
1.0
0.0194406
0.193797
0.743062
0.238722
0.809106
1.0
0.0194184
0.143222
0.177945
0.245656
0.319503
1.0
0.0193578
0.962756
0.34885
1.00003
0.41046
1.0
0.0193483
0.745787
0.906111
0.834534
1.0074
1.0
0.0193057
0.741631
0.192495
0.782851
0.245168
1.0
0.0192221
0.176336
0.268002
0.284926
0.401468
1.0
0.0192212
0.96354
0.18684
0.999769
0.246872
1.0
0.0192096
0.557183
0.408686
0.620764
0.487165
1.0
0.0191922
0.516601
0.35814
0.569106
0.42265
1.0
0.0191748
0.760161
0.289315
0.812754
0.355351
1.0
0.0191484
0.933542
0.0992549
1.00129
0.207271
1.0
0.0191041
0.906039
0.321747
0.994143
0.442683
1.0
0.0190807
0.512685
0.535462
0.707825
0.803534
1.0
0.0190533
0.836347
0.350548
0.889558
0.409632
1.0
0.0189764
0.221077
0.824624
0.254566
0.877754
1.0
0.0189322
0.221691
0.790771
0.257829
0.846835
1.0
0.0188825
0.00099716
0.183525
0.035563
0.246991
1.0
0.0188733
0.358518
0.607428
0.465063
0.766779
1.0
0.018831
0.962003
0.881547
1.00034
0.950572
1.0
0.0188041
0.513911
0.647591
0.562373
0.713651
1.0
0.0186991
0.0500693
0.783882
0.156608
0.895775
1.0
0.0185976
0.74119
0.2253
0.783278
0.272161
1.0
0.0185472
0.14139
0.954843
0.181164
0.996183
1.0
0.0185352
0.766311
0.954741
0.808588
1.00232
1.0
0.0185304
0.294258
0.956275
0.334528
1.00009
1.0
0.0185221
0.0258725
0.597473
0.1277
0.747684
1.0
0.0183759
0.236348
0.0199837
0.288504
0.0829294
1.0
0.0183544
0.266881
0.732358
0.303716
0.791691
1.0
0.0183512
0.823507
0.60581
0.905648
0.749645
1.0
0.0183502
0.261102
-0.00131352
0.315637
0.0556281
1.0
0.0183295
0.319511
0.787908
0.355368
0.844791
1.0
0.0182769
0.817245
0.818857
0.854185
0.868888
1.0
0.0182277
0.238863
0.922771
0.278196
0.977938
1.0
0.0182274
0.964109
0.153275
0.999443
0.213207
1.0
0.0181972
0.665403
0.256216
0.71128
0.315819
1.0
0.0181889
0.382654
0.916085
0.46492
1.00247
1.0
0.0181158
0.136902
0.686973
0.18493
0.749592
1.0
0.0180863
0.932394
0.701028
1.00261
0.872959
1.0
0.0179815
0.0125213
0.28554
0.0587783
0.356277
1.0
0.0179436
0.963287
0.577838
1.00073
0.659777
1.0
0.0179167
0.639436
0.260886
0.684537
0.319816
1.0
0.0179167
0.581866
0.579759
0.640712
0.644097
1.0
0.0178916
0.231752
0.612316
0.278258
0.683032
1.0
0.0178876
0.189429
0.0325403
0.297014
0.161644
1.0
0.0178391
0.760066
0.756149
0.997924
1.01456
1.0
0.0177697
0.765345
0.258813
0.810135
0.311395
1.0
0.0177496
0.0621365
0.917262
0.111533
0.974609
1.0
0.0177294
0.600782
0.262359
0.923199
0.685463
1.0
0.0176903
0.63266
0.872912
0.733451
0.99338
1.0
0.0176784
0.801772
0.342321
0.907193
0.467713
1.0
0.0176514
0.0707071
0.383142
0.454382
0.888138
1.0
0.017635
0.00179687
0.00311017
0.0440854
0.0624456
1.0
0.0175951
0.494231
0.383607
0.548037
0.446615
1.0
0.0175948
0.468018
0.349144
0.511473
0.405011
1.0
0.0175941
0.244592
0.000792988
0.355782
0.120036
1.0
0.0175918
0.0885248
0.108316
0.286701
0.374071
1.0
0.017563
0.613982
0.949999
0.657699
0.996728
1.0
0.0175624
0.000615284
0.754902
0.0351572
0.81168
1.0
0.0175384
0.828715
0.186853
0.922759
0.295515
1.0
0.0175074
0.218283
0.953548
0.256877
0.996565
1.0
0.0174878
0.435583
0.927977
0.478236
0.983364
1.0
0.0174832
0.872602
0.67865
0.953155
0.830882
1.0
0.0174151
0.764663
0.384594
0.809134
0.441161
1.0
0.0174001
0.000954257
0.888805
0.0372552
0.942708
1.0
0.0173954
0.210953
0.00291594
0.258234
0.0545114
1.0
0.0173495
0.167072
0.954223
0.207588
0.995998
1.0
0.0173481
0.41359
0.383773
0.521528
0.52105
1.0
0.0173254
0.761122
0.10201
0.855332
0.232709
1.0
0.0173102
0.714753
0.950826
0.760279
1.00188
1.0
0.017271
0.565306
0.224028
0.607565
0.27181
1.0
0.0172236
0.582985
0.291313
0.63853
0.360936
1.0
0.0172088
0.195461
0.789209
0.234102
0.845197
1.0
0.0172007
0.815112
0.951668
0.861203
1.00077
1.0
0.0171776
0.735142
0.382282
0.785369
0.445563
1.0
0.0170761
0.0664773
0.697509
0.169623
0.830948
1.0
0.0170288
0.814869
0.0545971
0.858084
0.114081
1.0
0.0170224
0.718391
0.225153
0.757717
0.270322
1.0
0.0170188
0.490916
0.575585
0.542979
0.645819
1.0
0.0169918
0.791174
0.383609
0.835512
0.437986
1.0
0.0169903
0.563696
0.257012
0.608904
0.31399
1.0
0.0169872
0.889048
0.884132
0.931122
0.946484
1.0
0.0169566
0.0660908
0.547362
0.172967
0.692685
1.0
0.0169226
0.84098
0.387069
0.88698
0.444381
1.0
0.0169058
0.406424
0.116019
0.531465
0.251882
1.0
0.0167925
0.222966
0.891853
0.253043
0.937013
1.0
0.0167836
0.200791
0.170714
0.311179
0.312895
1.0
0.0167465
0.525075
0.686509
0.622465
0.801775
1.0
0.0167392
0.91695
0.94996
0.963561
1.00042
1.0
0.0167092
0.887815
0.19575
0.932416
0.246121
1.0
0.0167077
0.21275
0.0519028
0.26149
0.111902
1.0
0.0167001
0.759765
0.37946
0.872456
0.507472
1.0
0.0166859
0.935565
0.598467
1.0035
0.779137
1.0
0.0166668
0.242298
0.887099
0.274678
0.937407
1.0
0.0166555
0.000641547
0.670597
0.0370958
0.740181
1.0
0.0166411
0.633463
0.717653
0.679033
0.771356
1.0
0.0165584
0.887529
0.254661
0.934885
0.308477
1.0
0.0165584
0.00163869
0.855957
0.0375281
0.909334
1.0
0.0165515
0.57613
0.104679
0.793664
0.389316
1.0
0.0165463
0.0851889
0.0183282
0.141941
0.0817243
1.0
0.0165456
0.318145
0.702139
0.418504
0.861662
1.0
0.0165246
0.289321
0.786097
0.325899
0.842447
1.0
0.016499
0.168899
0.622429
0.349664
0.918754
1.0
0.0164907
0.96705
0.418696
1.00123
0.482752
1.0
0.0164579
0.133295
0.812109
0.292374
1.03082
1.0
0.0164493
0.270133
0.888627
0.362482
1.00091
1.0
0.0164037
0.111758
0.313886
0.162011
0.384496
1.0
0.0163489
0.662908
0.163353
0.763072
0.278447
1.0
0.016342
0.000629863
0.319208
0.0380742
0.38799
1.0
0.0163221
0.813045
0.386496
0.860271
0.443087
1.0
0.0163124
0.0020149
0.791844
0.0388285
0.846712
1.0
0.0163121
0.164681
0.28272
0.219088
0.356935
1.0
0.0162604
0.908834
0.221767
0.961691
0.278838
1.0
0.0162208
0.415115
0.10427
0.615553
0.374545
1.0
0.0161282
0.0654352
0.953342
0.110741
0.997726
1.0
0.0160844
0.66933
0.224559
0.710871
0.271498
1.0
0.0160844
0.112429
0.818676
0.155494
0.870842
1.0
0.0160657
0.692079
0.225653
0.733529
0.273411
1.0
0.0160479
0.815971
0.0950732
0.858643
0.152077
1.0
0.0160334
0.319623
0.820034
0.354839
0.875239
1.0
0.0160257
0.791119
0.0373934
0.880758
0.175782
1.0
0.0159676
0.795843
0.676801
0.881261
0.817439
1.0
0.015903
0.162554
0.683928
0.216004
0.75068
1.0
0.0158957
0.822447
0.616355
0.862991
0.675656
1.0
0.0158807
0.237549
0.254517
0.350982
0.393577
1.0
0.0158453
0.506903
0.481121
0.570662
0.560328
1.0
0.0158312
0.00047531
0.716912
0.0357361
0.777906
1.0
0.0158166
0.00956107
0.3397
0.0622873
0.417068
1.0
0.0157552
0.242662
0.688884
0.281855
0.74888
1.0
0.0157274
0.738182
0.259381
0.784721
0.315794
1.0
0.0157164
0.0642564
0.761708
0.111021
0.818581
1.0
0.0156583
0.719083
0.857763
0.761405
0.917595
1.0
0.0156583
0.0573416
0.902875
0.154132
1.00655
1.0
0.015637
0.764473
0.00255846
0.809293
0.0513686
1.0
0.0156024
0.847023
0.290867
0.957744
0.405023
1.0
0.0155917
0.436277
0.66527
0.531911
0.81871
1.0
0.015538
0.260919
0.183168
0.309753
0.242818
1.0
0.0155281
0.492036
0.35311
0.540762
0.411426
1.0
0.0154901
0.798382
0.130902
0.847278
0.191252
1.0
0.0154781
0.0667687
0.728326
0.111725
0.784144
1.0
0.01545
0.827189
0.717206
0.910446
0.861286
1.0
0.015429
0.871319
0.788218
0.909572
0.847565
1.0
0.0154124
0.173041
0.884605
0.255904
0.994439
1.0
0.0153841
0.38998
0.5276
0.49715
0.674778
1.0
0.0153557
0.912458
0.193905
0.958675
0.24636
1.0
0.0153466
0.693667
0.912416
0.737316
0.979165
1.0
0.0152979
0.691224
0.254513
0.735502
0.31206
1.0
0.0152928
0.142544
0.0163811
0.522469
0.318568
1.0
0.0152909
0.439206
0.585456
0.488928
0.655786
1.0
0.0152875
0.000943625
0.252697
0.0344376
0.314724
1.0
0.0152733
0.769982
0.829273
0.803103
0.876507
1.0
0.0152584
0.874396
0.722175
0.90904
0.776121
1.0
0.0152445
0.256469
0.115164
0.312844
0.184219
1.0
0.0152306
0.223543
0.912423
0.304394
1.00647
1.0
0.0152175
0.196296
0.823975
0.234515
0.880311
1.0
0.0151912
0.507689
0.693245
0.725372
0.960404
1.0
0.0151892
0.426505
0.456385
0.532021
0.595471
1.0
0.0151617
0.765771
0.85547
0.802417
0.908603
1.0
0.015152
0.739755
0.952705
0.786929
1.00322
1.0
0.0151421
0.769769
0.0918905
0.810233
0.142846
1.0
0.0151281
0.818193
0.829407
0.911724
0.954737
1.0
0.0151252
0.0951907
0.726636
0.138747
0.780562
1.0
0.0150698
0.360489
0.235109
0.471747
0.374475
1.0
0.0150567
0.589316
0.255148
0.634676
0.31181
1.0
0.0150315
0.171388
0.728302
0.53867
1.02223
1.0
0.0150257
0.769941
0.151446
0.813301
0.21158
1.0
0.0150041
0.869716
0.8591
0.909147
0.917891
1.0
0.0150021
0.136537
0.638013
0.190772
0.71214
1.0
0.0149701
0.16528
0.188015
0.213509
0.252878
1.0
0.0149063
0.29271
0.80535
0.383998
0.956607
1.0
0.0148867
0.544918
0.725583
0.587358
0.773707
1.0
0.0148698
0.54258
0.195704
0.583706
0.243613
1.0
0.0148659
0.857997
0.234965
0.965999
0.342624
1.0
0.0148624
0.285088
0.0154839
0.342328
0.0824728
1.0
0.0148254
0.922642
0.425125
0.998632
0.578771
1.0
0.0148223
0.519774
0.957632
0.558387
0.997962
1.0
0.0146972
0.616069
0.255363
0.661734
0.313758
1.0
0.0146483
0.316582
0.754299
0.356035
0.815676
1.0
0.0146217
0.91639
0.882373
0.957207
0.943868
1.0
0.0146173
0.917499
0.782184
0.958986
0.849172
1.0
0.0145952
0.61657
0.224524
0.657855
0.27098
1.0
0.014565
0.798502
0.55768
0.882893
0.685106
1.0
0.0145556
0.443979
0.520105
0.492564
0.585659
1.0
0.0145224
0.0119896
0.211846
0.0545664
0.278243
1.0
0.014489
0.139474
0.755151
0.181214
0.811146
1.0
0.0144831
0.537789
0.259947
0.582767
0.31687
1.0
0.0144825
0.794665
0.760082
0.876871
0.881183
1.0
0.0144562
0.0835962
0.33451
0.186452
0.465582
1.0
0.0144363
0.580531
0.70856
0.681771
0.837018
1.0
0.0144303
0.417461
0.613573
0.463632
0.682778
1.0
0.0144103
0.480103
0.148776
0.582907
0.270381
1.0
0.0143971
0.829919
0.292751
0.889602
0.358038
1.0
0.0143423
0.488199
0.455028
0.539166
0.518601
1.0
0.014341
0.117787
0.910694
0.200309
1.00648
1.0
0.0142673
0.464824
0.292676
0.512044
0.356665
1.0
0.0142673
0.517691
0.685381
0.560126
0.740926
1.0
0.014263
0.114855
0.17699
0.161646
0.242373
1.0
0.0142274
0.0612541
0.649205
0.105533
0.710779
1.0
0.0142241
0.563221
0.193043
0.667754
0.310607
1.0
0.0141596
0.920012
0.717924
0.958757
0.779867
1.0
0.0141564
0.873649
0.774551
0.958485
0.91587
1.0
0.0141281
0.639593
0.952749
0.684918
1.0004
1.0
0.0141147
0.163568
0.795515
0.203343
0.849437
1.0
0.0141025
0.691485
0.952629
0.735155
1.00203
1.0
0.0140716
0.684109
0.820723
0.86836
1.0162
1.0
0.0139965
0.311681
0.182893
0.363629
0.244601
1.0
0.0139837
0.36126
0.314664
0.411747
0.382069
1.0
0.0139718
0.358867
0.322427
0.472898
0.466343
1.0
0.0139184
0.291104
0.727722
0.328364
0.785781
1.0
0.0139178
0.537648
0.746735
0.644144
0.88866
1.0
0.0138962
0.789825
0.00277314
0.833631
0.049606
1.0
0.0138918
0.574628
0.897664
0.664935
0.999137
1.0
0.0138897
0.0120687
0.545665
0.0608958
0.625291
1.0
0.0138773
0.94386
0.457436
0.988491
0.526077
1.0
0.0138767
0.0854467
0.346785
0.13796
0.416214
1.0
0.0138729
0.719813
0.194507
0.759248
0.246315
1.0
0.0138198
0.431909
0.914846
0.518251
1.00687
1.0
0.0138074
0.199534
0.893188
0.233081
0.941533
1.0
0.0138043
0.540379
0.221854
0.583276
0.271481
1.0
0.0137924
0.74329
0.127561
0.781787
0.181101
1.0
0.0137611
0.0350411
0.57543
0.0839436
0.651109
1.0
0.0137514
0.120357
0.615267
0.170286
0.687203
1.0
0.0137473
0.863567
0.576092
0.951602
0.735378
1.0
0.0137385
0.797614
0.823401
0.83235
0.871153
1.0
0.0137265
0.210601
0.0897745
0.263768
0.160013
1.0
0.0137229
0.893099
0.821532
0.9297
0.876834
1.0
0.0137036
0.81587
0.00429058
0.858569
0.0505976
1.0
0.013688
0.654337
0.502429
0.760423
0.639264
1.0
0.0136762
0.88564
0.350568
0.935758
0.409149
1.0
0.0136675
0.135092
0.12424
0.184277
0.187597
1.0
0.013658
0.461268
0.614654
0.511505
0.68562
1.0
0.013657
0.515387
0.19231
0.559244
0.244515
1.0
0.013605
0.263435
0.61714
0.363048
0.763367
1.0
0.0136024
0.390742
0.586424
0.438642
0.655249
1.0
0.0135863
0.49377
0.959589
0.533044
1.00028
1.0
0.0135832
0.746157
0.830363
0.784067
0.883129
1.0
0.0135765
0.30792
-0.0015047
0.366081
0.0550008
1.0
0.0135618
0.320628
0.893753
0.41652
1.00053
1.0
0.0135504
0.033742
0.355573
0.227135
0.683313
1.0
0.0135401
0.0890793
0.282988
0.140116
0.349844
1.0
0.0135363
0.934701
0.501323
1.00304
0.664578
1.0
0.0135155
0.936575
-0.00273996
0.999989
0.07882
1.0
0.0135097
0.875053
0.754858
0.910713
0.814001
1.0
0.0134872
0.81485
0.853518
0.856355
0.911171
1.0
0.0134425
0.0897344
0.583316
0.135302
0.647031
1.0
0.0134119
0.631069
0.590342
0.683805
0.654121
1.0
0.0133997
0.629783
0.648215
0.683435
0.711305
1.0
0.0133712
0.919859
0.648648
0.957308
0.714913
1.0
0.0133499
0.162153
0.0475061
0.211263
0.106666
1.0
0.0133499
0.212758
0.176314
0.266418
0.245463
1.0
0.0133499
0.112426
0.256827
0.160729
0.32243
1.0
0.0133389
0.793519
0.917286
0.839076
0.982451
1.0
0.0133256
0.0649677
0.111782
0.113331
0.182168
1.0
0.0133226
0.159408
0.00631266
0.210569
0.0570798
1.0
0.0133147
0.737522
0.447196
0.782966
0.511002
1.0
0.0133026
0.141252
0.590859
0.195662
0.664885
1.0
0.0133021
0.410478
0.741635
0.50583
0.88954
1.0
0.013294
0.374817
0.820346
0.556234
1.02477
1.0
0.0132778
0.618655
0.553547
0.724035
0.689057
1.0
0.0132621
0.822325
0.650804
0.859834
0.706208
1.0
0.0132591
0.318428
0.720581
0.357771
0.781741
1.0
0.013248
0.465265
0.486975
0.516439
0.556715
1.0
0.0132475
0.699033
0.79879
0.786496
0.924147
1.0
0.013247
0.617822
0.788288
0.658366
0.84184
1.0
0.013242
0.918135
0.818237
0.955685
0.879938
1.0
0.0132359
0.814997
0.887647
0.859524
0.949759
1.0
0.0132019
0.259774
0.0502918
0.314377
0.113546
1.0
0.0131999
0.855711
0.152465
0.903823
0.211909
1.0
0.0131851
0.0848288
0.804296
0.132779
0.861018
1.0
0.0131605
0.29095
0.821855
0.32664
0.877301
1.0
0.0131101
0.263495
0.881471
0.297362
0.934713
1.0
0.0131032
0.0610481
0.315803
0.112067
0.39059
1.0
0.0131007
0.0388848
0.952931
0.0858055
0.998228
1.0
0.0130984
0.00169681
0.583713
0.0408557
0.659758
1.0
0.0130917
0.74663
0.00706671
0.837809
0.126487
1.0
0.0130624
0.51618
0.221567
0.559513
0.272019
1.0
0.0130572
0.855655
0.260545
1.00659
0.511906
1.0
0.0130561
0.0943345
0.618193
0.140305
0.682972
1.0
0.0130561
0.539773
0.690633
0.587286
0.7446
1.0
0.0130483
0.474797
0.00745934
0.688163
0.226217
1.0
0.0130383
0.322671
-0.0100305
0.441374
0.09227
1.0
0.0130377
0.519369
0.790121
0.556118
0.841016
1.0
0.0130318
0.466458
0.38511
0.512684
0.445956
1.0
0.0130118
0.366018
0.411241
0.46901
0.543297
1.0
0.0130116
0.0919347
0.955714
0.135558
0.999032
1.0
0.0130111
0.667152
0.858048
0.70671
0.914499
1.0
0.0129559
0.721298
0.827699
0.759452
0.881356
1.0
0.0129531
0.69689
0.861099
0.734711
0.916945
1.0
0.0129467
0.036863
0.893194
0.0876753
0.952746
1.0
0.0129261
0.642389
0.226282
0.683758
0.272861
1.0
0.0129203
0.810223
0.413966
0.907721
0.546218
1.0
0.0129172
0.591364
0.226063
0.634445
0.273461
1.0
0.0129147
0.656668
0.54796
0.707718
0.609845
1.0
0.012909
0.140894
0.79844
0.181644
0.85329
1.0
0.0129085
0.157969
0.48456
0.26519
0.638854
1.0
0.0128855
0.842554
0.00414249
0.882942
0.0471825
1.0
0.0128668
0.463431
0.18393
0.512862
0.244478
1.0
0.0128639
0.0640535
0.180309
0.108376
0.24423
1.0
0.0128151
0.614363
0.749935
0.657656
0.801996
1.0
0.0128084
0.522964
0.723053
0.561083
0.773721
1.0
0.0127976
0.568326
0.954566
0.608316
0.997221
1.0
0.0127822
0.41034
0.312494
0.460574
0.382271
1.0
0.012774
0.437715
0.289274
0.486662
0.355343
1.0
0.012768
0.49717
0.789237
0.590344
0.91967
1.0
0.012727
0.364885
0.646446
0.411131
0.719401
1.0
0.0127154
0.112511
0.00365514
0.166746
0.0566153
1.0
0.0127044
0.441257
0.349575
0.486475
0.408203
1.0
0.0126939
0.268574
-0.0162285
0.503874
0.170242
1.0
0.0126874
0.470526
0.825866
0.504395
0.873883
1.0
0.0126473
0.388687
0.181223
0.436771
0.239611
1.0
0.0126329
0.444004
0.643387
0.489391
0.709991
1.0
0.0126318
0.418611
0.863514
0.456169
0.914891
1.0
0.0126179
0.489127
0.61302
0.542319
0.684069
1.0
0.0125801
0.767268
0.0544595
0.810054
0.108489
1.0
0.0125698
0.685525
0.514355
0.73096
0.575092
1.0
0.0125693
0.0127456
0.408893
0.109737
0.575591
1.0
0.0125486
0.16355
0.118314
0.213641
0.185256
1.0
0.0125121
0.541547
0.954923
0.583069
0.998638
1.0
0.0124831
0.8214
0.722505
0.855615
0.772583
1.0
0.0124803
0.721915
0.12675
0.758402
0.177796
1.0
0.0124705
0.0493477
0.216307
0.235886
0.487489
1.0
0.0124641
0.555734
0.473968
0.620545
0.558226
1.0
0.012436
0.389956
0.649001
0.433351
0.716002
1.0
0.0124275
0.498074
0.792103
0.532782
0.841054
1.0
0.0123846
0.947326
0.677344
0.992876
0.758104
1.0
0.0123626
0.198985
0.858799
0.235529
0.913189
1.0
0.0123598
0.595378
0.788959
0.633683
0.838675
1.0
0.0123531
0.0661957
0.254326
0.113374
0.321103
1.0
0.0123513
0.293473
0.854664
0.32772
0.907995
1.0
0.0123261
0.342735
0.79135
0.379062
0.844085
1.0
0.0123165
0.12141
0.863703
0.157332
0.912114
1.0
0.0123064
0.0320487
0.642606
0.0808996
0.710371
1.0
0.0123062
0.319899
0.890375
0.35389
0.94489
1.0
0.0122807
0.700355
0.0906524
0.789722
0.218569
1.0
0.0122438
0.319243
0.85714
0.35358
0.91239
1.0
0.0122426
0.843347
0.0526732
0.996705
0.294644
1.0
0.0122426
0.226588
0.174302
0.437638
0.442989
1.0
0.0122366
0.0373521
0.722916
0.0841222
0.780839
1.0
0.0122224
0.418531
0.891421
0.455986
0.943385
1.0
0.0122104
0.602569
0.781579
0.706294
0.928875
1.0
0.0122058
0.26486
0.688573
0.304949
0.748453
1.0
0.0121837
0.692558
0.198189
0.731883
0.248792
1.0
0.0121722
0.102942
0.814271
0.198365
0.943475
1.0
0.012162
0.339783
0.355705
0.567489
0.659717
1.0
0.0121273
0.309809
0.119624
0.3656
0.18612
1.0
0.0121223
0.339121
0.145351
0.451842
0.27674
1.0
0.0121166
0.242918
0.842034
0.323978
0.979892
1.0
0.0120887
0.313475
0.313314
0.366296
0.38012
1.0
0.0120733
0.343302
0.718269
0.383338
0.777983
1.0
0.012065
0.794596
0.857857
0.831052
0.909225
1.0
0.0120346
0.212681
0.686449
0.258467
0.750668
1.0
0.0120018
0.819725
0.76273
0.853056
0.815137
1.0
0.0119654
0.566355
0.788726
0.606673
0.840071
1.0
0.0119327
0.367954
0.782081
0.467114
0.921659
1.0
0.0119116
0.540133
0.750163
0.584606
0.80401
1.0
0.0119062
0.819144
0.103365
0.91693
0.224864
1.0
0.0118709
0.0892244
0.758983
0.133996
0.81466
1.0
0.0118692
0.851589
0.605633
0.995863
0.920817
1.0
0.0118623
0.37381
0.861695
0.407031
0.911233
1.0
0.0118525
0.398361
0.864747
0.432932
0.913347
1.0
0.0118119
0.0650456
0.218564
0.10914
0.282165
1.0
0.0118094
0.44172
0.863904
0.477488
0.91345
1.0
0.0118089
0.63936
0.755203
0.682388
0.808548
1.0
0.0117987
0.140376
0.309955
0.193568
0.379079
1.0
0.0117793
0.400049
0.89022
0.435241
0.940094
1.0
0.0117734
0.417548
0.719877
0.457619
0.778894
1.0
0.0117627
0.368991
0.717186
0.408719
0.778418
1.0
0.0117584
0.0399904
0.184042
0.0804888
0.243195
1.0
0.0117043
0.222317
0.590517
0.316694
0.717423
1.0
0.0116699
0.701733
0.470369
0.809334
0.611475
1.0
0.0116681
0.611486
0.471904
0.799896
0.763075
1.0
0.011657
0.443056
0.719937
0.483469
0.776476
1.0
0.0115986
0.670211
0.887523
0.707683
0.9431
1.0
0.011588
0.512461
0.154801
0.557434
0.210706
1.0
0.0115819
0.868765
0.652487
0.907565
0.714649
1.0
0.0115669
0.465233
0.419933
0.511318
0.4809
1.0
0.0115587
0.88788
0.158665
0.932122
0.211581
1.0
0.0115351
0.51284
0.0888422
0.619062
0.214655
1.0
0.0115091
0.417301
0.685533
0.459158
0.748264
1.0
0.0114878
0.14356
0.215572
0.191011
0.2779
1.0
0.0114878
0.844773
0.824034
0.881197
0.875638
1.0
0.011483
0.441706
0.38441
0.486617
0.444316
1.0
0.0114829
0.819537
0.559636
0.859901
0.611141
1.0
0.0114782
0.299061
0.604716
0.491295
0.904702
1.0
0.0114724
0.465477
0.218801
0.510523
0.271924
1.0
0.0114672
0.872216
0.691063
0.907874
0.745703
1.0
0.0114567
0.215672
0.559121
0.257857
0.621048
1.0
0.0114463
0.65756
0.690644
0.701363
0.743125
1.0
0.0114298
0.863941
0.00309162
0.906012
0.0468607
1.0
0.011422
-0.00566255
0.379172
0.0632275
0.499137
1.0
0.0114202
0.82176
0.69143
0.857213
0.742591
1.0
0.01142
0.156363
0.331665
0.266789
0.467457
1.0
0.011409
0.120979
0.924021
0.16041
0.976337
1.0
0.0113856
0.210943
0.310849
0.260407
0.379981
1.0
0.011383
0.057649
0.44671
0.155344
0.599731
1.0
0.0113787
0.518546
0.823811
0.555938
0.876534
1.0
0.0113493
0.917805
0.582578
0.956363
0.647909
1.0
0.01134
0.491471
0.260631
0.536322
0.315152
1.0
0.011339
0.470286
0.793653
0.504596
0.842948
1.0
0.0113293
0.867847
0.475397
0.963317
0.629729
1.0
0.0113287
0.211754
0.636127
0.262222
0.71053
1.0
0.0113168
0.393967
0.720631
0.432403
0.778135
1.0
0.0112853
0.0372179
0.28648
0.0869949
0.355591
1.0
0.0112754
0.464012
0.147519
0.516837
0.213867
1.0
0.0112704
0.641972
0.784768
0.68463
0.840832
1.0
0.0112239
0.813185
0.485821
0.905169
0.622967
1.0
0.0111951
0.615322
0.12035
0.721718
0.248552
1.0
0.011163
0.7463
0.0542084
0.785536
0.108541
1.0
0.0111629
0.419978
0.829059
0.455455
0.877147
1.0
0.0111452
0.938669
0.379239
0.987949
0.447982
1.0
0.0111172
0.0636366
0.686996
0.106531
0.744644
1.0
0.0111087
0.916987
0.45343
0.959762
0.515939
1.0
0.0110945
0.845324
0.795175
0.88254
0.848466
1.0
0.0110592
0.641029
0.85417
0.683118
0.911493
1.0
0.0110464
0.764775
0.883261
0.804401
0.94458
1.0
0.0110461
0.931476
0.0317368
1.00209
0.147392
1.0
0.011029
0.0328499
0.00422688
0.0838964
0.059171
1.0
0.0110114
-0.000477018
0.376304
0.0361885
0.446212
1.0
0.0110114
0.799627
0.590515
0.835535
0.640513
1.0
0.0110062
0.816073
0.418731
0.862047
0.475615
1.0
0.0110034
0.491282
0.683671
0.537696
0.743175
1.0
0.0110018
0.120413
0.274334
0.331424
0.578686
1.0
0.0109833
0.440605
0.220161
0.486373
0.275377
1.0
0.0109803
0.720161
0.71861
0.812984
0.857411
1.0
0.0109707
0.638758
0.00638118
0.732633
0.112964
1.0
0.0109683
0.535779
0.614212
0.593447
0.682798
1.0
0.0109613
0.183219
0.594602
0.23828
0.668125
1.0
0.0109561
0.521601
0.755378
0.560451
0.80785
1.0
0.0109538
0.140418
0.255727
0.188497
0.320193
1.0
0.0109064
0.440574
0.449745
0.490661
0.516126
1.0
0.010899
0.445789
0.791904
0.481737
0.842241
1.0
0.0108816
0.845
0.853342
0.885056
0.910618
1.0
0.010876
0.282112
0.18017
0.394662
0.318113
1.0
0.0108459
0.523004
0.907443
0.609379
1.00483
1.0
0.0108319
0.373424
0.890975
0.405701
0.939636
1.0
0.0108291
0.0962542
0.691824
0.139021
0.747208
1.0
0.0108286
0.659865
0.71978
0.701298
0.773187
1.0
0.0108216
0.546046
0.00528718
0.65098
0.112467
1.0
0.0107892
0.320591
0.650513
0.361922
0.717
1.0
0.0107773
0.69588
0.00788628
0.78524
0.116068
1.0
0.0107744
0.909903
0.381448
0.959839
0.447357
1.0
0.0107728
0.563866
0.747054
0.609988
0.801028
1.0
0.0107705
0.540865
0.786382
0.581205
0.838338
1.0
0.0107581
0.116066
0.216319
0.161815
0.278593
1.0
0.0107431
0.714875
0.544931
0.811118
0.682887
1.0
0.0107407
0.664199
0.754291
0.755779
0.888285
1.0
0.0107335
0.465113
0.8927
0.497598
0.940684
1.0
0.0106698
0.744202
0.0926023
0.782956
0.146199
1.0
0.0106571
0.521686
0.856257
0.55594
0.907497
1.0
0.0106304
0.817958
0.453445
0.860957
0.512576
1.0
0.0106062
0.917798
0.515995
0.959276
0.584004
1.0
0.010578
0.561703
0.155519
0.609119
0.210666
1.0
0.010568
0.441682
0.894053
0.477251
0.945046
1.0
0.0105635
0.315105
0.217406
0.364048
0.274286
1.0
0.010542
0.437132
0.000794949
0.486795
0.0517454
1.0
0.0105223
0.336597
0.291243
0.387101
0.35664
1.0
0.0105108
0.00129665
0.5181
0.0375237
0.589198
1.0
0.0105003
0.719353
0.0560909
0.757042
0.106085
1.0
0.0104912
0.23505
0.484486
0.333665
0.620974
1.0
0.0104768
0.791609
0.419935
0.83607
0.475182
1.0
0.0104724
0.721668
0.155383
0.759379
0.208181
1.0
0.0104673
0.794917
0.887933
0.834511
0.945784
1.0
0.0104437
0.0608805
0.551667
0.105049
0.618308
1.0
0.0104348
0.732673
0.535732
0.911078
0.834863
1.0
0.0104009
0.467715
0.682568
0.509785
0.742817
1.0
0.0103888
0.23748
0.335971
0.347214
0.464269
1.0
0.0103552
0.464561
0.260912
0.50927
0.318527
1.0
0.0103481
0.618281
0.854111
0.65884
0.911306
1.0
0.01033
0.41797
0.752871
0.456626
0.808915
1.0
0.0103206
0.369273
0.751279
0.40796
0.809606
1.0
0.0103198
0.364363
0.258463
0.409607
0.315817
1.0
0.0102916
0.468336
0.859262
0.501257
0.908408
1.0
0.0102873
0.000744024
0.483464
0.0360307
0.54838
1.0
0.0102873
0.497542
0.825262
0.532605
0.87491
1.0
0.0102783
0.417215
0.554407
0.463711
0.620438
1.0
0.0102522
0.496314
0.759617
0.534484
0.810604
1.0
0.0102354
0.115926
0.447192
0.217796
0.594826
1.0
0.010234
0.848898
0.719365
0.88336
0.770587
1.0
0.0102261
0.3694
0.790708
0.404939
0.843814
1.0
0.0102103
0.660371
0.680701
0.751695
0.815545
1.0
0.0101986
0.209814
0.424685
0.317562
0.555243
1.0
0.0101942
0.370846
0.826448
0.404993
0.87629
1.0
0.0101892
0.341688
0.753496
0.382382
0.813525
1.0
0.0101665
0.494069
0.720551
0.533365
0.77189
1.0
0.0101447
0.265317
0.259595
0.311115
0.319315
1.0
0.0101387
0.694789
0.126831
0.731336
0.177346
1.0
0.0101359
0.34476
0.823125
0.380737
0.874489
1.0
0.0101271
0.838835
0.593941
0.878354
0.650596
1.0
0.0101266
0.695914
0.82683
0.733529
0.8797
1.0
0.0101197
0.444441
0.827003
0.481219
0.876079
1.0
0.0101105
0.790238
0.0236781
0.836923
0.0849562
1.0
0.0100831
0.617517
0.82415
0.65902
0.880051
1.0
0.0100801
0.419703
0.790852
0.45535
0.842347
1.0
0.0100438
0.342406
0.679806
0.387062
0.748789
1.0
0.0100374
0.793613
0.452155
0.834782
0.507779
1.0
0.0100189
0.414939
0.219967
0.461002
0.273143
1.0
0.0100182
0.770699
0.590045
0.806623
0.642823
1.0
0.0100118
0.891384
0.689102
0.928773
0.748219
