1.0
0.747003
0.379052
0.273832
0.562119
0.582421
1.0
0.0802291
-0.019589
0.629293
0.306406
1.07501
1.0
0.049427
0.116539
-0.00218854
0.315195
0.161566
1.0
0.0379654
0.539929
0.348636
0.594173
0.426698
1.0
0.0377886
-0.00255273
-0.000188686
0.071747
0.14986
1.0
0.034566
0.802405
0.912291
0.856399
0.989109
1.0
0.0336714
0.0553804
0.617675
0.157628
0.738211
1.0
0.0330526
0.854417
0.12062
0.900858
0.181218
1.0
0.032494
0.804158
-0.00835673
0.961019
0.194057
1.0
0.0315493
0.27862
0.331003
0.626633
0.885584
1.0
0.031127
0.869636
0.921695
0.916984
0.98877
1.0
0.0311144
0.940008
0.94984
0.987156
1.00049
1.0
0.0302238
0.0493619
0.766313
0.165383
0.906738
1.0
0.0282174
0.964216
0.147997
0.996625
0.205153
1.0
0.0268407
0.0308939
0.666573
0.145653
0.81324
1.0
0.0260286
0.765982
0.944225
0.81474
0.999061
1.0
0.0254277
0.909506
0.950819
0.954945
0.999322
1.0
0.0238916
0.471246
0.281558
0.59324
0.464793
1.0
0.02348
0.00708823
0.916136
0.0618472
0.986509
1.0
0.0232502
0.966034
0.0222629
0.999162
0.083712
1.0
0.0232433
0.96308
0.921962
0.998948
0.986391
1.0
0.0230158
0.967348
0.0897248
0.996758
0.14984
1.0
0.0227884
0.0716421
0.0213867
0.190296
0.155763
1.0
0.0225488
0.158993
0.0746063
0.221109
0.149436
1.0
0.0221704
0.5907
0.224542
0.719642
0.365456
1.0
0.0220704
0.838928
0.948222
0.888373
1.00253
1.0
0.0218011
0.74233
0.771933
0.993665
1.01429
1.0
0.0211691
0.63272
0.214677
0.99614
0.876921
1.0
0.0211134
0.651619
0.0367411
0.959685
0.37954
1.0
0.0209217
0.90089
0.88559
0.990668
0.997757
1.0
0.020864
0.0112484
0.790107
0.0596806
0.849798
1.0
0.0206344
0.961323
0.782122
0.997033
0.849143
1.0
0.020594
0.869846
0.894163
0.909208
0.952388
1.0
0.0201702
-0.00248061
0.69578
0.0695037
0.807105
1.0
0.0201564
0.361467
0.323315
0.472908
0.506755
1.0
0.0200519
0.121382
0.748248
0.221128
0.887973
1.0
0.0199155
0.205917
-0.00396901
0.269799
0.0603949
1.0
0.0198168
0.00831929
0.100799
0.0543534
0.174765
1.0
0.019666
0.125163
0.619253
0.224428
0.745977
1.0
0.0195013
0.103544
0.0963759
0.23277
0.239885
1.0
0.018976
0.917997
0.735606
0.9972
0.880175
1.0
0.0188817
0.00345045
0.765168
0.0985437
0.891359
1.0
0.0187573
0.73962
0.260762
0.862577
0.408837
1.0
0.0187277
0.967074
0.0564865
0.997351
0.116148
1.0
0.0186786
0.387021
0.375812
0.437755
0.450892
1.0
0.018653
0.962223
0.287934
0.998918
0.346058
1.0
0.0186361
0.9681
0.219475
1.00143
0.275996
1.0
0.0185901
0.838593
0.00419679
0.885476
0.052185
1.0
0.0184766
0.965343
0.885852
0.99893
0.947999
1.0
0.0180301
0.00106966
0.230797
0.0653798
0.351281
1.0
0.0179558
0.112123
0.718956
0.161569
0.782564
1.0
0.0179476
0.0060957
0.831098
0.137479
0.986241
1.0
0.0178837
0.895617
0.28232
0.992001
0.402103
1.0
0.0175868
0.0148266
0.682297
0.061818
0.749066
1.0
0.0175672
0.088966
-0.000278549
0.140098
0.0575997
1.0
0.0174601
0.00103368
-0.00319794
0.0434325
0.0652627
1.0
0.0173875
0.965799
0.181029
1.00049
0.242592
1.0
0.0173411
0.00200155
0.549084
0.0363683
0.616131
1.0
0.0173325
0.963814
0.651412
0.997431
0.717109
1.0
0.0173095
0.833142
0.262663
0.941548
0.386629
1.0
0.0171193
0.0861448
0.106764
0.136929
0.17404
1.0
0.0170984
0.160115
-0.00409636
0.220593
0.056963
1.0
0.0170452
0.915766
0.149244
0.999024
0.271671
1.0
0.0169795
0.00113626
0.888999
0.0397426
0.953246
1.0
0.0169295
0.843693
0.892292
0.882219
0.949151
1.0
0.0167539
0.182009
0.0112978
0.250318
0.0965553
1.0
0.0167268
0.425476
0.19557
0.792251
0.727578
1.0
0.0167077
0.0117238
0.584385
0.0554134
0.650298
1.0
0.0166895
0.0852598
0.755742
0.139554
0.825516
1.0
0.0166396
0.913242
0.63872
0.999614
0.799883
1.0
0.0165576
0.000807572
0.81493
0.0399806
0.873941
1.0
0.0164754
-0.000344418
0.622547
0.0759982
0.736364
1.0
0.0164342
0.000174446
0.756796
0.039086
0.817782
1.0
0.0164305
0.138645
0.685268
0.233381
0.817992
1.0
0.0163526
0.554194
0.268546
0.661735
0.427659
1.0
0.0162162
0.0604102
0.816497
0.118969
0.884091
1.0
0.0159002
0.599619
0.208246
0.843474
0.486894
1.0
0.0158701
0.933081
0.818788
1.00461
0.945748
1.0
0.0158204
0.0353908
0.711811
0.0857176
0.774495
1.0
0.0158022
0.968321
0.551734
0.999275
0.611288
1.0
0.0157236
0.717713
0.958026
0.757362
1.00089
1.0
0.0156982
0.4316
0.495949
0.552524
0.691245
1.0
0.0156879
0.859803
0.0296426
0.904344
0.0855508
1.0
0.0156734
0.0580324
0.214662
0.161877
0.354427
1.0
0.0156512
0.859551
0.0623713
0.901054
0.118345
1.0
0.015624
0.869016
0.622453
0.904714
0.674613
1.0
0.0155462
0.0578362
0.670997
0.115209
0.748154
1.0
0.0155106
0.316169
0.225592
0.41445
0.36868
1.0
0.0155098
0.964117
0.317246
1.00033
0.379507
1.0
0.0155063
0.966164
0.718905
0.999258
0.783239
1.0
0.0155039
0.862012
0.286579
0.917392
0.351518
1.0
0.015394
0.872799
0.65417
0.907063
0.706195
1.0
0.0153243
0.918003
0.654269
0.956897
0.715372
1.0
0.0153145
0.000673762
0.613225
0.0372775
0.678601
1.0
0.0152452
0.930009
0.238562
1.00466
0.343684
1.0
0.0151252
0.889366
0.00341514
0.931858
0.0490384
1.0
0.0150667
0.965494
0.353404
1.00064
0.411342
1.0
0.0150667
0.107562
0.674
0.160268
0.746347
1.0
0.0150526
0.84903
0.674853
0.939255
0.818585
1.0
0.0150325
0.201326
0.0718226
0.268693
0.149739
1.0
0.0150314
0.86962
0.863739
0.908229
0.919263
1.0
0.0150144
0.259408
0.119715
0.304062
0.178287
1.0
0.0148524
0.869449
0.837319
0.960102
0.962649
1.0
0.014836
0.000815907
0.648897
0.0375975
0.71203
1.0
0.0147353
0.000496555
0.721452
0.0376541
0.780385
1.0
0.0147346
0.942323
0.808381
0.98771
0.879779
1.0
0.0146339
0.914125
0.130628
0.953524
0.17837
1.0
0.0144851
0.909783
0.183511
0.954329
0.238552
1.0
0.0144237
0.871074
0.825711
0.904771
0.877069
1.0
0.0143906
0.138279
0.677892
0.18874
0.750455
1.0
0.014388
0.751602
0.921412
0.794849
0.984042
1.0
0.0143591
0.208493
0.0430242
0.406412
0.287377
1.0
0.0143416
0.136567
0.751931
0.186893
0.820059
1.0
0.0143286
0.129541
0.0147452
0.19633
0.0971798
1.0
0.0143221
0.228004
0.0128689
0.291856
0.0969973
1.0
0.0142935
0.0413042
0.642539
0.0978114
0.722012
1.0
0.0142766
0.0336683
0.755722
0.0855343
0.819252
1.0
0.0142669
0.00872328
0.557932
0.0927879
0.686325
1.0
0.0142545
0.950855
0.128574
0.990198
0.182283
1.0
0.0142054
0.134401
0.816612
0.184581
0.881964
1.0
0.0141442
0.420197
0.233607
0.545169
0.402494
1.0
0.0141186
0.740846
0.898705
0.840997
1.00318
1.0
0.0141154
0.916246
0.0285393
0.992099
0.154696
1.0
0.0140602
0.850813
0.114615
0.948308
0.232237
1.0
0.0140492
0.0403751
0.146621
0.237877
0.43707
1.0
0.0140283
0.0113585
0.852295
0.0611983
0.917343
1.0
0.0140224
0.835103
0.183655
0.93684
0.311081
1.0
0.0139911
0.11363
0.953804
0.161229
1.00183
1.0
0.0139526
0.197936
0.678246
0.298645
0.817374
1.0
0.0139393
0.255823
-0.000954531
0.309098
0.056562
1.0
0.0138519
0.0592755
0.951327
0.109919
1.0017
1.0
0.0138485
0.763176
0.0608167
0.887973
0.20789
1.0
0.0138458
0.138374
0.11259
0.193258
0.179384
1.0
0.0138175
0.892033
0.86573
0.930797
0.920479
1.0
0.0137129
0.600852
0.790036
0.707664
0.918342
1.0
0.0136831
0.0024453
0.381381
0.035324
0.447192
1.0
0.013658
0.912746
0.88867
0.952201
0.945954
1.0
0.0136352
0.0652874
0.592587
0.11227
0.659566
1.0
0.0136184
0.0492866
0.582997
0.247537
0.826654
1.0
0.0135857
0.9163
0.859078
0.956384
0.915557
1.0
0.0135087
0.865954
0.180528
0.908966
0.236008
1.0
0.0134823
0.48569
0.315539
0.537827
0.389386
1.0
0.0134688
0.924068
0.782431
0.96453
0.841617
1.0
0.0134303
0.00189654
0.315857
0.0368959
0.383475
1.0
0.0134236
0.930325
0.358239
1.00619
0.476519
1.0
0.0134211
0.899097
0.657022
0.934444
0.710506
1.0
0.0134089
0.885528
0.12757
0.929225
0.179331
1.0
0.0133955
0.966385
0.386425
1.00028
0.446629
1.0
0.0133894
0.610747
0.310313
0.66305
0.382951
1.0
0.0132984
0.161801
0.783863
0.205662
0.846683
1.0
0.0132868
0.888984
0.0253647
0.932975
0.0812938
1.0
0.0132598
0.651716
0.682333
0.746349
0.82772
1.0
0.0132179
0.913111
0.022342
0.957203
0.0770973
1.0
0.0131576
0.65821
0.275881
0.792722
0.423301
1.0
0.0131427
0.0670774
0.352768
0.16227
0.490776
1.0
0.0130942
0.60553
0.299002
0.721037
0.45057
1.0
0.0130733
0.366667
0.48521
0.479184
0.657194
1.0
0.0130442
0.00198336
0.48754
0.0331776
0.550256
1.0
0.0130322
0.854842
0.588275
0.938897
0.719665
1.0
0.0130318
0.518966
0.907159
0.619171
1.00482
1.0
0.0129844
0.160154
0.235171
0.263597
0.380498
1.0
0.0129232
0.744546
0.680166
0.83481
0.819969
1.0
0.0128551
0.366065
0.318483
0.415464
0.393959
1.0
0.0128293
0.83892
0.0867935
0.892293
0.15844
1.0
0.0128268
0.970062
0.491576
1.0005
0.549427
1.0
0.0127938
0.870629
0.723348
0.904362
0.773765
1.0
0.0127792
0.967879
0.586747
0.999358
0.648387
1.0
0.0127629
0.29012
0.0002813
0.336566
0.0524854
1.0
0.0127281
0.00242473
0.45252
0.0327891
0.513673
1.0
0.0127275
0.388469
0.281063
0.440261
0.35909
1.0
0.0126992
0.790877
0.723292
0.827013
0.773969
1.0
0.0126938
0.359559
0.523256
0.788775
1.1154
1.0
0.012635
0.539763
0.186403
0.661467
0.338791
1.0
0.0126116
0.304716
0.578268
0.412983
0.729151
1.0
0.0124814
0.441125
0.0022982
0.482231
0.0487695
1.0
0.0124327
0.457481
0.673312
0.560767
0.823612
1.0
0.0124127
0.0802493
0.899524
0.180229
1.0073
1.0
0.0124077
0.387058
0.437366
0.442614
0.518542
1.0
0.0123903
0.133761
0.880239
0.242953
1.00244
1.0
0.0123536
0.00300009
0.493261
0.0733251
0.625492
1.0
0.0123446
0.105351
0.78492
0.162955
0.858474
1.0
0.0123255
0.00142948
0.223037
0.0372008
0.288698
1.0
0.0122666
0.634679
0.912505
0.725818
1.00505
1.0
0.0122533
0.942987
0.000961341
0.986861
0.0497839
1.0
0.0122522
0.969402
0.45444
1.00062
0.513953
1.0
0.0122055
0.00138146
0.123562
0.0821002
0.292031
1.0
0.0121273
0.162774
0.714927
0.211677
0.783376
1.0
0.0120781
0.776264
0.185894
0.888077
0.329511
1.0
0.0120485
0.790189
0.116714
0.840168
0.180279
1.0
0.0120291
0.968776
0.422013
1.00067
0.478116
1.0
0.0119824
0.765322
-0.00135056
0.873922
0.113874
1.0
0.0119687
0.940901
0.676564
0.986735
0.747851
1.0
0.011942
0.780773
0.311245
0.840379
0.38919
1.0
0.0119198
0.255528
0.623653
0.369566
0.768106
1.0
0.011892
0.219579
0.236167
0.326451
0.380874
1.0
0.0118899
0.0394529
-0.0174073
0.140175
0.115888
1.0
0.0118796
0.783211
0.257212
0.838769
0.324338
1.0
0.0118569
0.920584
0.720253
0.958598
0.778906
1.0
0.0118227
0.872825
0.686912
0.906772
0.739478
1.0
0.0117949
0.213132
0.713851
0.261127
0.785693
1.0
0.0117933
0.435861
0.316027
0.488329
0.390828
1.0
0.0117929
0.359803
0.599801
0.468868
0.750942
1.0
0.0117899
0.286056
0.00506096
0.38492
0.131343
1.0
0.0117875
0.270555
0.272677
0.367697
0.413739
1.0
0.0117665
0.884529
0.312489
0.935556
0.375822
1.0
0.0117477
0.437459
0.383616
0.486514
0.451533
1.0
0.0116622
0.914781
0.159647
0.953757
0.205413
1.0
0.0116511
0.173212
0.0931877
0.297981
0.233408
1.0
0.0116358
0.838111
0.259371
0.887031
0.317955
1.0
0.0116257
0.229753
0.495733
0.434932
0.775905
1.0
0.011564
0.114558
0.345412
0.214498
0.482167
1.0
0.0115406
0.907007
0.28761
0.960104
0.348226
1.0
0.0115113
0.690662
0.956679
0.733991
1.00127
1.0
0.0115091
0.665117
0.957499
0.707767
0.999701
1.0
0.0115035
0.89516
0.824992
0.92957
0.87762
1.0
0.0114909
0.0902525
0.389153
0.130416
0.44503
1.0
0.0114569
0.787663
0.00184982
0.839318
0.0543428
1.0
0.0113942
0.921667
0.817174
0.959343
0.874366
1.0
0.0113783
0.943383
0.626048
0.987436
0.690883
1.0
0.0113137
0.840597
0.222255
0.883237
0.277037
1.0
0.0113111
0.499659
0.753496
0.596253
0.894482
1.0
0.0112977
0.659152
0.255776
0.713799
0.324655
1.0
0.0112936
0.486024
0.25417
0.538194
0.324143
1.0
0.0112818
0.0357782
0.185978
0.383643
0.754182
1.0
0.0112298
0.791963
0.616679
0.97256
0.904743
1.0
0.0112294
0.182945
0.108252
0.236356
0.173172
1.0
0.0112264
0.909828
0.402714
0.996655
0.553874
1.0
0.0112156
0.111608
0.189834
0.225084
0.338701
1.0
0.0111783
0.64075
0.851298
0.680861
0.901885
1.0
0.0111753
0.895372
0.627283
0.932245
0.681649
1.0
0.0111478
0.438693
0.651196
0.487103
0.715009
1.0
0.0110713
0.536988
0.289051
0.586565
0.358175
1.0
0.0110632
0.767864
0.721086
0.807666
0.776924
1.0
0.0110456
0.871089
0.792328
0.904903
0.843711
1.0
0.0110436
0.000795132
0.14097
0.035275
0.205696
1.0
0.0110168
0.60853
0.371378
0.83382
0.708392
1.0
0.0109861
0.164485
0.955098
0.209177
1.00119
1.0
0.0109683
0.887593
0.158925
0.928252
0.206517
1.0
0.0109561
0.313632
0.0181619
0.364275
0.0851714
1.0
0.0109411
0.40977
0.473815
0.46294
0.548044
1.0
0.0109403
0.5693
0.251826
0.620802
0.319134
1.0
0.0109264
0.185013
0.643242
0.233339
0.717816
1.0
0.0109234
0.889039
-0.0100851
0.975813
0.0934407
1.0
0.0108856
0.0632567
0.52536
0.158281
0.676431
1.0
0.0108836
0.850373
0.624428
0.884849
0.674141
1.0
0.0108812
-0.00392564
0.417502
0.0531486
0.542832
1.0
0.0108757
0.00987394
0.522475
0.0490101
0.58632
1.0
0.0108568
0.842131
0.181082
0.886347
0.239405
1.0
0.0108517
0.870582
0.759207
0.903998
0.809226
1.0
0.0108346
0.0833962
0.84213
0.137439
0.909102
1.0
0.0108089
0.857795
0.321819
0.962081
0.45225
1.0
0.0107925
0.809664
0.0212221
0.865154
0.0848149
1.0
0.0107922
0.572062
0.871961
0.694222
0.992624
1.0
0.0107916
0.70816
0.194536
0.830411
0.344962
1.0
0.0107335
0.769155
0.896043
0.811095
0.95734
1.0
0.0107042
0.00896118
0.348503
0.049292
0.412882
1.0
0.0106896
0.913473
0.0922731
0.950469
0.141252
1.0
0.0106864
0.865922
0.451877
0.90697
0.510435
1.0
0.0106652
0.86571
0.220997
0.90962
0.275181
1.0
0.0106626
0.913536
0.561799
0.994081
0.704887
1.0
0.0106361
0.911868
0.219664
0.957419
0.275054
1.0
0.0106353
0.0706974
0.444948
0.160966
0.596309
1.0
0.0106212
0.846101
0.403913
0.938203
0.542765
1.0
0.0106148
-0.0146292
0.352291
0.123454
0.635204
1.0
0.0106118
0.412943
0.54527
0.464374
0.617909
1.0
0.0105995
0.944998
0.494255
1.00745
0.618074
1.0
0.0105882
0.123038
0.455977
0.329071
0.740103
1.0
0.0105821
0.816373
0.652427
0.851465
0.70473
1.0
0.0105587
0.871896
0.556917
0.9077
0.609594
1.0
0.0105417
0.22119
0.346667
0.322704
0.475025
1.0
0.0105203
0.563176
0.954973
0.609299
1.00091
1.0
0.01052
0.812958
0.847516
0.906245
0.967426
1.0
0.0104797
0.337893
0.251276
0.385265
0.319641
1.0
0.0104719
0.528452
0.348191
0.61738
0.521353
1.0
0.0104672
0.745905
0.786513
0.837367
0.927842
1.0
0.0104485
0.461251
0.28423
0.513915
0.358228
1.0
0.0104358
0.606092
0.251202
0.666924
0.325388
1.0
0.0104192
0.415435
0.00126688
0.458482
0.0485986
1.0
0.010382
0.806546
0.350094
0.853028
0.411167
1.0
0.0103694
0.86616
0.388524
0.912272
0.448404
1.0
0.0103623
0.116935
0.388223
0.156577
0.443104
1.0
0.0103533
0.847592
0.477242
0.935068
0.623075
1.0
0.0103064
0.819034
0.824582
0.852448
0.875449
1.0
0.0102892
0.116638
0.452909
0.157066
0.511293
1.0
0.0102892
0.711371
0.717168
0.752281
0.778738
1.0
0.0102221
0.615189
0.957294
0.658249
1.00045
1.0
0.0102032
0.67725
0.742497
0.766258
0.883588
1.0
0.0101924
0.593766
0.694972
0.789391
0.958527
1.0
0.0101615
0.644488
0.143282
0.768483
0.287985
1.0
0.0101248
0.389236
0.00100502
0.431432
0.0491512
1.0
0.0101225
0.744878
0.720999
0.783907
0.776568
1.0
0.0100464
0.861009
0.350755
0.912002
0.413982
1.0
0.0100182
0.819322
0.865923
0.856078
0.923057
1.0
0.0100054
0.436776
0.256148
0.488958
0.326134
1.0
0.0100052
0.0665345
0.557586
0.10545
0.616684
1.0
0.0100048
0.783363
0.719901
0.877934
0.857632
