1.0
0.943663
0.39914
0.320988
0.537666
0.53648
1.0
0.0955466
0.815689
0.140766
0.863756
0.219949
1.0
0.0423786
0.932682
0.914837
0.99656
0.99763
1.0
0.0379918
-0.000461437
0.757965
0.246907
1.00469
1.0
0.0342239
0.264318
0.759861
0.300409
0.81684
1.0
0.0328776
0.186929
0.0210712
0.235774
0.0771045
1.0
0.0315139
0.0103174
0.0127965
0.0640237
0.0796152
1.0
0.0287705
0.153851
0.585697
0.256922
0.710024
1.0
0.0287098
0.0823626
0.547642
0.270131
0.814404
1.0
0.0286756
0.0191282
0.784658
0.129069
0.897975
1.0
0.0284008
0.784075
0.124504
0.876047
0.263233
1.0
0.0283764
0.391767
0.373729
0.445247
0.456563
1.0
0.0278899
0.933593
0.167559
1.00152
0.280907
1.0
0.0276582
0.863747
0.910034
0.915395
0.984363
1.0
0.0276545
0.239313
0.918437
0.276338
0.974467
1.0
0.0276158
0.199966
0.11282
0.296074
0.227947
1.0
0.0273821
0.00278994
0.600159
0.0646478
0.728072
1.0
0.0272837
0.0379929
0.816268
0.0962031
0.879456
1.0
0.0270996
0.962102
0.510505
0.999598
0.588377
1.0
0.0265593
0.081674
0.10044
0.200771
0.230432
1.0
0.0263218
0.00859047
0.87679
0.113316
0.98935
1.0
0.0260922
0.242277
0.952225
0.280903
0.996673
1.0
0.0260286
0.963592
0.747543
0.998311
0.818249
1.0
0.024745
0.765283
0.280807
0.880087
0.404385
1.0
0.0247177
0.8177
0.210697
0.862135
0.270652
1.0
0.0246847
0.828214
0.315946
0.889208
0.382972
1.0
0.0246614
0.241888
0.894203
0.272177
0.942279
1.0
0.024645
0.447766
0.425514
0.563549
0.611585
1.0
0.0246395
0.00848449
0.667452
0.110948
0.821593
1.0
0.0244846
0.886076
0.885148
0.930721
0.951743
1.0
0.0242982
0.54074
0.283966
0.653993
0.420666
1.0
0.024266
0.965292
0.812836
0.999937
0.881998
1.0
0.0242609
0.24568
0.73023
0.281586
0.78338
1.0
0.0241186
0.912596
0.218548
0.995678
0.335585
1.0
0.024075
0.885898
0.948315
0.934498
1.0009
1.0
0.0240486
0.963438
0.155842
0.999161
0.219309
1.0
0.0239527
0.86995
0.851166
0.990611
1.00344
1.0
0.0239335
0.115333
0.724187
0.163204
0.781888
1.0
0.0238861
0.137215
0.0180652
0.190476
0.0764935
1.0
0.0236089
0.36779
0.954379
0.406179
0.997172
1.0
0.023524
0.265699
0.955826
0.303006
0.99771
1.0
0.02336
0.22993
0.752143
0.303106
0.873964
1.0
0.0231401
0.014604
0.292835
0.114799
0.421121
1.0
0.0230521
0.0132352
0.946814
0.0632513
0.997015
1.0
0.0230417
0.26795
0.816237
0.301059
0.871917
1.0
0.0228351
0.113431
0.14561
0.164662
0.211707
1.0
0.0227529
0.817365
0.950489
0.861449
0.999518
1.0
0.0225776
0.593455
0.262758
0.702746
0.396175
1.0
0.022539
0.251003
0.784142
0.285279
0.839933
1.0
0.0224676
0.616288
0.951005
0.657191
0.995365
1.0
0.0224457
0.0178438
0.186237
0.0551159
0.238575
1.0
0.0222844
0.457625
0.320443
0.51487
0.394226
1.0
0.0222304
0.158832
0.27663
0.266646
0.404924
1.0
0.0220744
0.963273
0.8494
1.00095
0.918936
1.0
0.0220209
0.0604083
0.695539
0.167172
0.830149
1.0
0.021947
0.767917
0.956186
0.806898
1.00117
1.0
0.0218467
0.509782
0.322019
0.560409
0.392935
1.0
0.0218024
0.267096
0.730748
0.302547
0.785451
1.0
0.021769
0.136821
0.691828
0.232526
0.827447
1.0
0.021619
0.726443
0.156092
0.90508
0.392428
1.0
0.0216017
0.0632823
0.913601
0.114263
0.974992
1.0
0.0213353
0.965186
0.457074
1.00068
0.527718
1.0
0.0212939
0.839607
0.384161
0.887581
0.442192
1.0
0.021293
0.936523
0.822735
1.00394
0.953376
1.0
0.021269
0.141009
0.952511
0.180971
0.994958
1.0
0.0210778
0.19105
0.95385
0.2292
0.996837
1.0
0.0210247
0.868381
0.859281
0.909543
0.922617
1.0
0.0209678
0.812026
0.384571
0.860267
0.441539
1.0
0.0208979
0.103099
0.603976
0.203137
0.737824
1.0
0.0208413
0.84123
0.949523
0.889017
1.00127
1.0
0.0207246
0.915934
0.883565
0.956445
0.945665
1.0
0.0206686
0.21696
0.753018
0.257316
0.812525
1.0
0.0206219
0.0157777
0.889933
0.0665531
0.953902
1.0
0.020594
0.966564
0.686897
0.999623
0.754081
1.0
0.0205739
0.958376
0.248929
0.999588
0.317438
1.0
0.020561
0.00401455
0.222943
0.0877359
0.353714
1.0
0.0205284
0.888549
0.222065
0.935698
0.27931
1.0
0.0203993
0.801837
0.340496
0.906217
0.462619
1.0
0.0203304
0.646418
0.439728
0.974857
0.943946
1.0
0.0203261
0.869869
0.820614
0.907178
0.87427
1.0
0.0203077
0.856544
0.350118
0.906874
0.409754
1.0
0.0202668
0.73558
0.315113
0.785755
0.382243
1.0
0.0202253
0.318723
0.955413
0.3575
0.999158
1.0
0.0202154
0.0266133
0.565708
0.123745
0.722836
1.0
0.0202112
0.822735
0.611469
0.910512
0.752907
1.0
0.020211
0.344204
0.95424
0.384163
0.998274
1.0
0.0201554
0.863294
0.186929
0.907722
0.244787
1.0
0.0201245
0.934552
0.097407
1.00219
0.21632
1.0
0.0201145
0.506716
0.37474
0.556627
0.456542
1.0
0.0201009
0.961219
0.316951
1.00002
0.381609
1.0
0.0200972
0.932084
0.280817
0.988328
0.348844
1.0
0.020097
0.0781977
0.00997086
0.193603
0.116978
1.0
0.0200918
0.768562
0.187205
0.808853
0.248756
1.0
0.020079
0.789441
0.346017
0.841494
0.409119
1.0
0.019893
0.910297
0.314268
0.962219
0.375314
1.0
0.0198098
0.754925
0.753998
0.996755
1.00824
1.0
0.0198003
0.416549
0.958219
0.454809
0.998634
1.0
0.019782
0.317822
0.279849
0.421558
0.421358
1.0
0.019781
0.209609
0.0046962
0.257228
0.0530784
1.0
0.0197642
-0.000224344
0.0831019
0.06455
0.190888
1.0
0.0197467
0.166448
0.950997
0.207168
0.993842
1.0
0.0197381
0.190494
0.724105
0.235944
0.784962
1.0
0.0196473
0.967071
0.649344
1.0004
0.717552
1.0
0.0195465
0.823426
0.834319
0.915632
0.962359
1.0
0.0195454
0.221171
0.914537
0.299777
1.00542
1.0
0.0195146
0.164649
0.72311
0.212381
0.782395
1.0
0.0194887
0.745363
0.900963
0.834734
1.00805
1.0
0.0194397
0.915685
0.191533
0.961333
0.249133
1.0
0.0194143
0.0813192
0.282461
0.19106
0.414962
1.0
0.0193826
0.267178
0.773644
0.356207
0.91471
1.0
0.0193091
0.794933
0.954319
0.836875
1.00252
1.0
0.0192995
0.714451
0.302656
0.823196
0.428761
1.0
0.0191821
0.816145
0.246251
0.863332
0.306612
1.0
0.0191528
0.923258
0.426298
0.997787
0.575771
1.0
0.0190358
0.80688
0.901044
0.897456
1.00335
1.0
0.0189716
0.294306
0.957383
0.332741
1.00063
1.0
0.0189622
0.964406
0.57707
1.00067
0.652889
1.0
0.0189253
0.830536
0.173605
0.878872
0.241173
1.0
0.018925
0.218579
0.95433
0.256906
0.997461
1.0
0.0189246
0.0606392
0.210585
0.166631
0.345011
1.0
0.0188993
0.0137142
0.155504
0.0518063
0.211429
1.0
0.0188595
0.246496
0.114139
0.374502
0.245553
1.0
0.0188481
0.81762
0.821396
0.854733
0.873372
1.0
0.018746
0.916518
0.948145
0.963946
1.0005
1.0
0.018733
0.869364
0.676213
0.954911
0.825408
1.0
0.0186582
0.0666156
0.0859432
0.277954
0.334684
1.0
0.0186567
0.243699
0.697869
0.324551
0.82592
1.0
0.0186566
0.391644
0.955679
0.431992
0.998543
1.0
0.0186406
0.239878
0.6411
0.283373
0.711509
1.0
0.0186305
0.26066
0.00131968
0.314734
0.0543653
1.0
0.0185852
0.205351
0.60752
0.297872
0.739477
1.0
0.0185767
0.93784
-0.00482098
1.00055
0.0820533
1.0
0.0185271
0.890283
0.193376
0.933805
0.247119
1.0
0.0185061
0.388547
0.320791
0.444209
0.401236
1.0
0.0184259
0.236713
0.0191497
0.289651
0.0789599
1.0
0.0184066
0.17834
0.645306
0.366762
0.920878
1.0
0.0183553
0.929859
0.691018
1.00084
0.847286
1.0
0.0183419
0.658022
0.262535
0.76878
0.399184
1.0
0.0183295
0.267525
0.858266
0.298772
0.908721
1.0
0.0183193
0.503766
0.239189
0.707046
0.49356
1.0
0.018317
0.262453
0.923837
0.30087
0.979717
1.0
0.0182062
0.891999
0.823458
0.929026
0.877657
1.0
0.0182026
0.666106
0.956607
0.705476
0.999647
1.0
0.0181659
0.247262
0.867252
0.278253
0.917895
1.0
0.0181365
0.163839
0.890018
0.246764
0.996578
1.0
0.0181207
0.19041
0.0510304
0.238248
0.108222
1.0
0.0181035
0.00175719
0.820192
0.0419887
0.876967
1.0
0.0180464
0.725488
0.139879
0.818927
0.276067
1.0
0.0180339
0.136724
0.683773
0.187113
0.74879
1.0
0.01803
0.508981
0.23176
0.617433
0.364761
1.0
0.0180046
0.210642
0.248796
0.322956
0.388443
1.0
0.0180021
0.535988
0.320279
0.587415
0.385262
1.0
0.017985
0.000188502
0.753573
0.0357189
0.812947
1.0
0.017973
-0.0038748
0.825632
0.0912248
0.939456
1.0
0.0179443
0.250475
0.817297
0.282654
0.87121
1.0
0.0179152
0.718404
0.908523
0.763956
0.977445
1.0
0.017884
0.211156
0.0965015
0.265156
0.163811
1.0
0.0178827
0.370869
0.384368
0.417788
0.450666
1.0
0.0178267
0.360881
0.305547
0.471036
0.470002
1.0
0.0177818
0.765265
0.317249
0.815058
0.384453
1.0
0.0177472
0.741514
0.189538
0.780711
0.247926
1.0
0.0176974
0.905417
0.317107
0.994553
0.442122
1.0
0.0176907
0.064801
0.951539
0.111766
0.998381
1.0
0.0176827
0.113738
0.820611
0.157596
0.873955
1.0
0.017635
0.00174524
0.921073
0.0419024
0.981678
1.0
0.0176304
0.224455
0.831487
0.299529
0.958279
1.0
0.0175307
0.138364
0.756402
0.182466
0.813268
1.0
0.0175232
0.817783
0.619505
0.857311
0.674813
1.0
0.01751
0.161057
0.00675217
0.213156
0.0570868
1.0
0.0174915
0.468591
0.960466
0.504473
0.998734
1.0
0.0173254
0.126411
0.143432
0.235806
0.267143
1.0
0.0172627
0.00742554
0.14156
0.088405
0.263459
1.0
0.0172619
0.853862
0.120639
0.950096
0.24885
1.0
0.0172541
0.828471
0.720863
0.913523
0.857216
1.0
0.0171963
0.595449
0.951801
0.635135
0.996158
1.0
0.0171644
0.763903
0.914407
0.80622
0.979994
1.0
0.017154
0.52067
0.956677
0.558358
0.997069
1.0
0.0171225
0.946466
0.613081
1.00754
0.761947
1.0
0.0170752
0.916398
0.786783
0.955536
0.848856
1.0
0.0170443
0.820233
0.654197
0.857935
0.707706
1.0
0.0170019
0.0642243
0.724792
0.112292
0.785698
1.0
0.0169992
0.916624
0.822729
0.95301
0.880911
1.0
0.0169987
0.793773
0.216942
0.8374
0.273404
1.0
0.0169872
-0.000108469
0.217663
0.0333022
0.273919
1.0
0.0169224
0.118231
0.884616
0.15712
0.936416
1.0
0.0169211
0.81863
0.592072
0.85605
0.643252
1.0
0.0168994
0.967238
0.418964
1.00123
0.481898
1.0
0.0168914
0.159276
0.0330805
0.266165
0.14779
1.0
0.01689
0.217505
0.433794
0.592285
0.953342
1.0
0.0168644
0.000334973
0.290247
0.0366606
0.353494
1.0
0.0168077
0.871737
0.757161
0.909568
0.816245
1.0
0.0167772
0.717965
0.95093
0.759173
1.00023
1.0
0.0167342
0.715728
0.653429
0.753948
0.708805
1.0
0.016651
0.870783
0.721576
0.908204
0.776678
1.0
0.0166246
0.257974
0.180285
0.311824
0.242009
1.0
0.0166208
0.114406
0.904306
0.198066
1.00232
1.0
0.0166032
0.0610791
0.758004
0.110562
0.819267
1.0
0.0165433
0.619406
0.0427886
0.959344
0.503268
1.0
0.0164941
0.809415
0.419869
0.904101
0.547244
1.0
0.016482
0.815826
0.057539
0.858705
0.119316
1.0
0.0164303
0.0711784
0.796507
0.185331
0.921817
1.0
0.0164297
0.91891
0.517973
0.959653
0.582542
1.0
0.0163865
0.948121
0.721625
0.989755
0.788959
1.0
0.016364
0.859177
0.151859
0.90307
0.213499
1.0
0.0163591
0.965421
0.383995
1.00089
0.449023
1.0
0.0163517
0.919773
0.721378
0.957459
0.77948
1.0
0.0163155
0.86359
0.547924
0.952209
0.692511
1.0
0.0163118
0.717442
0.218984
0.8165
0.353536
1.0
0.0162491
0.557137
0.671325
0.658929
0.800002
1.0
0.0162423
0.0406984
0.186994
0.0811542
0.239297
1.0
0.0162229
0.243045
0.00403264
0.357205
0.121325
1.0
0.0162224
0.318121
0.786918
0.354529
0.844401
1.0
0.0162194
0.889902
0.158022
0.932016
0.214621
1.0
0.0162091
0.0013447
0.0537029
0.039301
0.120051
1.0
0.0161857
0.0145674
0.849056
0.0644815
0.91197
1.0
0.0161608
0.3575
0.684109
0.811514
1.00829
1.0
0.0161282
0.817969
0.888321
0.860517
0.952115
1.0
0.0160904
0.15729
0.783595
0.247698
0.923138
1.0
0.0160729
0.245984
0.682187
0.284522
0.740232
1.0
0.0160694
0.29749
0.672924
0.397354
0.825028
1.0
0.0160112
0.847361
0.286644
0.961208
0.403674
1.0
0.0160104
0.0164613
0.796704
0.0684443
0.85645
1.0
0.0159922
0.817012
0.853538
0.857433
0.913611
1.0
0.015893
0.240873
0.192628
0.441186
0.464398
1.0
0.0158737
0.0853821
0.816884
0.13285
0.871048
1.0
0.0158701
0.463622
0.293238
0.578523
0.452642
1.0
0.015819
0.763803
0.384158
0.870762
0.506618
1.0
0.015801
0.869428
0.788616
0.954385
0.925426
1.0
0.0157626
0.268778
0.883517
0.36323
1.0035
1.0
0.0157624
0.0892282
0.756785
0.136476
0.815076
1.0
0.0156405
0.317558
0.774286
0.412053
0.923014
1.0
0.0156313
0.632227
0.309436
0.681382
0.377151
1.0
0.0155945
0.112813
0.00336127
0.166059
0.0542924
1.0
0.0155846
0.741919
0.953538
0.784616
1.00172
1.0
0.0155776
0.406625
0.134554
0.532557
0.272802
1.0
0.0155133
0.116897
0.643005
0.169398
0.711816
1.0
0.0154828
0.221022
0.823072
0.25415
0.874135
1.0
0.0154816
0.308698
0.182468
0.363542
0.245362
1.0
0.0154718
0.797114
0.680201
0.883828
0.814982
1.0
0.0154683
0.890095
0.288251
0.940486
0.346404
1.0
0.0154129
0.000977751
0.254253
0.0340384
0.313601
1.0
0.0153836
0.161448
0.189169
0.209509
0.24797
1.0
0.0153428
0.811418
0.289951
0.867143
0.358857
1.0
0.0153297
0.138663
0.171349
0.343359
0.435772
1.0
0.0153011
0.820752
0.690605
0.857353
0.741267
1.0
0.0152944
0.293739
0.726628
0.330008
0.780132
1.0
0.0152937
0.000601681
0.669321
0.0377589
0.741561
1.0
0.0152896
0.221349
0.786946
0.257998
0.843087
1.0
0.015273
0.263404
0.231169
0.373496
0.364947
1.0
0.0152387
0.570777
0.954777
0.608144
0.995856
1.0
0.0152249
0.820625
0.555862
0.860041
0.605627
1.0
0.0152168
0.212147
0.175419
0.267215
0.241894
1.0
0.0151903
0.109141
0.348819
0.159266
0.413277
1.0
0.0151877
-0.00825592
0.104404
0.140217
0.337306
1.0
0.0151802
0.891193
0.720192
0.930793
0.776879
1.0
0.0151694
0.0501958
0.339498
0.156754
0.476457
1.0
0.0151559
0.863519
0.217728
0.910946
0.275705
1.0
0.015141
0.224423
0.866322
0.256055
0.916792
1.0
0.0151314
0.640229
0.95335
0.682942
0.998711
1.0
0.0151245
0.0931992
0.891654
0.136176
0.947428
1.0
0.0150288
0.65781
0.33879
0.770191
0.477561
1.0
0.0150191
0.638943
0.647237
0.686891
0.711928
1.0
0.0149947
0.774233
0.613433
0.864998
0.744007
1.0
0.0149743
0.854251
0.345428
0.963519
0.475678
1.0
0.0149714
0.000276759
0.716426
0.0362509
0.779111
1.0
0.0149599
0.0636236
0.183481
0.109721
0.243517
1.0
0.0149599
0.617819
0.910112
0.70068
1.00313
1.0
0.0149508
0.562729
0.344172
0.617543
0.413683
1.0
0.0148624
0.838554
0.418326
0.884896
0.476447
1.0
0.0148522
0.543333
0.95569
0.582458
0.997629
1.0
0.014828
0.723261
0.857785
0.762925
0.919256
1.0
0.0148212
0.272033
0.303414
0.371772
0.437279
1.0
0.0148185
0.0861832
0.0189884
0.137255
0.0753387
1.0
0.0147753
0.87037
0.689524
0.907906
0.744228
1.0
0.014775
0.808097
0.0376951
0.901165
0.184878
1.0
0.0147648
0.442743
0.958987
0.481646
0.999399
1.0
0.0147507
0.321684
0.911761
0.405453
1.00545
1.0
0.014732
0.590229
0.719598
0.634305
0.771839
1.0
0.0147152
0.792262
0.251447
0.837029
0.309933
1.0
0.0147077
0.906075
0.501885
0.986226
0.647033
1.0
0.0146772
0.560428
0.586836
0.666232
0.737747
1.0
0.0146749
0.916301
0.155859
0.958028
0.214146
1.0
0.0146639
0.868701
0.653929
0.908553
0.714571
1.0
0.0146491
0.864069
0.104849
1.00412
0.359315
1.0
0.0146485
0.796342
0.175513
0.84389
0.244834
1.0
0.0146213
0.798692
0.823555
0.833829
0.873786
1.0
0.0145941
0.317681
0.718276
0.35801
0.778577
1.0
0.0145816
0.678946
0.879214
0.769959
0.994584
1.0
0.0145742
0.916573
0.583093
0.954876
0.645696
1.0
0.0145081
0.324777
0.372508
0.427517
0.521485
1.0
0.0144888
0.527073
0.369847
0.631818
0.525038
1.0
0.0144831
0.14033
0.58879
0.199549
0.668091
1.0
0.0144666
0.235083
0.0552836
0.289089
0.116622
1.0
0.014443
0.285603
0.0157196
0.341977
0.0815963
1.0
0.0144299
0.79749
0.553655
0.88321
0.67792
1.0
0.014424
0.888112
0.788765
0.928495
0.848427
1.0
0.0144106
0.815741
0.0975276
0.85806
0.159536
1.0
0.014395
0.17703
0.819864
0.341669
1.02452
1.0
0.0143912
0.090682
0.648875
0.13956
0.713502
1.0
0.0143808
0.487223
0.290637
0.538878
0.357755
1.0
0.0143351
0.00491137
0.495074
0.0883528
0.666143
1.0
0.0143162
0.290671
0.78709
0.326866
0.841781
1.0
0.0142805
0.796601
0.858159
0.832203
0.911411
1.0
0.0142772
0.0332866
0.9132
0.0874003
0.974565
1.0
0.01425
0.770476
0.126667
0.810548
0.184522
1.0
0.01415
0.0584792
0.645423
0.10619
0.713226
1.0
0.0140994
0.00829087
0.0259781
0.109976
0.139457
1.0
0.0140933
0.819042
0.761977
0.853293
0.813959
1.0
0.0140839
0.799457
0.594631
0.833861
0.642061
1.0
0.0140768
0.0910964
0.954813
0.13578
0.99971
1.0
0.014057
0.820235
0.723058
0.855772
0.773754
1.0
0.013934
0.00925576
0.340428
0.0629553
0.416092
1.0
0.0139274
0.270764
0.612925
0.368517
0.751989
1.0
0.0139272
0.0876666
0.284023
0.136754
0.347023
1.0
0.013914
0.251097
0.116466
0.313684
0.189047
1.0
0.0138773
0.0872645
0.317999
0.138336
0.38507
1.0
0.0138702
0.186006
0.165801
0.291364
0.302858
1.0
0.01382
0.8272
0.216845
0.926472
0.345079
1.0
0.0138141
0.319216
0.822646
0.356031
0.879696
1.0
0.0137849
0.308064
-0.000665007
0.365618
0.054992
1.0
0.0137713
0.367335
0.0266175
0.749053
0.413085
1.0
0.013761
0.0360333
0.720186
0.0850938
0.782002
1.0
0.0137241
0.694104
0.826101
0.87533
1.01756
1.0
0.0136974
0.165451
0.0510272
0.21162
0.105117
1.0
0.0136924
0.745396
0.125426
0.782394
0.181881
1.0
0.0136799
0.388702
0.439044
0.44171
0.518026
1.0
0.0136086
0.482737
0.43617
0.541215
0.518217
1.0
0.0136084
0.919074
0.752896
0.955773
0.813648
1.0
0.0136074
0.767268
0.252791
0.810814
0.3112
1.0
0.0136022
0.316692
0.753064
0.356409
0.813108
1.0
0.0135925
0.738373
0.878705
0.782612
0.948748
1.0
0.0135641
0.367288
0.916567
0.45216
1.00654
1.0
0.0135592
0.947622
0.777851
0.991999
0.850738
1.0
0.0135401
0.197341
0.897701
0.230304
0.945912
1.0
0.0135179
0.161433
0.121665
0.207536
0.182439
1.0
0.0134995
0.916122
0.121634
0.958993
0.182382
1.0
0.0134633
0.79843
0.887683
0.835757
0.946191
1.0
0.0134205
0.796266
0.763872
0.87798
0.884023
1.0
0.0134178
0.262435
0.88825
0.295033
0.938487
1.0
0.0134138
0.818495
0.456033
0.86113
0.51279
1.0
0.0134114
0.379972
0.231191
0.491954
0.388962
1.0
0.0133894
0.91544
0.65146
0.951967
0.712431
1.0
0.0133894
0.763622
0.856639
0.799882
0.912019
1.0
0.013384
0.356434
0.601966
0.467947
0.756011
1.0
0.013378
0.663494
0.617153
0.74784
0.744702
1.0
0.0133752
0.858787
0.29028
0.91019
0.352211
1.0
0.0133752
0.369491
0.825066
0.403588
0.877812
1.0
0.013356
0.916843
0.453835
0.959196
0.515517
1.0
0.0133389
0.00134672
0.582539
0.0418289
0.664963
1.0
0.0133024
0.503254
0.543516
0.556003
0.618956
1.0
0.0132802
0.0695095
0.1156
0.115988
0.181881
1.0
0.0132638
0.712855
0.279605
0.92384
0.529613
1.0
0.0132506
0.885126
0.350132
0.936309
0.410105
1.0
0.0132477
0.89275
0.605447
0.972877
0.771871
1.0
0.013244
0.524293
0.716297
0.559702
0.761949
1.0
0.0132085
0.791006
0.42135
0.835978
0.474907
1.0
0.0131905
0.892181
0.556784
0.933319
0.612713
1.0
0.0131791
0.439147
0.582884
0.488807
0.651939
1.0
0.0131641
0.195887
0.78706
0.234042
0.84422
1.0
0.0131616
0.117329
0.358276
0.335661
0.670987
1.0
0.0131519
0.865582
0.620887
0.907116
0.682363
1.0
0.0131336
0.890414
0.687593
0.929942
0.747355
1.0
0.0130775
0.891962
0.587046
0.932569
0.647008
1.0
0.0130704
0.862994
0.444844
0.959102
0.587741
1.0
0.0130684
0.813733
0.0251612
0.859247
0.0850344
1.0
0.0130414
0.575872
0.881878
0.663366
0.99331
1.0
0.0130235
0.472671
0.520308
0.578365
0.664728
1.0
0.0130199
0.120784
0.918535
0.162339
0.975288
1.0
0.0130122
0.740266
0.254107
0.783937
0.313425
1.0
0.0128932
0.0657741
0.254058
0.112227
0.317261
1.0
0.0128609
0.058847
0.515014
0.165065
0.674053
1.0
0.0128562
0.346362
0.790886
0.381159
0.843416
1.0
0.012856
0.716833
0.685694
0.754535
0.740514
1.0
0.0128522
0.863349
0.248923
0.913539
0.309731
1.0
0.0128326
0.409588
0.39846
0.471251
0.486899
1.0
0.0128259
0.521698
0.92306
0.561323
0.979634
1.0
0.0128153
0.583732
0.314596
0.639789
0.389713
1.0
0.0128124
0.847284
0.795234
0.885739
0.848361
1.0
0.0127938
0.370912
0.792132
0.404314
0.844581
1.0
0.0127891
0.693526
0.31796
0.739482
0.383356
1.0
0.0127856
0.845547
0.825617
0.883018
0.878909
1.0
0.0127712
0.358664
0.741951
0.455349
0.886537
1.0
0.0127647
0.163118
0.309912
0.219707
0.382497
1.0
0.0127507
0.890127
0.620139
0.931301
0.684362
1.0
0.0127402
0.0363399
0.221528
0.234087
0.492239
1.0
0.0127107
0.0382129
0.584774
0.415128
1.10599
1.0
0.012705
0.0360418
0.579309
0.0838885
0.657395
1.0
0.0127038
0.909702
0.380981
0.961038
0.447762
1.0
0.0127021
0.431489
0.431514
0.49241
0.516692
1.0
0.0126778
0.768812
0.385853
0.811675
0.441823
1.0
0.012675
0.307866
0.11966
0.36443
0.186114
1.0
0.0126703
0.845344
0.854066
0.885487
0.913557
1.0
0.0126586
0.769229
0.829581
0.802662
0.879507
1.0
0.0126156
0.343971
0.717143
0.383571
0.776422
1.0
0.0126099
0.63701
0.718879
0.680892
0.774839
1.0
0.012583
0.815869
0.00197661
0.858275
0.0485803
1.0
0.0125784
0.138947
0.798429
0.180822
0.853823
1.0
0.0125693
0.213474
0.344069
0.322087
0.474457
1.0
0.0125372
0.669317
0.856448
0.704895
0.909047
1.0
0.0125034
0.503452
0.907652
0.58147
1.00415
1.0
0.0124895
0.410434
0.524488
0.526807
0.678677
1.0
0.0124553
0.442333
0.673459
0.539968
0.809305
1.0
0.0124553
0.289068
0.756711
0.328082
0.813563
1.0
0.0124356
0.810914
0.488172
0.900538
0.614862
1.0
0.0124275
0.135872
0.178752
0.188461
0.240949
1.0
0.0124264
0.765754
0.0116393
0.856832
0.14803
1.0
0.0123884
0.471657
0.0114365
0.680961
0.23516
1.0
0.012384
0.717683
0.64844
0.807817
0.783665
1.0
0.01238
0.854142
-0.00359499
0.988576
0.188819
1.0
0.0123401
0.188602
0.189204
0.239166
0.250394
1.0
0.0123334
0.369541
0.857133
0.40238
0.909135
1.0
0.0123225
0.425669
0.258589
0.765696
0.829891
1.0
0.0123199
0.79688
0.620881
0.835183
0.673542
1.0
0.0123175
0.210905
0.2111
0.262426
0.272283
1.0
0.0122896
0.0889807
0.582435
0.137367
0.650264
1.0
0.0122857
0.765261
0.00143247
0.809143
0.0508792
1.0
0.0122416
0.494913
0.959095
0.533144
0.999495
1.0
0.0122338
0.238897
0.597298
0.282112
0.659749
1.0
0.0122132
0.114531
0.256494
0.158856
0.314817
1.0
0.0121921
0.532286
0.379881
0.584014
0.449672
1.0
0.0121893
0.844398
0.653719
0.883094
0.709419
1.0
0.0121749
0.891459
0.489475
0.934009
0.548706
1.0
0.0121666
0.18737
0.688427
0.235314
0.753483
1.0
0.012166
0.670631
0.121911
0.762384
0.25769
1.0
0.0121558
0.864539
0.556993
0.904938
0.608237
1.0
0.012145
0.892952
0.523289
0.933737
0.581111
1.0
0.0121169
0.113281
0.342238
0.224264
0.480323
1.0
0.0120896
0.0644866
0.216329
0.109765
0.27595
1.0
0.0120731
0.0558658
0.0161666
0.109227
0.0747652
1.0
0.0120623
0.841554
0.0023183
0.88197
0.0458846
1.0
0.0120511
0.456232
0.470404
0.518754
0.554725
1.0
0.0120507
0.195153
0.823425
0.232201
0.879054
1.0
0.0120447
0.320313
0.853773
0.356414
0.909986
1.0
0.012037
0.428363
0.347232
0.494734
0.437416
1.0
0.012031
0.369398
0.718872
0.40939
0.77944
1.0
0.0120271
0.490507
0.789069
0.673619
1.01993
1.0
0.0120074
0.439486
0.510866
0.491469
0.585505
1.0
0.0120009
0.162669
0.793611
0.203985
0.850142
1.0
0.0119905
0.293177
0.8222
0.329891
0.877869
1.0
0.0119605
0.842665
0.888205
0.890068
0.956863
1.0
0.0119442
0.540688
0.690996
0.585305
0.743758
1.0
0.0119397
0.547714
0.55921
0.740676
0.850326
1.0
0.0119255
0.659563
0.28983
0.704386
0.350491
1.0
0.0119063
0.302639
-0.00669171
0.415138
0.0909396
1.0
0.0119029
0.62172
0.856246
0.65683
0.907017
1.0
0.0118979
0.624298
0.639878
0.712115
0.774409
1.0
0.0118866
0.770605
0.652899
0.806658
0.705907
1.0
0.0118767
0.665225
0.349344
0.710929
0.412289
1.0
0.0118584
0.259136
-0.0171205
0.498393
0.176395
1.0
0.0118443
0.559883
0.28958
0.614989
0.360753
1.0
0.0118358
0.342706
0.351151
0.389236
0.413071
1.0
0.0118227
0.411199
0.47207
0.465353
0.550666
1.0
0.0118089
0.43715
0.28793
0.490557
0.357196
1.0
0.0118062
0.0927481
0.688667
0.138568
0.749126
1.0
0.0117772
0.346758
0.855014
0.381289
0.907116
1.0
0.0117689
0.722584
0.220196
0.758792
0.270302
1.0
0.0117582
0.91545
0.689341
0.951809
0.749033
1.0
0.0117508
0.246004
0.559647
0.450751
0.84263
1.0
0.0117397
0.238006
0.312759
0.286175
0.376846
1.0
0.0117101
0.819462
0.488237
0.861324
0.542691
1.0
0.0117023
0.392838
0.721822
0.431309
0.777977
1.0
0.0116781
0.917201
0.619705
0.952527
0.680127
1.0
0.0116728
0.160309
0.155792
0.206632
0.213758
1.0
0.0116622
0.769194
0.090662
0.808011
0.146207
1.0
0.0116548
0.830539
0.541606
0.986421
0.870262
1.0
0.0116294
0.267201
0.381691
0.370062
0.517883
1.0
0.0116141
0.840963
0.619369
0.883405
0.680257
1.0
0.0115988
0.692486
0.256553
0.73269
0.312389
1.0
0.0115908
0.699563
0.858391
0.734356
0.912767
1.0
0.0115408
0.79482
0.454448
0.83478
0.507243
1.0
0.0115376
0.694058
0.954973
0.734582
1.0021
1.0
0.0115329
0.847998
0.720943
0.884145
0.772614
1.0
0.0115149
0.241151
0.347329
0.438788
0.627797
1.0
0.011504
0.790025
0.000994887
0.833455
0.0488761
1.0
0.0114933
0.911409
0.416872
0.959351
0.481087
1.0
0.0114726
0.889117
0.124999
0.934518
0.185234
1.0
0.0114506
0.372441
0.405745
0.483331
0.579681
1.0
0.0114382
0.414774
0.89656
0.505731
1.00475
1.0
0.0114254
0.318553
0.680418
0.361945
0.745241
1.0
0.0114038
0.86631
0.591276
0.90624
0.648273
1.0
0.0113856
0.865949
0.00226321
0.908025
0.0477139
1.0
0.0113711
0.837502
0.527808
0.877898
0.580846
1.0
0.0113705
0.635243
0.345031
0.683485
0.410399
1.0
0.0113705
0.745027
0.832703
0.783223
0.888097
1.0
0.0113116
0.595173
0.788379
0.631489
0.838218
1.0
0.0113114
0.722033
0.829322
0.758772
0.884251
1.0
0.0113063
0.862595
0.0902999
0.904767
0.150778
1.0
0.011296
0.118699
0.212183
0.16232
0.268683
1.0
0.0112515
0.718538
0.722442
0.754704
0.774729
1.0
0.0112495
0.508715
0.150854
0.617699
0.282256
1.0
0.0112192
0.294944
0.855447
0.330074
0.908881
1.0
0.0111753
0.50798
0.675286
0.598417
0.79034
1.0
0.0111707
0.138306
0.864689
0.176043
0.916898
1.0
0.0111652
0.299101
0.15023
0.415569
0.278986
1.0
0.0111605
0.840108
0.590804
0.880011
0.645032
1.0
0.0111569
0.158824
0.381659
0.26915
0.518054
1.0
0.0111271
0.713716
0.40666
0.81978
0.541437
1.0
0.011091
0.862796
0.454223
0.905402
0.511396
1.0
0.0110666
0.213606
0.350087
0.261903
0.409417
1.0
0.0110536
0.847177
0.691747
0.884414
0.744346
1.0
0.0110491
0.344018
0.386727
0.38734
0.445562
1.0
0.0110214
0.742485
0.385887
0.78736
0.444265
1.0
0.0110004
0.523441
0.79073
0.55687
0.837021
1.0
0.0109753
0.609377
0.11503
0.716024
0.257741
1.0
0.0109711
0.965782
0.0855338
0.999688
0.149459
1.0
0.0109684
0.209737
0.412956
0.318512
0.551478
1.0
0.0109558
0.592356
0.75084
0.633902
0.804627
1.0
0.0109411
0.773068
0.623016
0.809334
0.676159
1.0
0.0109257
0.704573
0.805869
0.786543
0.930405
1.0
0.0109253
0.419455
0.784516
0.508104
0.915264
1.0
0.0109179
0.313357
0.311909
0.362601
0.381277
1.0
0.0109063
0.0100553
0.546473
0.0594182
0.63046
1.0
0.0109013
0.863886
0.487835
0.906105
0.544409
1.0
0.0108985
0.849479
0.759107
0.885851
0.814268
1.0
0.0108936
0.20894
0.486604
0.311124
0.632941
1.0
0.0108864
0.712342
0.342788
0.763968
0.410127
1.0
0.0108806
0.61741
0.789678
0.655066
0.841686
1.0
0.0108717
0.638274
0.386103
0.683436
0.448207
1.0
0.0108717
0.693263
0.191006
0.729377
0.245157
1.0
0.0108608
0.26605
0.259257
0.312471
0.319045
1.0
0.0108543
0.796522
0.652994
0.832998
0.703918
1.0
0.0108519
0.394653
0.792251
0.428232
0.84096
1.0
0.0108517
0.46327
0.540323
0.520974
0.617916
1.0
0.0108435
0.76777
0.0562063
0.808405
0.112815
1.0
0.0108418
0.263323
0.213627
0.313011
0.27263
1.0
0.010839
0.141192
0.213845
0.188719
0.270209
1.0
0.0108368
0.768066
0.758765
0.802034
0.810218
1.0
0.0108114
0.513935
0.254747
0.561539
0.320082
1.0
0.0107976
0.741486
0.654325
0.779108
0.706556
1.0
0.0107849
0.563314
0.737289
0.667069
0.882171
1.0
0.0107701
0.116021
0.4911
0.222032
0.65424
1.0
0.0107384
0.609608
0.690513
0.655261
0.746145
1.0
0.0107358
0.0566044
0.407056
0.159169
0.563207
1.0
0.0106652
0.370549
0.888623
0.401801
0.936518
1.0
0.0106625
0.499344
0.744444
0.592878
0.880054
1.0
0.0106484
0.339683
0.649499
0.385078
0.717855
1.0
0.0106193
0.890028
0.453593
0.93477
0.513414
1.0
0.010612
0.642753
0.788079
0.682228
0.840142
1.0
0.0106047
0.743834
0.00318845
0.78337
0.0496713
1.0
0.0105801
0.635752
0.809098
0.731072
0.951437
1.0
0.0105684
0.716913
0.288576
0.764091
0.353171
1.0
0.0105684
0.217755
0.684867
0.260539
0.744119
1.0
0.0105631
0.694585
0.721185
0.778109
0.854479
1.0
0.0105579
0.773174
0.59244
0.807875
0.643417
1.0
0.0105555
0.264164
0.312704
0.312752
0.378315
1.0
0.0105267
0.571379
0.861745
0.604169
0.910348
1.0
0.0105195
0.522114
0.860909
0.554324
0.908794
1.0
0.0105036
0.694693
0.59143
0.732334
0.646506
1.0
0.0105008
0.841348
-0.00636712
0.924999
0.0923012
1.0
0.0104988
0.644024
0.853848
0.681986
0.906665
1.0
0.0104883
0.46926
0.929122
0.505805
0.980719
1.0
0.0104768
0.840974
0.0259108
0.88318
0.0827277
1.0
0.0104721
0.641342
0.757107
0.682254
0.811241
1.0
0.0104477
0.367202
0.184635
0.418742
0.242831
1.0
0.0104477
0.717698
0.255981
0.759276
0.312702
1.0
0.0104009
0.212429
0.284191
0.264225
0.351442
1.0
0.0103836
0.319061
0.518515
0.426678
0.671974
1.0
0.0103722
0.636729
0.681678
0.682839
0.741923
1.0
0.0103457
0.417143
0.723052
0.454815
0.778116
1.0
0.0103396
0.793224
0.0562649
0.835949
0.117452
1.0
0.0103221
0.558603
0.186308
0.669197
0.325006
1.0
0.0103128
0.717175
0.590265
0.755232
0.646031
1.0
0.010309
0.0920168
0.176349
0.141453
0.240604
1.0
0.0103085
0.577687
0.398067
0.684846
0.542013
1.0
0.0102686
0.0906848
0.216512
0.135354
0.275318
1.0
0.0102667
0.636709
0.261836
0.682124
0.322554
1.0
0.010262
0.696156
0.721802
0.731832
0.774264
1.0
0.0102597
0.393168
0.860539
0.425197
0.908812
1.0
0.0102204
0.381994
0.818919
0.568082
1.03452
1.0
0.0102051
0.561651
0.256665
0.610539
0.31809
1.0
0.0101892
0.697925
0.827372
0.732067
0.878679
1.0
0.0101849
0.65836
0.624622
0.70011
0.68702
1.0
0.0101849
0.0615117
0.683222
0.107797
0.74693
1.0
0.0101802
0.412594
0.544986
0.46294
0.61754
1.0
0.0101711
0.889213
0.00145628
0.931874
0.0485542
1.0
0.0101663
0.216921
0.559339
0.259414
0.619978
1.0
0.0101549
0.587881
0.657959
0.638049
0.718312
1.0
0.0101478
0.167321
0.89461
0.201861
0.94297
1.0
0.010147
0.564512
0.71571
0.610299
0.76767
1.0
0.0101339
0.164451
0.0932237
0.208826
0.148986
1.0
0.010122
0.344343
0.753846
0.383736
0.812609
1.0
0.010117
0.862752
0.0558313
0.905536
0.117651
1.0
0.0101109
0.747338
0.0556655
0.784256
0.112268
1.0
0.0100925
0.0847717
0.375212
0.137351
0.445411
1.0
0.0100594
0.662564
0.720733
0.701244
0.775723
1.0
0.0100553
0.0396554
0.215676
0.0844551
0.274844
1.0
0.0100508
0.718949
0.550086
0.810813
0.681643
1.0
0.0100369
0.694402
0.22234
0.731221
0.273153
1.0
0.0100281
0.0677672
0.151078
0.112629
0.211324
1.0
0.0100214
0.481223
0.504665
0.544958
0.596093
1.0
0.0100118
0.696373
0.686376
0.732769
0.739751
1.0
0.0100067
0.0627496
0.849197
0.108437
0.908456
