1.0
0.90797
0.306584
0.273126
0.493923
0.566417
1.0
0.0373896
-0.0105654
0.618989
0.318897
1.07447
1.0
0.0336022
0.797152
0.912009
0.856006
0.991078
1.0
0.0330051
0.80008
-0.0061626
0.966758
0.191832
1.0
0.0321951
-0.00244904
-0.00212031
0.0704768
0.157934
1.0
0.0311447
0.126538
-0.00505248
0.321702
0.158054
1.0
0.0298474
0.937277
0.947858
0.98644
1.00049
1.0
0.0290099
0.868764
0.922531
0.917338
0.989129
1.0
0.0275173
0.0467794
0.603732
0.170326
0.739325
1.0
0.0271741
0.728809
0.273334
0.856029
0.415538
1.0
0.0269856
0.428651
0.292145
0.534917
0.46383
1.0
0.0260911
0.852317
0.120315
0.901913
0.182172
1.0
0.025952
0.479197
0.342589
0.531247
0.4237
1.0
0.0253699
0.825357
0.903318
0.934738
1.00301
1.0
0.0247775
0.176638
0.357943
0.593902
0.946948
1.0
0.0247399
0.909724
0.948493
0.957797
0.999551
1.0
0.0244963
0.96415
0.149633
0.997058
0.205469
1.0
0.0236227
0.745627
0.77145
0.99392
1.01049
1.0
0.0227119
0.965437
0.0207378
0.999747
0.0832942
1.0
0.0226082
0.96181
0.920023
0.999343
0.987061
1.0
0.0225839
0.900317
0.880658
0.990106
0.996106
1.0
0.0225008
0.613311
0.172152
0.954105
0.693728
1.0
0.0223005
0.0862729
0.0199668
0.209942
0.149728
1.0
0.0222459
0.215808
0.95223
0.258025
0.997492
1.0
0.0219466
0.0478166
0.759853
0.158086
0.899713
1.0
0.0215239
0.00848966
0.917494
0.0589514
0.984254
1.0
0.0209468
0.0117724
0.630063
0.197107
0.8716
1.0
0.0206118
0.832764
0.262972
0.942919
0.382782
1.0
0.0205012
0.516459
0.954974
0.560697
0.998608
1.0
0.0203501
0.718443
0.111036
0.929127
0.357825
1.0
0.0203392
0.836184
0.949069
0.888047
1.00332
1.0
0.0200112
0.633089
0.8752
0.732041
0.990694
1.0
0.019975
-0.000143971
0.943643
0.037779
0.99547
1.0
0.0199711
0.967341
0.0884242
0.997618
0.148722
1.0
0.019908
0.766664
0.944328
0.818928
1.00027
1.0
0.0197062
0.91948
0.731795
0.998121
0.879306
1.0
0.0195057
0.172983
0.913488
0.259772
1.00475
1.0
0.019387
0.592235
0.247153
0.719332
0.394376
1.0
0.0193753
0.868342
0.891821
0.909174
0.949497
1.0
0.0193302
0.962392
0.849989
0.999573
0.91818
1.0
0.0193301
0.561841
0.920479
0.611149
0.981144
1.0
0.0190016
0.0898556
0.0140325
0.146492
0.095441
1.0
0.0187591
0.836871
0.00414261
0.885946
0.0522887
1.0
0.0186868
0.268959
0.95359
0.307651
0.995506
1.0
0.0186812
0.1614
-0.00388604
0.221574
0.0568147
1.0
0.0185352
0.716269
0.95409
0.758772
1.00105
1.0
0.0183668
0.205202
-0.00356326
0.268468
0.0610526
1.0
0.0181396
0.960368
0.778385
0.998097
0.848159
1.0
0.0179327
0.164583
0.954338
0.209408
1.00001
1.0
0.0178921
0.317884
0.953508
0.355483
0.9957
1.0
0.0178876
0.890136
0.892207
0.931237
0.951625
1.0
0.0178473
-0.0023422
0.693753
0.066354
0.801981
1.0
0.0177947
0.69317
0.885047
0.804577
1.00078
1.0
0.0177102
0.539058
0.952811
0.585933
0.999566
1.0
0.0176187
0.964625
0.814605
0.999875
0.882367
1.0
0.017427
0.0132989
0.788656
0.0587741
0.846363
1.0
0.0173177
0.889757
0.277087
0.993233
0.39835
1.0
0.0173102
0.662338
0.951243
0.708996
0.999884
1.0
0.0172319
0.966621
0.622621
0.999003
0.682498
1.0
0.0172034
0.96707
0.0562032
0.998172
0.116299
1.0
0.0171152
0.0128914
0.61656
0.0580237
0.682933
1.0
0.0171149
0.512941
0.881415
0.622304
0.993353
1.0
0.0170412
0.74359
0.950072
0.790761
1.00212
1.0
0.0170026
0.139629
0.953518
0.18375
0.999218
1.0
0.0169719
0.930977
0.816395
1.00304
0.945859
1.0
0.0169377
0.961644
0.285994
0.999925
0.345716
1.0
0.0169262
0.96619
0.219596
1.00147
0.277264
1.0
0.0169134
0.906578
0.195452
0.999496
0.31668
1.0
0.0166821
0.455052
0.225648
0.558006
0.386847
1.0
0.0166746
-0.00121236
0.625143
0.078083
0.740738
1.0
0.0166484
0.0098176
0.754056
0.0576468
0.817779
1.0
0.0164728
0.517651
0.200291
0.746972
0.475982
1.0
0.0160547
0.00149732
0.548661
0.0361122
0.613585
1.0
0.0160504
0.96416
0.181426
1.00063
0.243134
1.0
0.015985
0.914303
0.653656
0.955953
0.714373
1.0
0.0159825
0.467174
0.958289
0.508026
0.99932
1.0
0.0159641
0.213292
0.888478
0.308627
0.997944
1.0
0.01586
0.000804795
-0.00254794
0.0412268
0.066104
1.0
0.0157409
0.241018
0.953839
0.281809
0.997128
1.0
0.015695
0.966367
0.554838
0.998543
0.6131
1.0
0.0155953
-0.000533804
0.224171
0.0664795
0.34615
1.0
0.0155874
0.119406
0.914248
0.208828
1.0064
1.0
0.0155611
0.849153
0.0648554
1.00025
0.288613
1.0
0.0155351
0.29347
0.952883
0.332693
0.996856
1.0
0.015493
0.102532
0.744268
0.210427
0.884981
1.0
0.0154157
0.491073
0.95562
0.537524
1.00041
1.0
0.0152525
0.0649659
0.615169
0.124443
0.699475
1.0
0.0152418
0.0183202
0.861706
0.140269
0.996642
1.0
0.0152099
0.873843
0.653627
0.910018
0.706056
1.0
0.0151961
0.522126
0.851111
0.561682
0.900895
1.0
0.0151933
0.842077
0.88992
0.881776
0.945908
1.0
0.0151554
0.839801
0.284598
0.896624
0.3514
1.0
0.0151554
0.00222584
0.890962
0.038653
0.952771
1.0
0.0151453
0.910169
0.620137
0.99867
0.782973
1.0
0.0149474
0.96555
0.352869
1.00134
0.411972
1.0
0.0148966
0.869635
0.824465
0.906384
0.878045
1.0
0.0148335
0.761723
0.356357
1.00489
0.86891
1.0
0.0148158
0.000388637
0.650488
0.0371133
0.713067
1.0
0.0148119
0.0110246
0.555189
0.104789
0.688416
1.0
0.0147843
0.964501
0.317602
1.00114
0.379779
1.0
0.0147079
0.111739
0.607877
0.237356
0.752046
1.0
0.0146952
0.000654897
0.582918
0.0375004
0.647201
1.0
0.0146746
0.372688
0.228697
0.494266
0.393498
1.0
0.014661
0.938382
0.130379
1.0025
0.232115
1.0
0.0146483
0.868807
0.624843
0.905283
0.676134
1.0
0.0146446
0.194642
0.675256
0.313206
0.827624
1.0
0.014604
0.309524
0.380721
0.361491
0.454673
1.0
0.0145854
0.889199
0.00300956
0.933398
0.0489479
1.0
0.0145279
0.109823
-0.00136893
0.161003
0.0596148
1.0
0.0145221
0.871741
0.829709
0.965742
0.957321
1.0
0.0145154
0.227586
0.0132911
0.291577
0.0962693
1.0
0.0144989
0.84898
0.677671
0.942758
0.824556
1.0
0.0144917
0.871285
0.586685
0.908313
0.640066
1.0
0.01445
0.159631
0.0755803
0.219023
0.148346
1.0
0.0144237
0.965751
0.682211
0.999397
0.747288
1.0
0.0143514
0.131602
0.0155574
0.194468
0.0954209
1.0
0.0143388
0.114448
0.952505
0.159729
0.999022
1.0
0.0143116
0.266383
0.246442
0.385011
0.438055
1.0
0.0142707
0.488237
0.787424
0.52446
0.835176
1.0
0.0142667
0.823878
0.106276
0.920992
0.219575
1.0
0.0142217
0.653769
0.749574
0.749988
0.893027
1.0
0.0142157
0.179772
0.0384618
0.25176
0.127512
1.0
0.014195
0.27245
0.909236
0.355722
1.0026
1.0
0.0141725
0.966205
0.387007
1.00052
0.446705
1.0
0.0141132
0.120054
0.565652
0.353957
0.849092
1.0
0.014074
0.419934
0.957732
0.456304
0.997862
1.0
0.014041
0.47584
0.912507
0.568783
1.00602
1.0
0.0140162
0.854976
0.543393
0.939807
0.673622
1.0
0.014006
0.96531
0.721016
0.999643
0.786733
1.0
0.0140002
0.688766
0.952325
0.736284
1.00214
1.0
0.0139875
-0.000302939
0.685725
0.037752
0.748289
1.0
0.0139742
0.91657
0.856638
0.959673
0.916381
1.0
0.0139685
0.587569
0.95443
0.633903
1.0006
1.0
0.0139116
0.898473
0.349827
0.993692
0.480968
1.0
0.0138704
0.00414641
0.760435
0.0966974
0.887411
1.0
0.0138112
0.942231
-0.000194784
0.987906
0.0489589
1.0
0.0137454
0.00194849
0.37799
0.0371765
0.446746
1.0
0.0137265
0.967651
0.422187
1.00048
0.478418
1.0
0.0137077
0.857698
0.0266798
0.905032
0.0838713
1.0
0.0136849
0.112567
0.722613
0.162219
0.786604
1.0
0.0136393
0.615409
0.953831
0.660656
0.999602
1.0
0.0136078
0.587393
0.906237
0.683037
1.00424
1.0
0.0136074
0.911215
0.183576
0.958142
0.237958
1.0
0.013598
-0.00110363
0.524323
0.0628425
0.642479
1.0
0.0135896
0.277457
0.0375143
0.630133
0.495093
1.0
0.0134964
0.923384
0.777784
0.967201
0.840232
1.0
0.0134915
0.438448
0.316003
0.492579
0.391046
1.0
0.013479
0.875425
0.557228
0.912744
0.610069
1.0
0.0134484
0.767211
0.89096
0.815637
0.956641
1.0
0.0133681
0.0592049
0.229375
0.168707
0.37791
1.0
0.0133668
0.313153
0.416616
0.53495
0.729502
1.0
0.0133347
0.968188
0.453865
0.999927
0.512358
1.0
0.0133233
0.913973
0.0285318
0.994394
0.153761
1.0
0.0132265
0.387954
0.27987
0.442363
0.356732
1.0
0.0132096
0.555341
0.808612
0.758733
1.01538
1.0
0.0132025
0.00116824
0.818648
0.0374039
0.874844
1.0
0.0131519
0.369752
0.956742
0.405594
0.997091
1.0
0.0131211
0.255959
-0.000640957
0.309373
0.0562019
1.0
0.0130979
0.816957
0.754555
0.914703
0.886996
1.0
0.0130624
0.969628
0.490679
1.00031
0.547009
1.0
0.0130624
0.816159
0.826354
0.853327
0.877674
1.0
0.0130503
0.601574
0.622139
0.704006
0.756482
1.0
0.0130448
0.892673
0.863383
0.933799
0.919688
1.0
0.0129618
0.0100522
0.349949
0.0526159
0.416194
1.0
0.0129608
0.259055
0.119565
0.305701
0.178499
1.0
0.0128997
0.720678
0.751998
0.816427
0.883808
1.0
0.0128795
0.859708
0.346064
0.912838
0.411994
1.0
0.0128288
0.862103
0.263571
0.918001
0.328277
1.0
0.0128093
0.0625318
0.952431
0.110994
1.00084
1.0
0.0128066
0.640402
0.917705
0.69001
0.985905
1.0
0.0126865
0.0127161
0.856122
0.0587245
0.917624
1.0
0.0126699
0.415274
0.673022
0.515549
0.817752
1.0
0.0126576
0.105002
0.10253
0.22947
0.243107
1.0
0.0126002
0.801185
0.314112
0.855938
0.387767
1.0
0.0125915
0.400202
0.547739
0.516579
0.707015
1.0
0.0125772
0.968663
0.522718
0.99952
0.581765
1.0
0.0124689
0.870673
0.724596
0.906823
0.776312
1.0
0.0124677
0.207363
0.0527926
0.416174
0.305984
1.0
0.0124581
0.0856337
0.751365
0.138644
0.82201
1.0
0.0123592
0.442846
0.95817
0.483497
1.00004
1.0
0.0123418
0.614801
0.852189
0.656451
0.907895
1.0
0.0122782
0.0651689
0.818264
0.116824
0.880345
1.0
0.0122718
0.563915
0.857417
0.607063
0.91031
1.0
0.0122617
0.289751
-2.01426e-05
0.337952
0.0520676
1.0
0.0122249
0.77726
0.339201
0.841223
0.414542
1.0
0.0121972
0.765147
-0.000239823
0.876813
0.105482
1.0
0.0121555
0.934922
0.561872
1.0041
0.685676
1.0
0.0121282
0.61471
0.823265
0.655312
0.874091
1.0
0.0121025
0.212152
0.113999
0.266661
0.179104
1.0
0.0120722
0.912315
0.000893958
0.958409
0.0487421
1.0
0.0120646
0.061852
0.488304
0.168351
0.656863
1.0
0.0120508
0.544742
0.272177
0.657476
0.419144
1.0
0.0120454
0.467665
0.7526
0.557658
0.869696
1.0
0.0120321
0.940517
0.648912
0.98785
0.718173
1.0
0.0120271
0.133988
0.111919
0.336563
0.389583
1.0
0.011996
0.835556
0.0872987
0.894005
0.160758
1.0
0.0119899
0.321239
0.908697
0.40529
1.00408
1.0
0.0119659
0.639519
0.823335
0.680393
0.877722
1.0
0.0119606
0.914739
0.48907
0.995585
0.631177
1.0
0.011917
0.593255
0.82586
0.634195
0.8753
1.0
0.0118823
0.590954
0.85626
0.631795
0.907857
1.0
0.0118574
0.343457
0.955623
0.381658
0.998004
1.0
0.0118384
0.174953
0.0994246
0.298038
0.240482
1.0
0.0118299
0.869687
0.790504
0.906975
0.8442
1.0
0.0118281
0.915932
0.160832
0.956173
0.206242
1.0
0.0118197
0.136112
0.684138
0.246003
0.824496
1.0
0.0118003
0.817079
0.865315
0.857992
0.922966
1.0
0.0117896
0.863678
0.18151
0.909142
0.237825
1.0
0.0117799
0.893718
0.582816
0.932233
0.636806
1.0
0.0117636
0.76731
0.82161
0.80819
0.876552
1.0
0.0117529
0.0583104
0.665378
0.118232
0.745977
1.0
0.0117258
0.783
0.84924
0.880581
0.978032
1.0
0.0116992
0.064106
0.340339
0.164999
0.483329
1.0
0.0116933
0.51351
0.250715
0.560455
0.318422
1.0
0.011662
0.0124277
0.266239
0.107532
0.410826
1.0
0.0116295
0.36221
0.25267
0.415242
0.326215
1.0
0.0115939
0.683184
0.703428
0.880111
0.955148
1.0
0.0115931
0.246181
0.619633
0.375805
0.777714
1.0
0.0115908
0.489691
0.249996
0.535231
0.31568
1.0
0.0115882
0.00150425
0.320789
0.036765
0.385938
1.0
0.0115845
0.913225
0.1312
0.955109
0.180894
1.0
0.0115529
0.767909
0.791595
0.808629
0.845995
1.0
0.011546
0.0871123
0.110464
0.135218
0.175082
1.0
0.0115171
0.935914
0.258468
0.989281
0.321449
1.0
0.0115066
0.883664
0.125805
0.92939
0.179517
1.0
0.0114992
-0.014635
0.339728
0.12618
0.638953
1.0
0.0114799
0.935994
0.423316
1.00588
0.544808
1.0
0.0114637
0.8571
0.0633995
0.902246
0.120012
1.0
0.0114465
0.138628
0.115033
0.189925
0.179896
1.0
0.0113834
0.282776
0.00318081
0.39127
0.125714
1.0
0.0113603
0.455734
0.0835638
0.562762
0.218743
1.0
0.0113597
0.599398
0.785983
0.70727
0.920221
1.0
0.0113476
0.920221
0.818151
0.96109
0.879944
1.0
0.0113416
0.00681382
0.101972
0.054042
0.179172
1.0
0.0113111
0.894226
0.628375
0.932731
0.68379
1.0
0.0113008
0.894674
0.825211
0.931411
0.880096
1.0
0.0112926
0.916133
0.583343
0.955056
0.637939
1.0
0.0112622
0.00160474
0.488284
0.0330144
0.549558
1.0
0.0112518
0.513547
0.394198
0.931386
0.977874
1.0
0.0112111
0.815474
0.33393
0.918958
0.463753
1.0
0.0112064
0.641405
0.853056
0.68458
0.912294
1.0
0.0111621
0.0607308
0.713757
0.114557
0.781116
1.0
0.0111576
0.823813
0.612116
0.916541
0.744985
1.0
0.0111316
0.410236
0.257105
0.4625
0.329712
1.0
0.0111113
0.765541
0.85853
0.811945
0.919735
1.0
0.011087
0.786076
0.00145733
0.841196
0.0549492
1.0
0.0110381
0.664952
0.854558
0.710076
0.916415
1.0
0.0110265
0.0825497
0.788177
0.132739
0.854641
1.0
0.0110254
0.372622
0.913229
0.456412
1.00763
1.0
0.0110189
0.79226
0.793682
0.830662
0.846222
1.0
0.0110114
0.00190134
0.452024
0.0331637
0.512784
1.0
0.0109792
0.143211
0.338131
0.3402
0.652125
1.0
0.0109262
0.870192
0.757965
0.90654
0.810626
1.0
0.0109234
0.840707
0.222817
0.885744
0.279
1.0
0.0109054
0.762689
0.7168
0.860857
0.858584
1.0
0.0109013
0.313617
0.0164248
0.365539
0.0825019
1.0
0.010896
0.793528
0.823217
0.83327
0.877307
1.0
0.0108663
0.460864
0.151326
0.567436
0.298956
1.0
0.0108583
0.808458
0.258068
0.86262
0.323281
1.0
0.0108566
0.564837
0.888148
0.607886
0.944898
1.0
0.0108539
-0.00316011
0.136472
0.0639863
0.276705
1.0
0.0108484
0.903379
0.310961
0.957216
0.378074
1.0
0.0108415
0.538997
0.831301
0.580107
0.879926
1.0
0.0108385
0.919216
0.724352
0.96054
0.785142
1.0
0.0108311
0.36962
0.923427
0.407271
0.97901
1.0
0.0108276
0.0443913
0.341232
0.239665
0.693371
1.0
0.0108247
0.0881474
0.922085
0.137962
0.986751
1.0
0.0108194
0.559291
0.468718
0.664302
0.620385
1.0
0.0108
0.390236
0.65382
0.433725
0.711732
1.0
0.010799
0.664035
0.30275
0.791148
0.440787
1.0
0.0107728
0.461729
0.287962
0.510628
0.364045
1.0
0.0107726
0.358562
0.600735
0.472961
0.743584
1.0
0.0107652
0.167055
0.733346
0.275965
0.883014
1.0
0.010745
0.424728
0.916075
0.511586
1.00817
1.0
0.0107384
0.105464
0.667783
0.163122
0.746383
1.0
0.0107283
0.849483
0.625637
0.88434
0.674279
1.0
0.0107236
0.601655
0.326135
0.719613
0.478112
1.0
0.0107059
0.214108
0.714605
0.263843
0.783203
1.0
0.0106869
0.552759
0.66882
0.66521
0.820506
1.0
0.0106576
0.395571
0.957145
0.433742
0.998975
1.0
0.0106555
0.516455
0.153241
0.559694
0.208248
1.0
0.0106523
0.50623
0.321692
0.551122
0.393672
1.0
0.0106353
0.864809
0.387879
0.91078
0.448008
1.0
0.0106193
0.631382
0.30544
0.686344
0.381329
1.0
0.0106072
0.335736
0.316601
0.390119
0.390953
1.0
0.0105657
0.492742
0.816472
0.597985
0.944865
1.0
0.010441
-9.01911e-05
0.281041
0.0370463
0.346649
1.0
0.0104295
0.91042
0.220644
0.960442
0.278402
1.0
0.0104216
0.56532
0.313182
0.613372
0.385444
1.0
0.0104152
0.106866
0.0708112
0.16431
0.148506
1.0
0.0103915
0.867826
0.486433
0.90788
0.541731
1.0
0.0103699
0.866174
0.39816
0.964036
0.542174
1.0
0.0103583
0.864898
0.223244
0.911747
0.279787
1.0
0.0103518
0.462591
0.39669
0.673223
0.69353
1.0
0.0103505
0.468465
0.926008
0.510382
0.980055
1.0
0.0103489
0.87325
0.686346
0.909276
0.739862
1.0
0.0103206
0.10735
0.820158
0.154922
0.879827
1.0
0.0103204
0.559138
0.567416
0.663073
0.706653
1.0
0.010316
0.43987
0.376746
0.49214
0.45164
1.0
0.0103019
0.736732
0.00167322
0.788944
0.0519895
1.0
0.0102336
0.7564
0.542149
0.85042
0.6923
1.0
0.0102009
0.846169
0.827397
0.883466
0.880745
1.0
0.01018
-0.00555347
0.410468
0.0542377
0.538547
1.0
0.010134
0.636686
0.648274
0.688481
0.71672
1.0
0.0101308
0.913823
0.450834
0.953996
0.506042
1.0
0.0101077
0.866762
0.451308
0.908384
0.511054
1.0
0.0100998
0.0603918
0.809066
0.253199
1.0269
1.0
0.0100879
0.690498
0.857173
0.733689
0.916584
1.0
0.0100695
0.793986
0.722168
0.830961
0.773402
1.0
0.0100693
0.663487
0.823454
0.705893
0.880214
1.0
0.010058
0.788937
0.119331
0.840142
0.181224
1.0
0.0100507
0.0424607
-0.0182484
0.138606
0.117431
1.0
0.010025
0.3069
0.194187
0.429979
0.364294
1.0
0.0100189
0.0664435
0.556581
0.10986
0.619289
1.0
0.0100072
0.888474
-0.00960465
0.977047
0.0872452
1.0
0.010005
0.512591
0.751388
0.619051
0.881978
