1.0
0.213365
0.4085
0.391285
0.590413
0.615043
1.0
0.0806171
0.812759
0.142278
0.863936
0.219091
1.0
0.0460019
0.308029
0.404368
0.704943
0.871435
1.0
0.0434901
-0.00466737
0.753261
0.248921
1.0079
1.0
0.0407788
0.426875
0.31435
0.567298
0.480537
1.0
0.0386016
0.933531
0.909103
0.997524
0.997231
1.0
0.0378545
0.263034
0.783328
0.301053
0.847027
1.0
0.0358979
0.157646
0.58869
0.268096
0.711355
1.0
0.0327413
0.0891054
0.55686
0.284149
0.822763
1.0
0.0323349
0.739693
0.102024
0.914376
0.318521
1.0
0.0318237
0.00181219
0.00842431
0.083122
0.130381
1.0
0.0303983
0.236341
0.778619
0.306663
0.908462
1.0
0.0300671
0.763127
0.257732
0.879858
0.395752
1.0
0.0297129
0.857993
0.31951
0.909234
0.379016
1.0
0.0289982
0.135933
0.0163077
0.19208
0.0780856
1.0
0.0275607
0.364891
0.30291
0.49249
0.443413
1.0
0.0274249
0.0120258
0.878041
0.112241
0.987708
1.0
0.0272968
0.815915
0.212913
0.861877
0.269557
1.0
0.0272834
0.194193
0.109425
0.302157
0.239469
1.0
0.0268187
0.880677
0.843974
0.993999
1.0014
1.0
0.0266366
0.0362247
0.814059
0.0967839
0.879019
1.0
0.0262026
0.808384
0.315678
0.866545
0.382749
1.0
0.0261101
0.0144968
0.28657
0.111266
0.420705
1.0
0.0260925
0.710646
0.282205
0.826372
0.412487
1.0
0.0260808
0.488801
0.363366
0.604477
0.509222
1.0
0.0256279
0.0126257
0.807053
0.133141
0.935786
1.0
0.02542
0.0992326
0.112902
0.21389
0.246244
1.0
0.0253415
0.0836757
0.27946
0.187873
0.413441
1.0
0.0244176
0.413092
0.451611
0.466407
0.521879
1.0
0.0242599
-0.000615623
0.954216
0.0353604
0.999085
1.0
0.0242328
0.566891
0.283386
0.679217
0.413539
1.0
0.0240642
0.187079
0.0210661
0.23706
0.078201
1.0
0.0240577
0.959756
0.712232
0.998558
0.793504
1.0
0.0240477
0.00435827
0.570561
0.0774561
0.719041
1.0
0.0237628
0.432019
0.345181
0.492066
0.420368
1.0
0.0237575
0.792006
0.217989
0.83735
0.272134
1.0
0.0236936
0.305948
0.288515
0.41819
0.408566
1.0
0.0235549
0.845062
0.902143
0.932065
1.00304
1.0
0.0234927
0.0013839
0.10754
0.0386014
0.182676
1.0
0.0232957
0.458276
0.44936
0.5205
0.527925
1.0
0.0230673
0.494536
0.286926
0.618808
0.424839
1.0
0.0230313
0.962005
0.487187
0.999594
0.560555
1.0
0.022921
0.457597
0.317235
0.518172
0.389833
1.0
0.0229117
0.252401
0.814287
0.287193
0.874555
1.0
0.0227421
0.936332
0.81021
1.00379
0.953036
1.0
0.0225898
0.190972
0.922408
0.229683
0.978164
1.0
0.0225691
0.86552
0.945873
0.912192
0.999434
1.0
0.0224811
0.377796
0.693501
0.800341
1.00669
1.0
0.0224672
0.0615698
0.217511
0.163015
0.354852
1.0
0.0224518
0.79168
0.349385
0.840343
0.407929
1.0
0.0222393
0.767852
0.187663
0.811588
0.248732
1.0
0.0222102
0.250456
0.759726
0.290363
0.82173
1.0
0.0221749
0.422079
0.551824
0.546646
0.712958
1.0
0.0221155
0.452448
0.227357
0.565633
0.361575
1.0
0.022086
0.859423
0.351741
0.90695
0.407469
1.0
0.0220615
0.934205
0.316949
0.984532
0.376529
1.0
0.0218577
0.05107
0.0322376
0.167581
0.149799
1.0
0.0217495
0.118769
0.217667
0.224629
0.351819
1.0
0.021714
0.963681
0.645117
1.00016
0.723474
1.0
0.0217004
0.00495692
0.214317
0.0842814
0.353179
1.0
0.0214763
0.437774
0.477925
0.497349
0.558635
1.0
0.0214173
0.0139981
0.184415
0.0511456
0.243064
1.0
0.0213128
0.504776
0.348754
0.559988
0.417575
1.0
0.0212728
0.263171
0.851146
0.298752
0.909963
1.0
0.0211694
0.00170902
0.639118
0.0418363
0.718645
1.0
0.0210114
0.129142
0.022964
0.23811
0.130799
1.0
0.0210067
0.93558
0.166595
1.00355
0.274752
1.0
0.0210057
0.961344
0.775192
1.00013
0.856549
1.0
0.0209158
0.814149
0.253681
0.862327
0.310702
1.0
0.0208687
0.862034
0.18954
0.90769
0.243192
1.0
0.0208376
0.82913
0.178144
0.878634
0.239991
1.0
0.0208278
0.915468
0.292083
0.964407
0.344659
1.0
0.020809
0.0161306
0.88886
0.0672915
0.951308
1.0
0.0207465
0.933697
0.695795
1.00206
0.872876
1.0
0.0207092
0.658587
0.413616
0.981948
0.951834
1.0
0.0206502
0.886969
0.319198
0.936666
0.374413
1.0
0.020626
0.141129
0.952857
0.180467
0.99517
1.0
0.0206214
0.931637
0.233569
1.00251
0.337061
1.0
0.0206033
0.960434
0.286911
0.998933
0.344237
1.0
0.0205182
0.368043
0.574147
0.481752
0.726658
1.0
0.0204812
0.115554
0.724145
0.162648
0.781731
1.0
0.0204637
0.783248
0.33044
0.892325
0.460185
1.0
0.0203521
0.251511
0.114588
0.37978
0.248486
1.0
0.0201973
0.534469
0.41382
0.58954
0.484439
1.0
0.0201702
0.00760873
0.671501
0.1093
0.821736
1.0
0.020169
0.379205
0.366896
0.508632
0.533413
1.0
0.0201281
0.963537
0.186592
0.999221
0.246124
1.0
0.0199705
0.944984
0.607573
1.00623
0.774358
1.0
0.0199617
0.727759
0.1464
0.826707
0.277607
1.0
0.019912
0.735365
0.871752
0.82883
0.993339
1.0
0.0198804
0.791557
0.290173
0.840815
0.35122
1.0
0.0198409
0.734097
0.314711
0.785899
0.381562
1.0
0.0198365
0.794503
0.175908
0.8458
0.245199
1.0
0.019823
0.791365
0.257485
0.835706
0.311411
1.0
0.0197453
0.503638
0.446494
0.562938
0.524991
1.0
0.0196932
0.96304
0.538737
1.0007
0.618551
1.0
0.0196568
0.620958
0.265307
0.735409
0.403894
1.0
0.0196399
0.962301
0.218304
0.999748
0.278969
1.0
0.0196206
0.165985
0.24487
0.276319
0.386093
1.0
0.0196133
0.964259
0.154422
0.999063
0.21404
1.0
0.0195808
0.559412
0.580972
0.675681
0.738989
1.0
0.0194713
0.436488
0.417287
0.495718
0.491318
1.0
0.0194318
0.237997
0.276112
0.35735
0.409372
1.0
0.0194221
0.716016
0.90642
0.764716
0.978713
1.0
0.0193958
0.0594366
0.912503
0.11343
0.975012
1.0
0.0192969
0.00208317
0.922891
0.0396392
0.979951
1.0
0.0192443
0.766658
0.955478
0.806719
1.00204
1.0
0.0191481
0.19283
0.725867
0.280428
0.865515
1.0
0.0191396
0.888539
0.227429
0.933073
0.277121
1.0
0.0191232
0.841641
0.386254
0.887308
0.441637
1.0
0.0190696
0.159192
0.77636
0.249932
0.924205
1.0
0.018921
0.792488
0.385371
0.835606
0.437885
1.0
0.0188391
0.101412
0.61127
0.205351
0.743329
1.0
0.0188135
0.136248
0.692725
0.235778
0.831974
1.0
0.0187956
0.165049
0.72316
0.212707
0.7817
1.0
0.0187412
0.00265453
0.820213
0.0426052
0.876623
1.0
0.0187291
0.96265
0.349211
0.999744
0.409438
1.0
0.0187277
0.762866
0.317226
0.812214
0.381544
1.0
0.0186735
0.0832932
0.815227
0.130732
0.870316
1.0
0.0186699
0.215703
0.75378
0.256616
0.814479
1.0
0.0186137
0.407546
0.3755
0.470238
0.454442
1.0
0.0185935
0.820647
0.289945
0.926197
0.401418
1.0
0.01858
0.163656
0.189331
0.213899
0.254158
1.0
0.0185436
0.266557
0.956631
0.305552
0.999273
1.0
0.0185137
0.000784924
0.887949
0.0381756
0.943312
1.0
0.0184836
0.456787
0.378709
0.517822
0.456215
1.0
0.0184598
0.81587
0.950449
0.860518
1.00051
1.0
0.0184191
0.512266
0.229414
0.728992
0.496689
1.0
0.0183668
0.314155
0.313521
0.369108
0.383001
1.0
0.0183601
0.245269
0.730735
0.284158
0.786422
1.0
0.0182604
0.166129
0.951355
0.207719
0.995133
1.0
0.0182062
0.241878
0.955394
0.281634
0.99898
1.0
0.0181939
0.2861
0.746438
0.378677
0.895323
1.0
0.0181898
0.042844
0.119931
0.14616
0.274076
1.0
0.0181037
-0.0005114
0.77605
0.0796143
0.876555
1.0
0.0180945
0.218511
0.919699
0.254753
0.974322
1.0
0.0180705
0.0842473
0.739999
0.188236
0.867876
1.0
0.0180627
0.358319
0.236131
0.470352
0.362342
1.0
0.0180626
0.934092
0.0985738
1.00139
0.210705
1.0
0.0180372
0.0117058
0.00389382
0.0634894
0.0628657
1.0
0.0180177
0.583536
0.345128
0.694282
0.487397
1.0
0.0180005
0.164493
0.170836
0.272063
0.307332
1.0
0.017985
0.228948
0.61464
0.281211
0.689869
1.0
0.0179689
0.168007
0.882096
0.250675
0.994451
1.0
0.0179327
0.113614
0.753904
0.16201
0.814318
1.0
0.0178473
0.933862
0.483934
1.00016
0.636156
1.0
0.017814
0.223104
0.862006
0.256076
0.916577
1.0
0.0177384
0.00519934
0.127196
0.0797961
0.264959
1.0
0.0177094
0.0635616
0.648155
0.166384
0.783296
1.0
0.0177064
0.656054
0.33266
0.77369
0.474283
1.0
0.0176974
0.211007
0.00372035
0.258013
0.053521
1.0
0.0176822
0.692604
0.22616
0.794856
0.35626
1.0
0.0176108
0.66627
0.955594
0.707516
1.00028
1.0
0.0175696
0.356692
0.312755
0.412228
0.383106
1.0
0.0175664
0.887512
0.882644
0.931557
0.950498
1.0
0.0175577
0.823567
0.582754
0.90533
0.713372
1.0
0.0175471
0.21723
0.953862
0.255251
0.997811
1.0
0.0174712
0.74236
0.222329
0.783927
0.273196
1.0
0.017373
0.961264
0.88036
1.0004
0.953004
1.0
0.0173717
0.906726
0.321038
0.994177
0.440506
1.0
0.0173168
0.261079
-0.000197086
0.315567
0.0542481
1.0
0.0172862
0.430397
0.132477
0.543496
0.266524
1.0
0.0172788
0.221434
0.821247
0.255313
0.875721
1.0
0.0172658
0.412022
0.320732
0.469352
0.393487
1.0
0.0172319
0.00525569
0.0701439
0.054588
0.151744
1.0
0.0172163
0.318433
0.952606
0.35859
0.998136
1.0
0.0172034
0.564187
0.317055
0.617519
0.384589
1.0
0.0172002
0.137054
0.685458
0.188849
0.748139
1.0
0.0171644
0.76252
0.913907
0.805997
0.980725
1.0
0.0170914
0.243606
0.884
0.276179
0.935505
1.0
0.0170069
0.113621
0.819245
0.156879
0.873241
1.0
0.0169309
0.0847702
0.0990024
0.287194
0.358102
1.0
0.0169134
0.779079
0.904956
0.870033
1.00627
1.0
0.0168994
0.0120461
0.286451
0.0575606
0.356751
1.0
0.0168764
0.966964
0.418561
1.00118
0.481486
1.0
0.0168721
0.000628091
0.212657
0.0343259
0.273985
1.0
0.016869
0.0010114
0.855813
0.0376974
0.910297
1.0
0.0168535
0.367878
0.952635
0.408079
0.996932
1.0
0.016773
0.740245
0.951917
0.785422
1.00257
1.0
0.0167532
0.417925
0.509596
0.46916
0.582977
1.0
0.0166973
0.171391
0.714058
0.536296
1.01438
1.0
0.0166409
0.716286
0.949827
0.759568
1.0007
1.0
0.0166208
0.112007
0.315359
0.160773
0.38361
1.0
0.0166179
0.0120968
0.487452
0.10635
0.661956
1.0
0.0165433
0.000620039
0.318879
0.0378353
0.387811
1.0
0.0165344
0.869608
0.857732
0.910238
0.92176
1.0
0.0165128
0.0548342
0.338187
0.157126
0.471468
1.0
0.0164491
0.794341
0.953554
0.836392
1.00238
1.0
0.0164384
0.869673
0.818965
0.906401
0.874034
1.0
0.0163888
0.113439
0.174054
0.1617
0.24278
1.0
0.0163563
0.258722
0.697489
0.344731
0.837392
1.0
0.0163272
0.136945
0.642117
0.191877
0.711852
1.0
0.0163121
0.163742
0.754354
0.210605
0.815113
1.0
0.0163121
0.0633838
0.950975
0.111807
0.998431
1.0
0.0163117
0.000431607
0.753954
0.0360966
0.812687
1.0
0.0162967
0.089148
0.905594
0.176682
1.00605
1.0
0.0162457
0.011004
0.146938
0.0502566
0.211512
1.0
0.0162445
0.509522
0.388973
0.565199
0.459951
1.0
0.0162089
0.818511
0.82214
0.855477
0.874278
1.0
0.0162061
0.218839
0.179218
0.433705
0.448706
1.0
0.0161981
0.743168
0.858706
0.783767
0.916068
1.0
0.0161857
0.266768
0.732206
0.306201
0.793377
1.0
0.0161607
0.236246
0.021143
0.288351
0.0811501
1.0
0.0161563
0.221735
0.789124
0.259227
0.848387
1.0
0.0161462
0.822444
0.829313
0.91218
0.95899
1.0
0.0161175
0.436024
0.575871
0.492057
0.653474
1.0
0.0160693
0.0855195
0.0190361
0.140659
0.0802269
1.0
0.0160367
0.541293
0.408003
0.657299
0.5582
1.0
0.0160104
0.309869
0.181949
0.363819
0.245447
1.0
0.0159343
0.109502
0.123539
0.162088
0.193252
1.0
0.0158067
0.32173
0.427859
0.52344
0.695383
1.0
0.0157879
0.916531
0.948479
0.963633
1.0012
1.0
0.0157816
0.171659
0.63342
0.352559
0.919172
1.0
0.0157553
0.188341
0.0333464
0.298511
0.15548
1.0
0.0157546
0.213059
0.0539093
0.261123
0.110441
1.0
0.0157375
0.875246
0.673341
0.957326
0.831991
1.0
0.015695
0.316743
0.821902
0.354578
0.879915
1.0
0.0156852
0.416609
0.093483
0.625679
0.36458
1.0
0.0156524
0.91645
0.880729
0.957956
0.945834
1.0
0.0156455
0.0011722
0.253431
0.0337789
0.314043
1.0
0.0156272
0.0186311
0.0673332
0.113153
0.209749
1.0
0.0155603
0.458827
0.536983
0.526341
0.621892
1.0
0.0155243
0.766563
0.751687
0.99853
1.01053
1.0
0.0155
0.639496
0.874554
0.738595
0.993575
1.0
0.015483
0.23949
0.920013
0.278028
0.9765
1.0
0.0154617
0.911153
0.222883
0.96201
0.279355
1.0
0.0154617
0.61446
0.95005
0.656573
0.995521
1.0
0.0154549
0.74003
0.256567
0.784625
0.312565
1.0
0.0154262
0.484175
0.4208
0.544521
0.495685
1.0
0.0154045
0.814897
0.0559969
0.858866
0.117617
1.0
0.0153452
0.0633212
0.725916
0.11113
0.785641
1.0
0.0153077
0.497353
0.469632
0.621706
0.631305
1.0
0.0152972
0.243194
0.681594
0.285139
0.742747
1.0
0.0152875
0.888327
0.25532
0.935534
0.308711
1.0
0.0152722
0.315408
0.787113
0.353456
0.847504
1.0
0.0151899
0.538322
0.224262
0.651736
0.356256
1.0
0.0151866
0.112404
0.344022
0.216584
0.476372
1.0
0.015165
0.0791246
0.378987
0.497779
0.913418
1.0
0.0151273
0.766473
0.256376
0.810388
0.31081
1.0
0.0151178
0.853915
0.345439
0.96011
0.476898
1.0
0.015108
0.285114
0.782454
0.324935
0.844366
1.0
0.0151003
0.828876
0.182987
0.922798
0.299174
1.0
0.0150964
0.120946
0.862686
0.157839
0.913925
1.0
0.015053
0.00901846
0.339552
0.0609014
0.416446
1.0
0.0150321
0.386195
0.288991
0.439255
0.35232
1.0
0.0150114
0.242663
0.00175425
0.35683
0.117968
1.0
0.0149742
0.196652
0.895845
0.231911
0.948119
1.0
0.0149714
0.888272
0.194524
0.931519
0.244515
1.0
0.014926
0.922383
0.714011
0.96243
0.781266
1.0
0.0149165
0.937866
-0.00445976
1.00069
0.0799559
1.0
0.0147789
0.482223
0.567096
0.545024
0.644511
1.0
0.0147217
0.770827
0.148743
0.814902
0.213791
1.0
0.014698
0.221786
0.880761
0.305491
0.992097
1.0
0.0146945
0.1943
0.820945
0.234237
0.880703
1.0
0.0146816
0.511655
0.288352
0.562317
0.352767
1.0
0.0146645
0.0881026
0.282859
0.137729
0.348017
1.0
0.0145941
0.872275
0.718852
0.908944
0.776306
1.0
0.014562
0.416192
0.548932
0.466722
0.618572
1.0
0.0145485
0.0624386
0.54974
0.17208
0.692465
1.0
0.0145485
0.327851
0.673998
0.428395
0.825299
1.0
0.0145213
0.16094
0.0485745
0.210349
0.105106
1.0
0.0145055
0.634958
0.288496
0.686235
0.354434
1.0
0.0144894
0.822643
0.616151
0.862782
0.670944
1.0
0.0144818
0.914214
0.193713
0.958826
0.245915
1.0
0.0144497
0.363904
0.146455
0.473498
0.26673
1.0
0.0144266
0.0858172
0.348054
0.137574
0.415875
1.0
0.0144114
0.567557
0.0743176
0.785024
0.359538
1.0
0.0143867
0.157773
0.00658896
0.210151
0.0570361
1.0
0.0143703
0.918305
0.781828
0.960499
0.852289
1.0
0.0143453
0.721549
0.223683
0.758534
0.271391
1.0
0.0143377
0.864074
0.579976
0.951294
0.735273
1.0
0.0143253
0.388928
0.348735
0.448607
0.422213
1.0
0.0142987
0.114104
0.00344023
0.168051
0.0547963
1.0
0.0142897
0.859964
0.233768
0.967312
0.34396
1.0
0.0142831
0.436267
0.2896
0.49038
0.357051
1.0
0.0142825
0.368056
0.187188
0.416413
0.243172
1.0
0.0142798
0.0891012
0.758244
0.135446
0.815734
1.0
0.0142219
0.872442
0.756004
0.908837
0.815132
1.0
0.0141765
0.251281
0.611686
0.353003
0.752434
1.0
0.0141628
0.662928
0.189717
0.755918
0.307946
1.0
0.0141532
0.258796
0.182685
0.310896
0.243772
1.0
0.0141114
0.920233
0.650183
0.957517
0.715994
1.0
0.0140538
0.32107
0.378976
0.431527
0.514041
1.0
0.0140421
0.857872
0.152394
0.903801
0.211471
1.0
0.0140385
0.0905963
0.954562
0.136149
0.999951
1.0
0.0139996
0.308372
-0.000931408
0.365877
0.0548119
1.0
0.0139813
0.828525
0.676165
0.91106
0.820429
1.0
0.0139786
0.744834
0.125417
0.782639
0.180516
1.0
0.0139748
0.295138
0.956004
0.334293
0.999964
1.0
0.0139559
0.812168
0.419825
0.907432
0.547279
1.0
0.0139405
0.193622
0.786648
0.234909
0.847907
1.0
0.0139272
0.285505
0.0157974
0.342518
0.0819402
1.0
0.0139209
0.886101
0.35116
0.93561
0.407833
1.0
0.0139026
0.141061
0.588163
0.19883
0.661947
1.0
0.0138753
0.635562
0.0583085
0.958555
0.466105
1.0
0.0138741
0.942598
0.45836
0.986987
0.525236
1.0
0.0138446
0.26426
0.314368
0.316265
0.381195
1.0
0.0138141
0.814591
0.0961701
0.858773
0.156772
1.0
0.0138131
0.612739
0.715414
0.659186
0.777533
1.0
0.0138068
0.21021
0.636075
0.304092
0.781123
1.0
0.0137759
0.22419
0.165599
0.348194
0.314024
1.0
0.0137704
0.000322377
0.716452
0.0366912
0.779734
1.0
0.0137567
0.0645659
0.111861
0.113606
0.184392
1.0
0.0137485
0.69088
0.318057
0.739728
0.384938
1.0
0.0137442
0.816742
0.852835
0.856934
0.912805
1.0
0.0137261
0.334036
0.292058
0.390852
0.361084
1.0
0.0137229
0.892562
0.821454
0.929828
0.879284
1.0
0.0137202
0.816839
0.887263
0.859192
0.951132
1.0
0.0136929
0.2691
-0.0157813
0.49582
0.167821
1.0
0.0136545
0.839662
0.418187
0.885314
0.475478
1.0
0.0136259
0.55666
0.388654
0.606766
0.45426
1.0
0.0135838
0.0896374
0.649797
0.138534
0.714279
1.0
0.0135528
0.0605946
0.759018
0.109567
0.818898
1.0
0.0135339
0.850347
0.752374
0.926404
0.893694
1.0
0.013522
0.417976
0.953783
0.457466
0.996494
1.0
0.0135056
0.314168
0.258351
0.363777
0.317376
1.0
0.0134817
0.476275
0.591648
0.59864
0.747349
1.0
0.0134665
0.263256
0.336623
0.374376
0.461689
1.0
0.0134512
0.103014
0.811808
0.200036
0.947004
1.0
0.0134412
0.800873
0.0737999
0.896091
0.219163
1.0
0.013426
0.303092
0.185387
0.413193
0.311218
1.0
0.013423
0.36566
0.640816
0.41932
0.718611
1.0
0.0133772
0.0619554
0.314516
0.111903
0.38776
1.0
0.0133712
0.0637293
0.179394
0.108865
0.245931
1.0
0.0133511
0.139381
0.797118
0.181926
0.855774
1.0
0.0133499
0.120997
0.923905
0.160641
0.977921
1.0
0.0133389
0.0874802
0.581602
0.13618
0.648624
1.0
0.0133074
0.767893
0.385887
0.81048
0.439776
1.0
0.0132903
0.663933
0.349472
0.713505
0.415295
1.0
0.0132842
0.211587
0.0905606
0.264134
0.157168
1.0
0.0132802
0.912881
0.256685
0.966568
0.316483
1.0
0.0132566
0.538707
0.353701
0.589737
0.419913
1.0
0.0132325
0.342991
0.953612
0.385553
0.998799
1.0
0.0132216
0.610794
0.283002
0.835053
0.562775
1.0
0.0131665
0.291062
0.819998
0.32819
0.87697
1.0
0.0131545
0.336018
0.343755
0.387169
0.407966
1.0
0.0131509
0.370928
0.912808
0.453958
1.00459
1.0
0.013148
0.162272
0.117822
0.212669
0.1834
1.0
0.0131002
0.254493
0.115099
0.313574
0.185734
1.0
0.0130711
0.275259
0.881432
0.367947
0.999846
1.0
0.0130437
0.366111
0.383791
0.415563
0.44721
1.0
0.0129844
0.721551
0.192875
0.758664
0.246364
1.0
0.0129637
0.323116
0.909093
0.40771
1.00442
1.0
0.0129461
0.113618
0.2567
0.159624
0.319291
1.0
0.0128756
0.6067
0.581822
0.666229
0.662651
1.0
0.012844
0.795923
0.760852
0.877479
0.887325
1.0
0.0128385
0.409212
0.608139
0.466602
0.690399
1.0
0.0128358
0.691603
0.256479
0.733142
0.3115
1.0
0.0128358
0.0359415
0.721691
0.085722
0.782916
1.0
0.0128235
0.693105
0.95303
0.734912
1.00178
1.0
0.0128095
0.0407692
0.184315
0.0811547
0.244221
1.0
0.0127685
0.312421
0.752833
0.355252
0.815459
1.0
0.0127618
0.612825
0.38643
0.663923
0.452151
1.0
0.0127506
0.601238
0.905246
0.682797
0.998866
1.0
0.0127502
0.0577136
0.646843
0.105948
0.714068
1.0
0.0127386
0.843418
0.121148
0.949013
0.243373
1.0
0.0127183
0.212378
0.176883
0.267986
0.245473
1.0
0.012705
0.389254
0.581703
0.442963
0.655894
1.0
0.0127048
0.118443
0.613394
0.170497
0.68693
1.0
0.0126952
0.918279
0.582998
0.956461
0.646279
1.0
0.0126785
0.303213
-0.00652988
0.413106
0.0915322
1.0
0.0126755
0.69046
0.287506
0.73645
0.348799
1.0
0.0126703
0.196117
0.857897
0.234299
0.916022
1.0
0.0126634
0.868606
0.651001
0.907262
0.711911
1.0
0.0126586
0.164635
0.155776
0.21258
0.216374
1.0
0.0126548
0.609676
0.309148
0.668068
0.383058
1.0
0.0126461
0.918644
0.517851
0.960328
0.583768
1.0
0.0126271
0.13794
0.313701
0.188067
0.379422
1.0
0.0126093
0.0906441
0.89319
0.132834
0.947604
1.0
0.0126059
0.367788
0.716902
0.412823
0.783712
1.0
0.012598
0.0583626
0.409195
0.159557
0.562383
1.0
0.0124893
0.888121
0.158533
0.931475
0.211848
1.0
0.0124812
0.768741
0.831069
0.801619
0.879751
1.0
0.0124693
0.836584
0.520209
0.92382
0.652983
1.0
0.0124587
0.695893
0.913262
0.738311
0.979721
1.0
0.0124073
0.511479
0.148848
0.614842
0.275498
1.0
0.0124045
0.869332
0.479625
0.96355
0.628155
1.0
0.0123874
0.142004
0.213198
0.191972
0.275743
1.0
0.0123818
0.692433
0.225015
0.730657
0.273818
1.0
0.0123793
0.711816
0.343592
0.766081
0.412601
1.0
0.0123671
0.161894
0.791997
0.205002
0.852141
1.0
0.0123293
0.122684
0.363955
0.335416
0.667854
1.0
0.0123137
0.660608
0.315308
0.709025
0.382454
1.0
0.0122466
0.0663
0.254434
0.112414
0.320962
1.0
0.0122338
0.00216076
0.586309
0.0409474
0.663826
1.0
0.0122271
0.560958
0.694544
0.665361
0.844057
1.0
0.0122243
0.909587
0.381376
0.960093
0.446772
1.0
0.0122137
0.0930468
0.689483
0.138002
0.747359
1.0
0.012206
0.438275
0.000610003
0.488303
0.0527365
1.0
0.0122058
0.862042
0.621073
0.904492
0.68157
1.0
0.0121725
0.116204
0.213398
0.161353
0.275057
1.0
0.0121648
0.648096
0.809423
0.825134
1.01807
1.0
0.0121528
0.609147
0.743977
0.703248
0.890786
1.0
0.0121522
0.41355
0.258399
0.461794
0.315835
1.0
0.0121448
0.365101
0.218708
0.411075
0.271108
1.0
0.0121438
0.910508
0.385278
0.996662
0.535759
1.0
0.0121279
0.706459
0.826808
0.788783
0.954859
1.0
0.0121195
0.477175
0.47197
0.548963
0.565451
1.0
0.0121095
0.185176
0.817116
0.34822
1.02911
1.0
0.012059
0.132342
0.150048
0.182749
0.212694
1.0
0.0120535
0.791896
0.421784
0.834846
0.47377
1.0
0.0120458
0.796371
0.857935
0.830963
0.909118
1.0
0.0120237
0.668378
0.223576
0.707953
0.271915
1.0
0.0120127
0.717482
0.288064
0.765457
0.351799
1.0
0.0119963
0.81652
0.42164
0.861052
0.475034
1.0
0.0119954
0.669177
0.117341
0.761054
0.251023
1.0
0.0119829
0.286911
0.726619
0.328698
0.787355
1.0
0.0119745
0.06492
0.215584
0.108572
0.278717
1.0
0.0119642
0.0405217
0.209934
0.228069
0.490175
1.0
0.0119513
0.367081
0.0512013
0.806413
0.523022
1.0
0.0119469
0.84497
0.823305
0.88242
0.878988
1.0
0.0119409
0.165061
0.859265
0.202628
0.91351
1.0
0.01188
0.483107
0.0101787
0.703082
0.25404
1.0
0.0118758
0.214041
0.311655
0.263392
0.378893
1.0
0.0118704
0.308305
0.120281
0.365526
0.189225
1.0
0.0118661
0.638191
0.259661
0.683863
0.31766
1.0
0.0118659
0.164234
0.283331
0.215446
0.351215
1.0
0.0118655
0.393653
0.482867
0.443187
0.546724
1.0
0.0118364
0.343288
0.71974
0.388334
0.781667
1.0
0.011825
0.185241
0.687516
0.23616
0.751827
1.0
0.0118121
0.693462
0.194226
0.730217
0.246067
1.0
0.0117741
0.722951
0.0303991
0.80861
0.157309
1.0
0.0117713
0.79846
0.825081
0.832883
0.874438
1.0
0.0117621
0.137121
0.0029366
0.531659
0.321028
1.0
0.0117611
0.891282
0.715316
0.93156
0.778121
1.0
0.01176
0.363389
0.259965
0.410985
0.317676
1.0
0.0117214
0.859146
0.604183
1.0008
0.926582
1.0
0.0117178
0.390405
0.953827
0.431607
0.997719
1.0
0.0117156
0.191735
0.113898
0.24782
0.186876
1.0
0.0116991
0.187615
0.336407
0.298512
0.468041
1.0
0.0116884
0.287656
0.289157
0.34268
0.356225
1.0
0.0116863
0.937797
0.378737
0.98754
0.447153
1.0
0.0116698
0.639482
0.954158
0.684458
1.00065
1.0
0.0116389
0.80253
0.178427
0.993215
0.433225
1.0
0.0116189
0.258962
0.0517756
0.315253
0.114331
1.0
0.0115167
0.154788
0.494491
0.266399
0.641209
1.0
0.0115092
0.14044
0.860852
0.17764
0.914319
1.0
0.0114465
0.345954
0.78878
0.384297
0.845018
1.0
0.011435
0.112858
0.38035
0.159484
0.442411
1.0
0.0114202
0.458942
0.610662
0.512125
0.685019
1.0
0.0114142
0.462127
0.18236
0.514017
0.246019
1.0
0.0114121
0.632808
0.4009
0.742114
0.541372
1.0
0.0113991
0.478595
0.0894459
0.582096
0.219635
1.0
0.0113986
0.406769
0.185111
0.460024
0.245637
1.0
0.0113726
0.916643
0.454225
0.959036
0.51466
1.0
0.0113581
0.0872141
0.0553594
0.134877
0.11116
1.0
0.0113551
0.775582
0.610957
0.868126
0.748649
1.0
0.0113447
0.903545
0.529529
0.984597
0.697779
1.0
0.0113114
0.762288
0.88134
0.79998
0.941867
1.0
0.0112463
0.664865
0.257251
0.708696
0.313916
1.0
0.0112395
0.41384
0.21908
0.461853
0.273679
1.0
0.0112289
0.637556
0.346537
0.687739
0.412861
1.0
0.0111987
0.686664
0.378434
0.735576
0.443487
1.0
0.0111936
0.488005
0.00110746
0.535662
0.0508097
1.0
0.0111875
0.367261
0.452517
0.411704
0.514578
1.0
0.0111824
0.666358
0.857029
0.705535
0.914001
1.0
0.0111754
0.609677
0.152018
0.716242
0.284912
1.0
0.011173
0.721612
0.829083
0.75977
0.885903
1.0
0.011162
0.514017
0.2531
0.561799
0.315273
1.0
0.0111527
0.214729
0.681076
0.262502
0.74333
1.0
0.0111452
0.847847
0.794494
0.884962
0.84925
1.0
0.0111449
0.605285
0.483165
0.711494
0.635842
1.0
0.0111392
0.820753
0.651275
0.858138
0.704675
1.0
0.0111341
0.514817
0.190286
0.559712
0.246514
1.0
0.0111172
0.820336
0.761975
0.853854
0.813263
1.0
0.0111138
0.26411
0.25782
0.311494
0.31708
1.0
0.0111087
0.213094
0.253455
0.261593
0.317245
1.0
0.0110996
0.139437
0.253426
0.186601
0.315491
1.0
0.011092
0.293896
0.853805
0.329578
0.910131
1.0
0.0110759
0.316414
0.721794
0.358555
0.781677
1.0
0.0110642
0.699394
0.858916
0.736841
0.915189
1.0
0.0110495
0.50466
0.593515
0.713419
0.882832
1.0
0.0110381
0.562979
0.254073
0.611537
0.313245
1.0
0.011029
0.58401
0.387818
0.6365
0.451544
1.0
0.0110162
0.368961
0.823856
0.403923
0.876563
1.0
0.0109628
0.0130024
0.364235
0.113905
0.517894
1.0
0.0109159
0.288095
0.21434
0.339605
0.274373
1.0
0.0108885
0.337333
0.220853
0.384836
0.274496
1.0
0.0108746
0.231148
0.346784
0.450552
0.628507
1.0
0.0108618
0.838611
0.596969
0.87865
0.650367
1.0
0.0108566
0.0571359
0.015899
0.111076
0.0794602
1.0
0.0108566
0.81324
0.0234486
0.859027
0.083754
1.0
0.0108346
0.844733
0.851848
0.884752
0.912857
1.0
0.0108194
0.160676
0.417877
0.266228
0.554023
1.0
0.0108054
0.54151
0.430426
0.76056
0.728003
1.0
0.0107917
0.555575
0.516854
0.607491
0.586757
1.0
0.0107872
0.185103
0.211262
0.23618
0.275108
1.0
0.0107779
0.631764
0.641248
0.688064
0.720357
1.0
0.0107377
0.319043
0.855074
0.355368
0.914448
1.0
0.0107303
0.705467
0.373583
0.820795
0.512927
1.0
0.0107254
0.316709
0.383684
0.361109
0.438854
1.0
0.0107039
0.0389647
0.286168
0.0878121
0.354737
1.0
0.010701
0.368216
0.785652
0.40506
0.841897
1.0
0.0106993
0.214412
0.560877
0.258403
0.619731
1.0
0.0106771
0.890849
0.753214
0.929882
0.817697
1.0
0.010675
0.168441
0.891963
0.204123
0.941574
1.0
0.0106658
0.231443
0.515121
0.433403
0.781569
1.0
0.0106605
0.838936
0.457037
0.881971
0.513046
1.0
0.0106555
0.564674
0.222055
0.609093
0.273432
1.0
0.0106459
0.0344292
0.57981
0.0848904
0.658547
1.0
0.0106411
0.436556
0.638905
0.488952
0.713803
1.0
0.0106309
0.797235
0.483635
0.889096
0.610547
1.0
0.0106215
0.820481
0.561384
0.860364
0.610021
1.0
0.01061
0.602593
0.545379
0.806719
0.847175
1.0
0.0106043
0.0893443
0.215145
0.135684
0.279141
1.0
0.0105999
0.842938
0.00330754
0.882982
0.0466502
1.0
0.0105965
0.765367
0.000331825
0.810021
0.0503398
1.0
0.0105531
0.721724
0.123451
0.757179
0.177763
1.0
0.0105491
0.464026
0.218334
0.51126
0.274169
1.0
0.0105491
0.910902
0.417343
0.95863
0.480133
1.0
0.01053
0.137985
0.385239
0.184518
0.444429
1.0
0.0105251
0.617594
0.224881
0.658846
0.273557
1.0
0.0104936
0.83891
0.488515
0.881186
0.542019
1.0
0.0104867
0.604866
0.675524
0.662125
0.749344
1.0
0.0104722
0.667102
0.751918
0.757005
0.893321
1.0
0.0104649
0.392851
0.416453
0.44665
0.484658
1.0
0.010453
0.434799
-0.00417164
0.534021
0.0942706
1.0
0.0104334
0.864825
0.00270765
0.906669
0.0477934
1.0
0.0104287
0.821097
0.723547
0.855543
0.773702
1.0
0.0104082
0.739828
0.382286
0.786635
0.440487
1.0
0.0103583
0.0108773
0.546622
0.059765
0.628359
1.0
0.0103344
0.797901
0.888293
0.834813
0.945833
1.0
0.010316
0.801674
0.592458
0.837358
0.638934
1.0
0.0102897
0.523903
0.53951
0.588336
0.622633
1.0
0.0102691
0.386772
-0.000186194
0.43723
0.0510431
1.0
0.0102358
0.289921
0.347131
0.340316
0.408253
1.0
0.0102035
0.865805
0.558662
0.905956
0.609151
1.0
0.0102027
0.564827
0.715974
0.608403
0.7745
1.0
0.0102009
0.888912
0.621013
0.930473
0.684637
1.0
0.0101638
0.770912
0.684268
0.860587
0.822602
1.0
0.0101591
0.892532
0.557225
0.933014
0.612954
1.0
0.0101478
0.46489
0.144541
0.51674
0.212454
1.0
0.0101317
0.790286
0.00150444
0.834564
0.0492966
1.0
0.0101154
0.820709
0.69234
0.856131
0.741471
1.0
0.0101037
0.768101
0.82992
0.860732
0.95463
1.0
0.0100965
0.787721
0.0122958
0.878567
0.142975
1.0
0.0100877
0.914984
0.157387
0.956623
0.209914
1.0
0.0100808
0.467739
0.95758
0.504326
0.99839
1.0
0.0100374
-0.000826919
0.376214
0.0366384
0.446889
1.0
0.0100323
0.0896491
0.145201
0.142417
0.213123
1.0
0.0100278
0.641882
0.225129
0.68283
0.274205
1.0
0.0100095
0.32686
0.0883279
0.449506
0.221753
1.0
0.0100006
0.769442
0.0928727
0.80936
0.147411
