1.0
0.994441
0.358746
0.24461
0.580887
0.644457
1.0
0.078882
-0.0237797
0.631031
0.311364
1.09093
1.0
0.0378844
0.117299
-0.00155155
0.324331
0.167895
1.0
0.0335844
0.223312
0.345973
0.597029
0.908533
1.0
0.0325562
-0.000788324
0.00182471
0.0717676
0.152882
1.0
0.0318013
0.0481034
0.786086
0.16306
0.921722
1.0
0.0310506
0.798006
0.914341
0.859406
0.990593
1.0
0.029489
0.937839
0.948802
0.986566
1.00062
1.0
0.0286356
0.013595
0.792939
0.0581215
0.849463
1.0
0.0280405
0.0622655
0.614738
0.161662
0.737766
1.0
0.0278086
-0.000119621
0.945594
0.0374943
0.995823
1.0
0.0276169
0.866491
0.944847
0.915397
0.997735
1.0
0.0275051
0.0173957
0.675917
0.121234
0.810003
1.0
0.0272716
0.469311
0.209177
0.59138
0.379716
1.0
0.0264746
0.00927862
0.919057
0.0615202
0.984343
1.0
0.0264569
0.373213
0.52681
0.855682
1.12441
1.0
0.0239191
0.765239
0.944476
0.819377
0.99939
1.0
0.0234923
0.964468
0.148688
0.997184
0.205826
1.0
0.0233867
0.907906
0.949878
0.956681
0.999661
1.0
0.0232398
0.0665794
0.618351
0.115255
0.691874
1.0
0.0228963
0.82763
0.910613
0.935609
0.999055
1.0
0.0228848
0.075713
0.0100824
0.185106
0.138591
1.0
0.0226347
0.00695038
0.769746
0.0949732
0.886525
1.0
0.0225532
0.00104661
0.757964
0.0371791
0.816403
1.0
0.0222744
0.962008
0.786109
0.996757
0.849724
1.0
0.0221602
0.0788903
0.679307
0.180585
0.819274
1.0
0.0219019
0.00199548
0.8146
0.0402065
0.871827
1.0
0.0217043
0.962728
0.922865
0.99924
0.987406
1.0
0.0212738
0.0133271
0.611318
0.104054
0.739767
1.0
0.0211082
0.8583
0.851895
0.992766
1.00879
1.0
0.020784
0.742853
0.26163
0.861887
0.41507
1.0
0.020625
0.484144
0.307704
0.596822
0.467911
1.0
0.0204581
0.591276
0.24714
0.707263
0.388048
1.0
0.0201145
0.964218
0.652551
0.996936
0.716317
1.0
0.0200943
0.80227
-0.0137424
0.959501
0.194141
1.0
0.0200202
0.836397
0.948814
0.889381
1.00282
1.0
0.0198894
0.527528
0.342708
0.583849
0.420886
1.0
0.0196665
0.10816
0.815294
0.161103
0.883224
1.0
0.019631
0.158494
0.0759103
0.22131
0.149657
1.0
0.0195955
0.967165
0.623299
0.998025
0.68268
1.0
0.019569
0.0138587
0.682584
0.0588206
0.748469
1.0
0.0195234
0.00796162
0.0991465
0.0529934
0.172473
1.0
0.0194148
0.967169
0.0219434
0.999792
0.0811998
1.0
0.0193057
0.00135596
0.721859
0.036139
0.779875
1.0
0.0192342
0.0164607
0.894039
0.116988
1.00285
1.0
0.0191475
0.206643
-0.00258565
0.266841
0.0582923
1.0
0.019144
0.00191402
0.892388
0.0379324
0.951187
1.0
0.0190007
0.911453
0.641464
0.993346
0.794031
1.0
0.0189407
0.854825
0.122788
0.900773
0.183535
1.0
0.0187574
0.160415
-0.00358931
0.2198
0.0559816
1.0
0.0186277
0.0594219
0.94939
0.110191
1.0005
1.0
0.0185775
0.0885946
0.000218878
0.139053
0.0581905
1.0
0.0184431
0.968687
0.552151
0.999129
0.61195
1.0
0.0184126
0.918841
0.654817
0.955855
0.712646
1.0
0.0183765
0.112837
0.674671
0.16409
0.745791
1.0
0.018215
0.965556
0.88651
0.99894
0.94704
1.0
0.0178342
0.968887
0.718008
0.999377
0.779076
1.0
0.0178002
0.723839
0.0871664
0.924141
0.348541
1.0
0.017763
0.0622638
0.816272
0.115249
0.879703
1.0
0.0177456
0.0616464
0.714655
0.111323
0.779077
1.0
0.0177345
0.894875
0.288238
0.994479
0.417731
1.0
0.0177295
0.00653858
-0.00332507
0.0581587
0.065403
1.0
0.0177014
0.872641
0.658773
0.902706
0.706374
1.0
0.0176702
0.00191836
0.547483
0.0358237
0.61576
1.0
0.0174712
0.181849
0.0134125
0.248007
0.0951144
1.0
0.0174348
0.101414
0.0942964
0.235198
0.237575
1.0
0.0173416
0.716282
0.956037
0.759225
1.00077
1.0
0.0172972
0.115236
0.714069
0.163906
0.777641
1.0
0.0172933
0.0116717
0.584857
0.0544393
0.651733
1.0
0.0171893
0.0838267
0.790624
0.140047
0.858188
1.0
0.0170321
0.649792
0.200269
0.985289
0.847738
1.0
0.0170146
0.0629482
0.758891
0.112741
0.821989
1.0
0.0168981
0.0134805
0.85018
0.0602512
0.912384
1.0
0.0168834
0.933575
0.782911
1.00107
0.900812
1.0
0.0168764
0.867058
0.895783
0.909469
0.953562
1.0
0.0168611
0.0627214
0.674764
0.112336
0.745698
1.0
0.0168301
0.0355856
0.758976
0.0834496
0.818727
1.0
0.0168156
0.00124502
0.649623
0.0359569
0.711943
1.0
0.0166711
0.969083
0.0907207
0.998304
0.150357
1.0
0.0166025
0.831441
0.261677
0.93925
0.393336
1.0
0.0165689
0.00787706
0.220468
0.0849422
0.352568
1.0
0.0164498
0.0358428
0.714931
0.0841216
0.776228
1.0
0.0163332
0.968191
0.586318
0.998883
0.647634
1.0
0.0161942
0.105924
0.621377
0.156304
0.693985
1.0
0.0161577
0.747622
0.923835
0.79674
0.987526
1.0
0.0161343
0.901529
0.379887
0.993981
0.524647
1.0
0.016081
0.0887887
0.716773
0.138124
0.780765
1.0
0.0160188
0.660932
0.953945
0.709723
1.00134
1.0
0.0160103
0.310543
0.0352377
0.414287
0.179712
1.0
0.0159712
0.00142411
0.614165
0.036304
0.678348
1.0
0.015914
0.0856806
0.10698
0.136991
0.172836
1.0
0.0157729
0.631778
0.912375
0.72689
1.00325
1.0
0.0157378
0.967578
0.218454
1.00166
0.276976
1.0
0.0157105
0.653226
0.778817
0.977849
1.02634
1.0
0.0156027
0.964016
0.287019
1.00023
0.346737
1.0
0.0155717
0.263556
0.00734103
0.47005
0.271593
1.0
0.0151658
0.13126
0.0160427
0.195994
0.0967876
1.0
0.0149305
0.873219
0.557568
0.90589
0.608079
1.0
0.0147608
0.968636
0.454498
1.00027
0.515106
1.0
0.0146749
0.86118
0.284582
0.916485
0.351696
1.0
0.0145628
0.497084
0.189076
0.730755
0.453795
1.0
0.0145055
0.0355955
0.818027
0.0868191
0.877867
1.0
0.0144763
0.969649
0.49025
1.0003
0.548976
1.0
0.0144227
0.966492
0.386354
1.00047
0.447416
1.0
0.0144161
0.964976
0.318913
1.00113
0.382355
1.0
0.0144109
0.00252487
0.380435
0.0358118
0.445798
1.0
0.0143875
0.0577468
0.212836
0.162082
0.348233
1.0
0.0143769
0.965867
0.181087
1.00096
0.243915
1.0
0.0143032
0.837749
0.00334683
0.885536
0.0522815
1.0
0.0142732
0.127033
0.720308
0.227641
0.857936
1.0
0.0141834
0.901071
0.659255
0.934745
0.710248
1.0
0.0141307
0.968699
0.0559549
0.998719
0.115539
1.0
0.01411
0.04105
0.537349
0.215549
0.784062
1.0
0.0140673
0.290636
-0.0053742
0.383281
0.0998602
1.0
0.0138489
0.239039
0.116243
0.287461
0.173958
1.0
0.0137392
0.440066
0.000203863
0.482553
0.049602
1.0
0.0137329
0.00206397
0.252478
0.0403536
0.319862
1.0
0.0136787
0.257667
-0.000324192
0.309566
0.0546946
1.0
0.0136762
0.840094
0.893572
0.88175
0.949992
1.0
0.0136514
0.062335
0.858591
0.182885
0.996154
1.0
0.0135555
0.687709
0.953851
0.736817
1.00179
1.0
0.0135278
0.52594
0.129769
0.652653
0.28756
1.0
0.0134995
0.871006
0.528006
0.904341
0.57904
1.0
0.0134851
0.202366
0.0752794
0.266342
0.148862
1.0
0.013475
0.871514
0.591442
0.902615
0.64086
1.0
0.0134667
0.519228
0.957811
0.55812
0.999082
1.0
0.0134627
0.864991
0.388043
0.910982
0.448625
1.0
0.0134535
0.313397
0.00173353
0.361751
0.0551388
1.0
0.0134297
0.230932
0.0152972
0.289693
0.0930354
1.0
0.0133925
0.865119
0.179968
0.907934
0.236303
1.0
0.0133408
0.866373
0.453439
0.905635
0.510626
1.0
0.0133385
-0.000782181
0.28141
0.0629919
0.401409
1.0
0.0133205
0.968655
0.423032
1.00059
0.479334
1.0
0.0133021
-0.00182306
0.824216
0.0811081
0.942574
1.0
0.0132842
0.613977
0.953831
0.661899
1.00025
1.0
0.0132782
0.870571
0.826709
0.90577
0.876517
1.0
0.0131999
0.113161
0.954841
0.159177
1.00187
1.0
0.0131939
0.111254
0.755771
0.16092
0.821807
1.0
0.0131851
0.779658
0.312071
0.840331
0.393036
1.0
0.0130924
0.00195922
0.317404
0.0363008
0.383317
1.0
0.0130803
0.8612
0.350489
0.911188
0.414497
1.0
0.0130503
0.916794
0.15129
0.999922
0.272163
1.0
0.0130235
0.941609
0.677629
0.984901
0.744988
1.0
0.0130081
0.867883
0.859827
0.909852
0.915155
1.0
0.0130057
0.00182684
0.489354
0.0329342
0.551981
1.0
0.0130031
0.870097
0.626704
0.900862
0.675187
1.0
0.0129531
0.88902
0.00258559
0.931695
0.0476326
1.0
0.0129254
0.568198
0.908247
0.66824
1.00639
1.0
0.01292
0.378412
0.00161787
0.484162
0.143004
1.0
0.0129036
0.0250365
0.379465
0.384584
0.903416
1.0
0.0128795
0.873057
0.688892
0.903188
0.736337
1.0
0.0128475
0.132403
0.647777
0.183193
0.721578
1.0
0.0127344
0.0357231
0.146935
0.234145
0.433449
1.0
0.0127333
0.943879
0.760139
0.986476
0.828899
1.0
0.0127189
0.00330025
0.493847
0.0730304
0.628652
1.0
0.0126819
0.137808
0.113304
0.193771
0.178798
1.0
0.0126036
0.850717
0.674668
0.938361
0.816083
1.0
0.0125755
0.0862024
0.842375
0.137969
0.907646
1.0
0.0125669
0.0882392
0.598135
0.132903
0.66119
1.0
0.0124693
0.43105
0.0520811
0.534755
0.206075
1.0
0.0124667
0.851059
0.551786
0.926734
0.684609
1.0
0.0123671
0.804527
0.181227
0.915162
0.322529
1.0
0.0123289
0.00226109
0.453148
0.0324621
0.513603
1.0
0.0122438
0.52202
0.917048
0.561847
0.971793
1.0
0.0121394
0.941178
0.848878
0.986714
0.914657
1.0
0.0121279
0.846144
0.403221
0.935939
0.543275
1.0
0.0121085
0.942081
0.626876
0.984699
0.689919
1.0
0.012097
0.252849
0.045059
0.303183
0.115393
1.0
0.0120529
0.520404
0.903124
0.613845
1.00621
1.0
0.0120425
0.484401
0.34286
0.545994
0.424892
1.0
0.012037
0.0861835
0.953968
0.135158
1.0023
1.0
0.0120151
0.546973
0.0234983
0.95117
0.480692
1.0
0.0119724
-0.0142109
0.351639
0.122594
0.63693
1.0
0.0119633
0.43934
-0.01038
0.527316
0.100763
1.0
0.0119388
0.931122
0.237023
1.00545
0.344644
1.0
0.011923
0.046483
0.591537
0.0892686
0.654385
1.0
0.0119061
0.935822
0.349674
0.989281
0.418546
1.0
0.0118927
0.919716
0.562521
0.992953
0.701387
1.0
0.0118921
0.916384
0.855979
0.958455
0.913021
1.0
0.0118904
0.783182
0.258225
0.836835
0.32607
1.0
0.0118821
0.566087
0.956101
0.608871
0.999906
1.0
0.0118628
0.126539
0.623703
0.229191
0.751342
1.0
0.0118439
0.690182
0.893463
0.807925
1.00242
1.0
0.0118299
0.808821
0.0901922
0.907607
0.218984
1.0
0.011758
0.35908
0.218243
0.49068
0.408042
1.0
0.0117339
0.721985
0.749706
0.814834
0.882073
1.0
0.0117231
0.946198
0.495097
1.00682
0.619208
1.0
0.0117187
0.121355
0.0817205
0.343813
0.358766
1.0
0.011713
0.883539
0.314649
0.935861
0.38231
1.0
0.0116806
0.819634
0.336696
0.921401
0.4688
1.0
0.011673
0.839603
0.316006
0.890964
0.385302
1.0
0.0116723
0.196673
0.653613
0.299826
0.786403
1.0
0.0116675
0.766471
0.894873
0.815364
0.957854
1.0
0.0116434
-0.00275058
0.138285
0.0630807
0.275942
1.0
0.0116356
0.867877
0.489823
0.904836
0.54331
1.0
0.0116274
0.0435294
0.0625302
0.151905
0.206816
1.0
0.0116197
0.510291
0.284449
0.563585
0.362879
1.0
0.0116036
0.213824
0.0699888
0.326063
0.204169
1.0
0.0115977
0.00964909
0.521951
0.0488071
0.586352
1.0
0.0115961
0.793501
0.724273
0.827052
0.771789
1.0
0.0115697
0.852543
0.657837
0.881921
0.702816
1.0
0.0115693
0.760612
0.679593
0.852266
0.822185
1.0
0.0115408
0.639048
0.861443
0.68198
0.913034
1.0
0.0115355
0.843662
0.86455
0.882754
0.917087
1.0
0.0115108
0.363448
-0.00026265
0.407584
0.0501251
1.0
0.011503
0.92384
0.787871
0.963156
0.843828
1.0
0.0114559
0.872401
0.721273
0.904208
0.769651
1.0
0.011422
0.522999
0.859839
0.558421
0.909174
1.0
0.0114064
0.880754
0.602939
0.961519
0.738642
1.0
0.0114048
0.838669
0.259495
0.888981
0.320811
1.0
0.0114046
0.0586306
0.883385
0.10897
0.95057
1.0
0.0113726
0.41518
3.69791e-05
0.459928
0.0497882
1.0
0.01137
0.913655
0.450248
0.954639
0.50834
1.0
0.0113235
0.870766
0.794128
0.904953
0.842924
1.0
0.0112977
0.465389
-0.00089387
0.507379
0.0480465
1.0
0.0112754
0.00905821
0.350664
0.049167
0.413391
1.0
0.0112623
0.916955
0.0275906
0.993636
0.155305
1.0
0.011231
0.919589
0.716445
0.95534
0.773484
1.0
0.0112166
0.950568
0.130956
0.990197
0.183787
1.0
0.011173
0.804623
0.347199
0.852476
0.410954
1.0
0.0111728
0.658946
0.7449
0.753932
0.885656
1.0
0.0111578
0.117265
0.55485
0.155768
0.613456
1.0
0.0111476
0.85835
0.0265348
0.903788
0.0825818
1.0
0.0111476
0.914003
0.890233
0.954069
0.946388
1.0
0.0111443
0.908326
0.385412
0.955103
0.446605
1.0
0.0110885
0.821579
0.656289
0.850823
0.701868
1.0
0.0110587
0.000795539
0.142217
0.0342166
0.205276
1.0
0.0110355
0.555392
0.318692
0.603554
0.387871
1.0
0.0110265
0.389949
0.000300085
0.43328
0.0501196
1.0
0.0110179
0.164362
0.235474
0.272628
0.377127
1.0
0.0109235
0.0661816
0.484462
0.160698
0.63643
1.0
0.0109214
0.944045
0.714446
0.985493
0.779024
1.0
0.0108965
0.891893
0.860593
0.932914
0.915716
1.0
0.0108837
0.647781
0.270837
0.783575
0.418175
1.0
0.0108509
0.768485
0.790608
0.808468
0.842529
1.0
0.0108193
0.0816254
0.267025
0.185713
0.405165
1.0
0.0108148
0.48086
0.247035
0.538425
0.3286
1.0
0.0107972
0.0658292
0.348612
0.163394
0.486697
1.0
0.010748
0.827773
0.480451
0.911049
0.617283
1.0
0.0107406
0.84087
0.220366
0.884542
0.277268
1.0
0.010739
0.447386
0.0125769
0.626922
0.287032
1.0
0.0107259
0.540823
0.955752
0.584099
1.00053
1.0
0.0107239
0.739791
0.257499
0.789884
0.322571
1.0
0.0107093
0.889466
0.18567
0.93204
0.238843
1.0
0.0107042
0.457007
0.276055
0.512011
0.354812
1.0
0.0106945
0.92155
0.817748
0.959484
0.873722
1.0
0.0106626
0.15291
0.144929
0.27521
0.290388
1.0
0.010662
0.816706
0.79647
0.912868
0.919845
1.0
0.0106409
0.313686
0.078465
0.363526
0.149062
1.0
0.0105347
0.818802
0.827469
0.853803
0.875265
1.0
0.0105195
0.81126
0.380708
0.853903
0.438255
1.0
0.0104859
0.710191
0.197932
0.827016
0.352116
1.0
0.010484
0.888175
0.0241471
0.933139
0.0792125
1.0
0.0104681
0.853855
0.0550309
1.0005
0.291807
1.0
0.0104368
0.797426
0.654329
0.829449
0.702286
1.0
0.0104358
0.564763
0.9188
0.610218
0.976519
1.0
0.0104144
0.118011
0.522736
0.156716
0.582069
1.0
0.0103984
-0.00437689
0.418147
0.0534526
0.545096
1.0
0.0103859
0.608314
0.25499
0.669489
0.333829
1.0
0.0103206
0.0673315
0.558439
0.106002
0.619184
1.0
0.0102503
0.793187
0.792845
0.829642
0.841292
1.0
0.0102172
0.895674
0.825669
0.931515
0.878157
1.0
0.0102148
0.491993
0.958418
0.532595
1.00075
1.0
0.010199
0.943962
-0.00109305
0.987121
0.0454763
1.0
0.0101818
0.312272
0.116775
0.358421
0.177027
1.0
0.0101563
0.609461
0.299992
0.667474
0.382707
1.0
0.0101517
0.364694
0.117455
0.411072
0.183478
1.0
0.0100929
0.794419
0.632044
0.975263
0.913173
1.0
0.0100877
0.103198
0.0709649
0.165677
0.151051
1.0
0.0100787
0.738137
0.313155
0.797913
0.390398
1.0
0.0100603
0.5884
0.92165
0.636844
0.980121
1.0
0.0100332
0.197049
0.209575
0.421322
0.493824
