1.0
0.966422
0.335712
0.262327
0.518257
0.565154
1.0
0.0343376
0.166624
-0.00860648
0.304435
0.138881
1.0
0.0338035
-0.00962864
0.656905
0.282472
1.07749
1.0
0.0333801
0.734396
0.273827
0.857976
0.415739
1.0
0.0326515
0.0585583
0.61884
0.160502
0.744668
1.0
0.0320333
0.802659
-0.0055302
0.96713
0.191912
1.0
0.0309345
0.0518735
0.761611
0.153502
0.905545
1.0
0.0268704
0.931013
0.910369
0.99667
0.998946
1.0
0.0260267
0.515948
0.781916
0.557343
0.840184
1.0
0.0256922
0.186529
-0.000109052
0.247161
0.0587975
1.0
0.0252922
0.751311
0.247583
0.993612
0.730886
1.0
0.0240486
0.967571
0.552948
0.99836
0.613187
1.0
0.0239551
0.96553
0.122056
0.997963
0.18161
1.0
0.02394
0.078236
0.669592
0.177581
0.815678
1.0
0.0234289
0.876434
0.559517
0.909986
0.611211
1.0
0.0232276
0.00765902
0.915628
0.0593015
0.984375
1.0
0.0230413
0.022123
0.653234
0.127891
0.798838
1.0
0.0225478
-0.0053601
-0.00843444
0.0721779
0.154605
1.0
0.0224575
0.967412
0.620796
0.998307
0.681417
1.0
0.0224356
0.119043
0.031988
0.243519
0.171246
1.0
0.0221308
0.964999
0.0207766
0.999458
0.0844997
1.0
0.0215978
-0.000673134
0.943021
0.0375734
0.995854
1.0
0.0215404
0.886821
0.397094
0.93102
0.453735
1.0
0.0215093
0.772372
0.903736
0.857698
1.00164
1.0
0.0213652
0.890283
0.946903
0.936491
0.999549
1.0
0.0212117
0.86785
0.395119
0.959748
0.532044
1.0
0.0211499
0.967407
0.0876099
0.997531
0.148941
1.0
0.0209799
0.851681
0.271581
1.00356
0.499696
1.0
0.0208274
-0.00266767
0.688806
0.0674313
0.798561
1.0
0.020743
0.438455
0.283048
0.560732
0.461259
1.0
0.020739
0.227359
-0.00103362
0.288386
0.0608227
1.0
0.0207001
0.128315
0.677923
0.605604
1.00701
1.0
0.0206671
0.964906
0.387142
0.999571
0.448617
1.0
0.0206205
0.967429
0.453854
0.999328
0.512795
1.0
0.0201792
0.925996
0.358966
1.00365
0.476924
1.0
0.0200887
0.810414
0.949153
0.855267
1.00026
1.0
0.0199981
0.968684
0.490953
0.999577
0.548376
1.0
0.0199471
0.872377
0.920618
0.91602
0.983774
1.0
0.0198437
0.852866
0.115515
0.901845
0.178977
1.0
0.0197165
0.873116
0.834895
0.991444
1.00641
1.0
0.0196562
0.967773
0.585341
0.998382
0.647337
1.0
0.0194625
0.944794
0.153373
0.986435
0.208203
1.0
0.0193792
0.922166
0.286033
1.00384
0.39822
1.0
0.0193753
0.16606
0.952835
0.210207
0.999169
1.0
0.0193618
0.144683
0.0145499
0.42076
0.292614
1.0
0.0193443
0.00260211
0.221706
0.07161
0.346648
1.0
0.0192792
0.0649069
0.816704
0.116115
0.882814
1.0
0.0192266
-0.000119027
0.626268
0.0779275
0.739108
1.0
0.0192082
0.964588
0.651115
0.998058
0.718679
1.0
0.0191787
0.579353
0.884597
0.693516
0.993856
1.0
0.0188595
0.115286
0.718019
0.163707
0.784153
1.0
0.01864
0.10433
0.748679
0.205888
0.889226
1.0
0.0185268
0.96495
0.353152
1.00084
0.414582
1.0
0.0185116
0.266095
0.343257
0.625912
0.897613
1.0
0.0184098
0.95993
0.286393
0.999197
0.349104
1.0
0.0183515
0.463958
0.950264
0.50897
0.998695
1.0
0.0183425
0.829527
0.26215
0.945672
0.387523
1.0
0.0183391
0.96632
0.421042
0.999193
0.478191
1.0
0.0183294
0.917623
0.641477
0.997094
0.804915
1.0
0.0182849
0.313637
0.232537
0.43714
0.413061
1.0
0.0182439
0.508078
0.344701
0.554336
0.419884
1.0
0.0181848
0.859669
0.312189
0.917238
0.386086
1.0
0.0179893
0.559757
0.269167
0.672592
0.417844
1.0
0.0179233
0.867925
0.448954
0.907955
0.50784
1.0
0.0177778
0.0611866
0.710848
0.113292
0.780747
1.0
0.0177376
0.907975
0.388922
0.954598
0.448932
1.0
0.0175466
0.935043
0.420502
1.00439
0.544282
1.0
0.0174792
0.0235483
0.853446
0.142953
0.99672
1.0
0.0174349
0.666809
0.576544
0.971765
1.05685
1.0
0.0173652
0.715016
0.955089
0.757487
1.00007
1.0
0.0173059
0.922909
0.486132
0.997702
0.629717
1.0
0.0172945
0.868853
0.487774
0.906726
0.54158
1.0
0.0172632
0.0657194
0.75421
0.113012
0.818808
1.0
0.01724
0.236091
0.11576
0.288316
0.176512
1.0
0.0172397
0.766563
0.948715
0.812866
0.999773
1.0
0.017145
0.906123
0.196657
0.999642
0.325074
1.0
0.0170378
0.966833
0.219927
1.00188
0.278181
1.0
0.0170257
0.00195792
0.890317
0.0386117
0.953697
1.0
0.0168535
0.611848
0.951208
0.661061
0.997798
1.0
0.0168001
0.86766
0.41304
0.912101
0.47308
1.0
0.0167965
0.846421
0.392312
0.88859
0.446604
1.0
0.0167842
0.854127
0.515424
0.930503
0.649922
1.0
0.0167456
0.410325
0.256067
0.464789
0.328477
1.0
0.0165832
0.913339
0.450296
0.954409
0.506076
1.0
0.0165356
0.966597
0.754011
0.998664
0.817576
1.0
0.0164752
0.13683
0.0167753
0.194709
0.0895276
1.0
0.0164267
0.842693
0.954609
0.8852
1.00272
1.0
0.0163789
0.111001
0.669218
0.164385
0.746403
1.0
0.0163377
0.507518
0.279615
0.613378
0.435573
1.0
0.0163265
-0.000755694
0.00948271
0.0411695
0.0975395
1.0
0.0162973
0.0150268
0.617541
0.0604707
0.686764
1.0
0.0162785
0.498058
0.743045
0.582643
0.864364
1.0
0.0162519
0.906154
0.308376
0.959787
0.378998
1.0
0.0162371
0.0135792
0.789217
0.0580753
0.847435
1.0
0.0162371
0.466501
0.906459
0.560902
1.00351
1.0
0.0162077
0.915522
0.00981952
0.99378
0.128097
1.0
0.0161938
0.683252
0.879411
0.788632
0.998137
1.0
0.0161364
0.0384183
0.344086
0.234687
0.677339
1.0
0.0161277
0.839021
0.349984
0.888478
0.412899
1.0
0.0161023
-0.00246625
0.343455
0.0565258
0.463976
1.0
0.0160832
0.109592
0.782718
0.160026
0.852921
1.0
0.0160803
0.198228
0.678478
0.300803
0.821525
1.0
0.0160694
0.616486
0.269834
0.742196
0.411715
1.0
0.0159647
0.836856
0.0027075
0.886723
0.0529085
1.0
0.0159632
0.873676
0.655507
0.905261
0.705908
1.0
0.0159393
0.00109832
0.650667
0.0376639
0.713153
1.0
0.0159352
0.0488937
0.204791
0.160158
0.353856
1.0
0.0159099
0.0700955
0.0201401
0.179181
0.153182
1.0
0.0158858
0.715576
0.117398
0.926587
0.353265
1.0
0.0158442
0.917822
0.654891
0.956167
0.716672
1.0
0.0158342
0.818072
0.347075
0.917259
0.468632
1.0
0.0157474
0.109614
0.112443
0.226012
0.248737
1.0
0.0157315
0.0649331
0.587986
0.266181
0.842847
1.0
0.015695
0.514269
0.954298
0.559784
0.999743
1.0
0.0156946
0.0907644
0.016417
0.142579
0.0891377
1.0
0.0156805
0.164147
0.27027
0.267811
0.407093
1.0
0.015652
0.0130416
0.560458
0.0995869
0.691993
1.0
0.0156384
0.0825757
0.788132
0.134202
0.857625
1.0
0.0156382
0.0108768
0.752115
0.056166
0.813908
1.0
0.0156228
0.112442
-0.000642477
0.160313
0.0547803
1.0
0.0156016
0.0633727
0.592358
0.110548
0.662644
1.0
0.0155847
0.104381
0.876553
0.211709
0.999959
1.0
0.0155599
0.141383
0.687266
0.242443
0.824791
1.0
0.0155598
0.0016199
0.550166
0.0359547
0.613775
1.0
0.015538
0.0135928
0.855962
0.0590849
0.917942
1.0
0.0155316
0.942219
0.676995
0.986756
0.749996
1.0
0.0154754
0.124947
0.625369
0.232632
0.754818
1.0
0.0154199
0.182637
0.036715
0.25189
0.123277
1.0
0.0154157
0.00100533
0.820109
0.0367855
0.87655
1.0
0.0153983
0.440785
0.679153
0.536698
0.811515
1.0
0.015371
6.31548e-05
0.719405
0.036597
0.780782
1.0
0.0153626
0.967322
0.717056
0.999326
0.782476
1.0
0.0152722
0.917454
0.77015
0.99927
0.939468
1.0
0.0152556
0.142049
0.954389
0.185819
0.999888
1.0
0.0151996
0.964601
0.181365
1.00087
0.243368
1.0
0.0151972
0.96597
0.817295
0.999133
0.885137
1.0
0.0150257
0.20668
0.0724452
0.26977
0.147409
1.0
0.0149984
0.161741
0.0793341
0.21731
0.146539
1.0
0.014952
0.022695
0.407663
0.380932
0.899113
1.0
0.0149165
0.623492
0.614451
0.729566
0.769555
1.0
0.0148226
0.898248
0.657387
0.932422
0.710761
1.0
0.0148187
0.158831
0.141646
0.272848
0.288182
1.0
0.0148089
0.871324
0.623644
0.902918
0.673679
1.0
0.0148022
0.801525
0.344707
0.852021
0.410874
1.0
0.0147977
0.163634
0.118107
0.212495
0.177274
1.0
0.014782
0.915024
0.486724
0.953472
0.539558
1.0
0.0147407
0.462642
0.7176
0.505423
0.776735
1.0
0.0147313
0.275416
0.607911
0.39826
0.761445
1.0
0.0146747
0.655431
0.675858
0.746174
0.831112
1.0
0.0146151
0.215829
0.954132
0.256841
0.998743
1.0
0.0146113
2.91951e-05
0.684514
0.0376454
0.746615
1.0
0.0145952
0.212808
0.680489
0.265185
0.758769
1.0
0.0145451
0.743599
0.952065
0.787661
1.00148
1.0
0.0145158
0.420302
0.955727
0.458503
0.998791
1.0
0.0145094
0.337013
0.372801
0.388253
0.450481
1.0
0.0144391
0.872608
0.532207
0.906525
0.585389
1.0
0.0144305
0.00175554
0.451691
0.032763
0.512522
1.0
0.0143678
0.00466501
0.755788
0.0982026
0.888619
1.0
0.0143062
0.963238
0.88225
0.99864
0.949865
1.0
0.0142972
0.878731
0.436152
1.01138
0.735952
1.0
0.0142927
0.525344
0.296625
0.919881
0.915526
1.0
0.0142766
0.0883309
0.952861
0.135643
1.00094
1.0
0.0142533
0.0118667
0.315001
0.054449
0.381492
1.0
0.0142411
0.40757
0.602907
0.514393
0.739874
1.0
0.0142319
0.225261
0.0343167
0.291461
0.121045
1.0
0.0142287
0.890236
0.447486
0.930476
0.505499
1.0
0.0141996
0.039801
0.791325
0.0884012
0.849162
1.0
0.0141468
0.911545
0.184559
0.958382
0.238669
1.0
0.0140775
0.334823
0.313064
0.391643
0.398549
1.0
0.0140706
0.503982
0.884905
0.629377
0.997777
1.0
0.0140634
0.175212
0.912616
0.25797
1.00582
1.0
0.0140556
0.50994
0.226502
0.737618
0.509555
1.0
0.0140423
0.00114321
0.584189
0.0371307
0.647616
1.0
0.0140327
0.590223
0.92065
0.642655
0.981617
1.0
0.0140028
-0.00151777
0.52787
0.0621909
0.646481
1.0
0.0139463
0.776126
-0.00132496
0.892576
0.112631
1.0
0.0139242
0.917729
0.0976993
0.994315
0.213826
1.0
0.0139108
0.35822
0.48566
0.481727
0.656761
1.0
0.0138508
0.21477
0.243689
0.318277
0.391929
1.0
0.0137982
0.474909
0.812732
0.573698
0.946411
1.0
0.0137953
0.0615624
0.950198
0.111365
1.00117
1.0
0.0137822
0.852728
0.641943
0.937353
0.789963
1.0
0.0137442
0.810842
0.380946
0.854007
0.439099
1.0
0.0136706
0.28828
-0.000147069
0.337897
0.0524828
1.0
0.0136207
0.661972
0.951332
0.709985
0.998334
1.0
0.0135746
0.340414
0.437652
0.394817
0.518111
1.0
0.0135641
0.61576
0.848604
0.659361
0.901228
1.0
0.0134851
0.870716
0.891256
0.906971
0.94625
1.0
0.0134848
0.21417
0.0684977
0.32555
0.202072
1.0
0.0134583
0.433548
0.672801
0.63234
0.948851
1.0
0.0133995
0.564529
0.954386
0.612779
0.999705
1.0
0.013387
0.0380681
0.754253
0.0868701
0.816377
1.0
0.0133681
0.111202
0.0447333
0.163866
0.11767
1.0
0.0133536
0.0636613
0.339983
0.164012
0.481527
1.0
0.0133359
0.891695
0.583678
0.925104
0.635007
1.0
0.0132989
0.538315
0.954447
0.587138
1.00082
1.0
0.0132984
0.516954
0.847692
0.558297
0.904157
1.0
0.0132789
0.08051
0.0916647
0.293823
0.393517
1.0
0.0132651
0.421504
0.715465
0.464418
0.775472
1.0
0.0132476
0.891052
0.488029
0.929248
0.541268
1.0
0.0132031
0.942588
-0.000112226
0.987731
0.0500452
1.0
0.0131695
0.376156
0.152445
0.493563
0.305694
1.0
0.0131581
0.633549
0.918506
0.687026
0.982079
1.0
0.0131397
8.01347e-05
0.146354
0.0680939
0.284739
1.0
0.0131282
0.890202
0.190169
0.933777
0.241476
1.0
0.0131158
-0.00524152
0.412833
0.0538018
0.538513
1.0
0.0130942
0.11265
0.238133
0.223801
0.388176
1.0
0.0130656
0.690128
0.713639
0.736196
0.782857
1.0
0.0130513
0.854185
0.0645294
1.00102
0.297389
1.0
0.0130122
0.0832322
0.843139
0.132482
0.908987
1.0
0.0130087
0.00126233
0.487197
0.0327383
0.548206
1.0
0.012988
0.486678
0.95163
0.535848
1.00075
1.0
0.0129795
0.907722
0.35053
0.958394
0.416779
1.0
0.0128615
0.286333
0.156051
0.393618
0.307421
1.0
0.0128538
0.736715
0.836096
0.904009
1.02721
1.0
0.0128492
0.563501
0.784194
0.669824
0.914602
1.0
0.0128381
0.943251
0.56176
1.00492
0.688335
1.0
0.0128352
0.689116
0.952424
0.735674
1.0002
1.0
0.0128178
0.310181
0.0736427
0.417455
0.210152
1.0
0.0128171
0.471558
0.789221
0.508858
0.841213
1.0
0.01276
0.0424597
0.637922
0.101496
0.725109
1.0
0.0126934
0.847791
0.452372
0.886218
0.507335
1.0
0.0126663
0.826131
0.445104
0.915249
0.580824
1.0
0.0126099
0.840034
0.916196
0.885211
0.98135
1.0
0.0125778
0.849931
0.490006
0.886311
0.54099
1.0
0.0125436
0.172063
0.735296
0.271657
0.885214
1.0
0.012521
0.359244
0.471047
0.413708
0.546327
1.0
0.0124956
0.441981
0.00191312
0.483561
0.0493716
1.0
0.0124757
0.490054
0.445412
0.535565
0.511236
1.0
0.0124129
0.661978
0.339445
0.774736
0.475972
1.0
0.0123734
0.417583
0.746058
0.514089
0.876891
1.0
0.0123369
0.243698
-0.00709737
0.351781
0.0987758
1.0
0.0122361
0.370166
0.668725
0.472916
0.813814
1.0
0.0122082
0.133965
0.747952
0.182965
0.815332
1.0
0.0121387
0.38927
0.795146
0.477086
0.92474
1.0
0.0121224
0.062661
0.482817
0.160839
0.63834
1.0
0.0121146
0.888532
0.00298159
0.932517
0.0500269
1.0
0.0121012
0.511006
0.416321
0.72745
0.718098
1.0
0.0120682
0.222409
0.188016
0.400736
0.461138
1.0
0.0120672
0.896397
0.62743
0.930411
0.679898
1.0
0.0120612
0.373112
0.906686
0.459804
1.00754
1.0
0.0120452
0.00106005
0.412577
0.0340753
0.475433
1.0
0.0119988
0.11888
0.338292
0.222906
0.477927
1.0
0.0119932
0.837536
0.284241
0.894642
0.352514
1.0
0.0119627
0.56625
0.579681
0.67376
0.732542
1.0
0.0119165
0.912652
0.128225
0.955576
0.180339
1.0
0.0118659
0.85781
0.0242928
0.905311
0.0829388
1.0
0.0118445
0.949518
0.523677
0.989164
0.582149
1.0
0.0118245
0.112348
0.591763
0.159384
0.660386
1.0
0.0118222
0.821552
0.0993472
0.922754
0.219932
1.0
0.0117161
-0.0116659
0.269134
0.125521
0.534362
1.0
0.0117096
0.308071
0.34581
0.416908
0.529365
1.0
0.0117076
0.49273
0.85221
0.534871
0.908129
1.0
0.0116666
0.467773
0.853793
0.507072
0.910338
1.0
0.0116548
0.606578
0.478752
0.812816
0.809555
1.0
0.0116295
0.564773
0.314477
0.614936
0.387427
1.0
0.0116252
0.190305
0.649037
0.239317
0.720723
1.0
0.0116215
0.110928
0.920777
0.158562
0.986335
1.0
0.0116199
0.934595
0.260449
0.988739
0.327459
1.0
0.0116089
0.757161
0.533677
0.851637
0.69043
1.0
0.0116039
0.916001
0.160755
0.956623
0.20798
1.0
0.0115956
0.134219
0.621692
0.185455
0.693197
1.0
0.0115248
0.312776
0.0177091
0.366839
0.0852191
1.0
0.011504
0.948124
0.0531017
0.988812
0.113116
1.0
0.0114611
0.11015
0.84907
0.155763
0.911968
1.0
0.0113994
0.814982
0.892814
0.852036
0.949392
1.0
0.0113784
0.68278
0.74183
0.770023
0.889803
1.0
0.0113707
0.754401
0.060855
0.889952
0.202188
1.0
0.0113659
0.68574
0.379698
0.73561
0.443203
1.0
0.0113318
0.134593
0.798786
0.234606
0.955523
1.0
0.0113292
0.897009
0.545344
0.976958
0.693317
1.0
0.0113065
0.692087
0.78485
0.735173
0.846223
1.0
0.0112957
0.307213
0.548244
0.427542
0.699525
1.0
0.0112568
0.157353
0.238766
0.48724
0.714943
1.0
0.0112315
0.635488
0.830449
0.676949
0.882869
1.0
0.0112241
0.115801
0.55424
0.157114
0.615926
1.0
0.0112094
0.212921
0.556813
0.440838
0.849052
1.0
0.011168
0.913316
0.559158
0.949858
0.610842
1.0
0.0111578
0.320871
0.34351
0.370259
0.416697
1.0
0.0111431
0.625863
0.274031
0.846919
0.550167
1.0
0.0111316
0.916497
0.588928
0.951595
0.642068
1.0
0.0111218
0.625147
0.778064
0.730185
0.921931
1.0
0.0110942
0.457623
0.144942
0.567421
0.29217
1.0
0.011086
0.0116236
0.52303
0.0514304
0.585099
1.0
0.0110406
0.865374
0.185297
0.911359
0.242202
1.0
0.011029
0.63979
0.38373
0.687067
0.447145
1.0
0.0110286
0.402728
0.0767186
0.518124
0.226721
1.0
0.0110054
0.819181
0.718909
0.913946
0.861948
1.0
0.0109928
0.162504
0.71651
0.210828
0.78422
1.0
0.0109709
0.709738
0.673268
0.801801
0.820159
1.0
0.0109553
0.113465
0.118048
0.16099
0.179193
1.0
0.0109511
0.874333
0.686532
0.906659
0.73813
1.0
0.0109338
0.886322
0.122388
0.93142
0.178196
1.0
0.0109259
0.280379
0.0190959
0.392361
0.156271
1.0
0.0109235
-0.00229237
0.829102
0.0792367
0.951339
1.0
0.0109164
0.443115
0.923603
0.487561
0.986564
1.0
0.0109134
0.000813849
0.219491
0.0396627
0.289643
1.0
0.0109084
0.0864602
0.881859
0.134816
0.949663
1.0
0.0109063
0.364183
0.545057
0.415643
0.615287
1.0
0.0109015
0.9404
0.846604
0.987963
0.920155
1.0
0.0108959
0.416232
0.394847
0.543154
0.600829
1.0
0.0108935
0.137169
0.817694
0.18279
0.879101
1.0
0.0108737
0.384632
0.278098
0.444178
0.360216
1.0
0.0108715
0.911924
0.0207645
0.957782
0.0786086
1.0
0.0108611
0.486583
0.652133
0.58647
0.805841
1.0
0.0108509
0.218753
0.7852
0.260597
0.848078
1.0
0.0108509
0.609599
0.370891
0.720378
0.515958
1.0
0.0108171
0.87212
0.823095
0.905476
0.877105
1.0
0.0108168
0.691968
0.534857
0.793123
0.691955
1.0
0.0108118
0.430612
0.277281
0.488176
0.356361
1.0
0.0108039
0.767774
0.711452
0.863058
0.861551
1.0
0.0107995
0.191413
0.953558
0.235401
0.999725
1.0
0.0107749
-0.000590513
0.278198
0.0380326
0.348668
1.0
0.0107656
0.0386064
0.851629
0.0907988
0.915887
1.0
0.0107335
0.908933
0.219403
0.959961
0.279499
1.0
0.0107108
0.358836
0.251545
0.416784
0.331974
1.0
0.0106917
0.845854
0.889983
0.880758
0.94351
1.0
0.0106693
0.566299
0.852168
0.611763
0.90537
1.0
0.0106361
0.470168
0.821639
0.508036
0.875676
1.0
0.0105902
0.637052
0.640327
0.689299
0.714985
1.0
0.0105802
0.359754
-0.0065799
0.450166
0.101844
1.0
0.0105272
0.785502
0.478903
0.877787
0.628028
1.0
0.0105099
0.465512
0.000198347
0.508759
0.048951
1.0
0.0105075
0.869536
0.862179
0.905427
0.917169
1.0
0.0104869
0.440384
0.651094
0.487781
0.70989
1.0
0.0104864
0.0844317
0.410239
0.18636
0.555206
1.0
0.010484
0.478591
0.525006
0.584376
0.695218
1.0
0.0104477
0.86112
0.258607
0.919458
0.327384
1.0
0.0104315
0.394905
0.956457
0.434817
1.00031
1.0
0.0104292
0.758616
0.409464
0.862063
0.551456
1.0
0.0104197
0.0204151
0.401537
0.105075
0.552885
1.0
0.0104154
0.000258392
0.108854
0.038276
0.184149
1.0
0.0104106
0.942655
0.779387
0.987231
0.849665
1.0
0.0104058
0.0889468
0.118359
0.134949
0.179976
1.0
0.0104035
0.336975
0.00160375
0.382931
0.0506235
1.0
0.0103987
0.853384
0.526845
0.885778
0.574219
1.0
0.010375
0.540545
0.853802
0.582722
0.90531
1.0
0.0103628
0.381736
0.228965
0.513197
0.390234
1.0
0.0103585
0.736004
0.376447
0.789055
0.444503
1.0
0.0103552
0.116331
0.520989
0.157937
0.582366
1.0
0.0103528
0.214406
0.602671
0.328518
0.747029
1.0
0.0103505
0.164797
0.782322
0.211756
0.849265
1.0
0.0103457
0.515227
0.722964
0.558058
0.785384
1.0
0.0103369
0.0971174
0.56773
0.2022
0.705875
1.0
0.0103292
0.160565
0.645855
0.209313
0.719277
1.0
0.0103273
0.89151
0.891271
0.930189
0.950759
1.0
0.0102892
0.709711
0.367052
0.824476
0.511472
1.0
0.0102546
0.559413
0.47736
0.663349
0.635579
1.0
0.0102499
0.487192
0.287017
0.537176
0.357956
1.0
0.0102176
0.188046
0.316038
0.232591
0.380624
1.0
0.0102153
0.791723
0.451723
0.833717
0.509331
1.0
0.0102004
0.873636
0.723342
0.90678
0.774846
1.0
0.0101502
0.447072
0.792893
0.48197
0.840512
1.0
0.0101447
0.312343
0.253466
0.36462
0.328429
1.0
0.0101331
0.0678848
0.379907
0.10852
0.441052
1.0
0.0101314
0.00812592
0.0649635
0.104566
0.226793
1.0
0.0101108
0.467489
0.755232
0.506272
0.810055
1.0
0.0100967
0.496266
0.812418
0.540379
0.872232
1.0
0.0100962
0.920141
0.783422
0.95884
0.846094
1.0
0.0100833
0.7844
-0.000159834
0.841353
0.0552084
1.0
0.0100672
0.53797
0.318873
0.584543
0.386862
1.0
0.0100031
0.388895
0.651791
0.436576
0.714943
