1.0
0.211052
0.338066
0.429188
0.518719
0.652724
1.0
0.159062
0.270157
0.385314
0.65787
0.873347
1.0
0.0457858
-0.0102696
0.537998
0.373928
1.11764
1.0
0.0341126
0.7436
0.729311
1.02299
1.01863
1.0
0.0323402
0.507086
0.470713
0.959371
1.08548
1.0
0.0312119
0.35783
0.343831
0.501273
0.529653
1.0
0.0289205
0.656348
0.537298
0.739911
0.666795
1.0
0.0265653
0.311514
0.339502
0.427779
0.47823
1.0
0.0247281
0.334677
0.348696
0.385679
0.417957
1.0
0.0241022
0.466
0.470043
0.575816
0.628471
1.0
0.021158
0.460332
0.443991
0.516026
0.526358
1.0
0.0209868
0.407854
0.565609
0.472637
0.652031
1.0
0.0208075
0.405247
0.509192
0.471827
0.598934
1.0
0.0205285
0.528628
0.620967
0.630885
0.767843
1.0
0.0200464
0.408324
0.452896
0.468391
0.532521
1.0
0.0193666
0.672524
0.547683
0.716643
0.615554
1.0
0.0192443
0.26437
0.948395
0.306917
0.996481
1.0
0.0191875
0.268427
0.552615
0.368343
0.680544
1.0
0.0191567
0.686891
0.568124
0.773754
0.707133
1.0
0.0185432
0.320997
0.53372
0.444501
0.677092
1.0
0.0185352
0.365194
0.548295
0.418343
0.617952
1.0
0.0182022
0.650427
0.605787
0.736611
0.737013
1.0
0.0179777
0.386127
0.319889
0.440311
0.385995
1.0
0.0175543
0.384261
0.631325
0.492172
0.778787
1.0
0.0174831
0.586138
0.549837
0.682701
0.68731
1.0
0.0172668
0.316011
0.610479
0.427704
0.749854
1.0
0.0172393
0.533509
0.475233
0.630109
0.616982
1.0
0.0172306
0.44333
0.389187
0.554267
0.557198
1.0
0.0166532
0.192426
0.0765131
0.575354
0.711647
1.0
0.0162858
0.391468
0.480852
0.449186
0.561322
1.0
0.0160365
0.485992
0.422665
0.531146
0.493931
1.0
0.0160261
0.963361
0.950184
0.999494
0.998546
1.0
0.015956
0.453083
0.567756
0.511428
0.650297
1.0
0.0158384
0.482857
0.510563
0.537374
0.591158
1.0
0.0157445
0.289911
0.555085
0.334791
0.616049
1.0
0.0152107
0.646676
0.67704
0.736599
0.817547
1.0
0.015194
0.645155
0.581818
0.689214
0.645969
1.0
0.0151548
0.560029
0.712204
0.607331
0.770151
1.0
0.0149987
0.686644
0.574717
0.732452
0.643935
1.0
0.0148831
0.312593
0.551566
0.35879
0.610299
1.0
0.0148529
0.689819
0.528385
0.730582
0.588511
1.0
0.0148487
0.298401
0.434112
0.418002
0.592817
1.0
0.0147546
0.652313
0.46697
0.732993
0.600578
1.0
0.0147119
0.690907
0.655855
0.732961
0.710268
1.0
0.0147112
0.644038
0.618509
0.688294
0.681474
1.0
0.0141699
0.689729
0.615413
0.733008
0.67652
1.0
0.0140347
0.565531
0.511738
0.610569
0.583494
1.0
0.014016
0.408809
0.534112
0.531461
0.696732
1.0
0.0139552
0.615007
0.582164
0.658873
0.646678
1.0
0.0138704
0.388449
0.608714
0.443227
0.678813
1.0
0.0138426
0.391159
0.647494
0.43673
0.708707
1.0
0.0138078
0.403881
0.34059
0.460099
0.414053
1.0
0.0137861
0.384835
0.377733
0.439163
0.451608
1.0
0.0137754
0.268363
0.639257
0.375435
0.779677
1.0
0.0137446
0.255143
0.910443
0.332061
1.0011
1.0
0.0137423
0.343289
0.58104
0.391219
0.643713
1.0
0.0137013
0.503407
0.547969
0.610922
0.702925
1.0
0.0135869
0.590129
0.514005
0.63115
0.579833
1.0
0.0134596
0.714826
0.658771
0.755415
0.713363
1.0
0.0133995
0.615303
0.61815
0.659816
0.683364
1.0
0.013381
0.456743
0.597226
0.570055
0.748226
1.0
0.013363
0.616101
0.551676
0.655763
0.612462
1.0
0.0133508
0.713646
0.61943
0.753663
0.67702
1.0
0.0133207
0.647808
0.51924
0.687442
0.581018
1.0
0.0133024
0.315865
0.952167
0.358061
0.999356
1.0
0.0132935
0.590315
0.58224
0.633847
0.64577
1.0
0.0129409
0.212259
0.555773
0.308222
0.68525
1.0
0.0129343
0.711518
0.583695
0.75241
0.644556
1.0
0.0129031
0.249316
0.92059
0.289204
0.980056
1.0
0.012856
0.670729
0.493496
0.707581
0.549623
1.0
0.0128463
0.32117
0.710434
0.421636
0.848969
1.0
0.0128381
0.92255
0.886688
1.00155
0.997414
1.0
0.0128294
0.570314
0.677757
0.671744
0.811746
1.0
0.0127949
0.597171
0.454736
0.63225
0.513495
1.0
0.0126183
0.460764
0.350977
0.507283
0.418287
1.0
0.0125559
0.59152
0.483935
0.768427
0.768837
1.0
0.0125326
0.437074
0.378695
0.49173
0.454561
1.0
0.0124298
0.24939
0.484783
0.336346
0.612351
1.0
0.0124247
0.33827
0.520527
0.389437
0.586895
1.0
0.0124245
0.370081
0.299003
0.41211
0.353228
1.0
0.0124075
0.667143
0.952631
0.70678
0.996403
1.0
0.0123563
0.590809
0.453584
0.676161
0.586878
1.0
0.0123115
0.690323
0.686846
0.734209
0.744027
1.0
0.0122801
0.316087
0.650016
0.362035
0.710015
1.0
0.012222
0.375022
0.282972
0.477748
0.407369
1.0
0.0122137
0.540598
0.482897
0.587624
0.553507
1.0
0.0121993
0.668485
0.654201
0.710598
0.710848
1.0
0.0121891
0.715607
0.950082
0.760675
0.99796
1.0
0.0121614
0.514222
0.483273
0.559475
0.553385
1.0
0.0120291
0.710234
0.551199
0.751005
0.610426
1.0
0.0119769
0.427549
0.480363
0.490054
0.567351
1.0
0.0118277
0.33724
0.41093
0.388396
0.484782
1.0
0.0117879
0.292699
0.650081
0.336369
0.708299
1.0
0.0117321
0.504579
0.555548
0.702302
0.831119
1.0
0.0117279
0.36293
0.449111
0.414926
0.521395
1.0
0.0117231
0.431435
0.606101
0.486533
0.677734
1.0
0.0116226
0.343564
0.716106
0.388154
0.773739
1.0
0.0115933
0.616949
0.484663
0.652927
0.545021
1.0
0.0115371
0.560823
0.656003
0.609836
0.725672
1.0
0.0115292
0.367246
0.648693
0.41232
0.710585
1.0
0.0114563
0.65035
0.784887
0.733673
0.923681
1.0
0.0114454
0.567826
0.453743
0.607618
0.519668
1.0
0.011407
0.21428
0.689474
0.304966
0.821555
1.0
0.0113934
0.319946
0.374838
0.364225
0.441909
1.0
0.0113039
0.539105
0.581601
0.585557
0.64679
1.0
0.0113011
0.509542
0.547835
0.557232
0.618039
1.0
0.0112105
0.565258
0.582393
0.609026
0.646433
1.0
0.0112032
0.690693
0.648315
0.780525
0.787799
1.0
0.0110966
0.340238
0.615897
0.391583
0.682369
1.0
0.0110767
0.217033
0.956241
0.255106
0.998051
1.0
0.0110632
0.707993
0.512844
0.805211
0.651147
1.0
0.0110516
0.388918
0.721105
0.433685
0.778024
1.0
0.0109983
0.190117
0.955161
0.232955
0.999628
1.0
0.0109378
0.517566
0.715835
0.563194
0.771819
1.0
0.010888
0.209045
0.790588
0.299353
0.921709
1.0
0.0108717
0.588566
0.653445
0.63452
0.71677
1.0
0.0107562
0.288882
0.583775
0.488279
0.860511
1.0
0.0107268
0.682594
0.426973
0.865808
0.71087
1.0
0.0107233
0.737113
0.575233
0.83297
0.718503
1.0
0.0106669
0.415951
0.720659
0.459011
0.776677
1.0
0.0106654
0.243165
0.586955
0.283013
0.644838
1.0
0.0106051
0.197693
0.417537
0.407868
0.705887
1.0
0.010583
0.433324
0.32086
0.485549
0.388592
1.0
0.0105247
0.388778
0.41718
0.43927
0.488424
1.0
0.0104764
0.316225
0.449137
0.358502
0.510922
1.0
0.010443
0.668733
0.713923
0.711236
0.773389
1.0
0.0104382
0.675982
0.904617
0.762706
1.00424
1.0
0.010386
0.466014
0.721348
0.508226
0.776803
1.0
0.0103768
0.386764
0.710101
0.481329
0.845779
1.0
0.0103725
0.408516
0.295131
0.454425
0.35526
1.0
0.0102892
0.513751
0.653817
0.563745
0.722012
1.0
0.0102831
0.00239212
0.919635
0.041988
0.989201
1.0
0.010212
0.510198
0.39239
0.605387
0.541552
1.0
0.010206
0.245701
0.522196
0.284051
0.577611
1.0
0.0101146
0.26571
0.779574
0.366945
0.919239
1.0
0.0100944
0.250057
0.401848
0.341074
0.546905
1.0
0.0100916
0.271423
0.582234
0.312422
0.640829
1.0
0.0100824
0.964632
0.654109
0.998789
0.717686
1.0
0.0100714
0.161299
0.751342
0.259751
0.88911
1.0
0.0100439
0.907451
0.609623
0.995913
0.762583
1.0
0.0100136
0.612411
0.718661
0.655163
0.773958
