1.0
0.981509
0.337107
0.305098
0.554452
0.677286
1.0
0.0401995
-0.00905949
0.637891
0.312582
1.08043
1.0
0.0308953
0.797002
-0.00653012
0.966863
0.191341
1.0
0.0292854
0.0334884
0.614262
0.136474
0.751578
1.0
0.0282356
0.937332
0.947448
0.985817
1.00017
1.0
0.0281538
0.158511
0.000387885
0.302956
0.150074
1.0
0.0275406
0.0477513
0.783062
0.155729
0.918975
1.0
0.0256853
0.88998
0.945314
0.936834
0.998922
1.0
0.0256792
0.493354
0.301096
0.599183
0.459909
1.0
0.0255881
0.966246
0.550727
0.998083
0.613217
1.0
0.0251708
0.614621
0.177628
0.954669
0.727816
1.0
0.0243244
0.965333
0.122144
0.998169
0.182389
1.0
0.0241784
-0.00249263
0.684485
0.0680817
0.79592
1.0
0.0240044
0.0898631
0.0307866
0.202518
0.16909
1.0
0.0237693
0.0010167
0.919302
0.0419101
0.987756
1.0
0.0237572
-0.005078
-0.00805709
0.0694108
0.156904
1.0
0.0226184
0.872237
0.920634
0.917152
0.98571
1.0
0.022598
0.961293
0.921239
0.998458
0.988531
1.0
0.0225386
0.966549
0.619773
0.998505
0.682291
1.0
0.0224811
0.769974
0.90441
0.858645
1.00204
1.0
0.0223464
0.874837
0.556849
0.910228
0.610997
1.0
0.022266
0.810085
0.947372
0.856245
1.00027
1.0
0.0221942
0.85129
0.115065
0.901328
0.179439
1.0
0.0220446
0.207274
-0.002185
0.268275
0.0605983
1.0
0.0219565
-0.000374023
0.623584
0.0768494
0.740064
1.0
0.0219058
0.560926
0.253728
0.681774
0.403957
1.0
0.0216679
0.0130333
0.634469
0.184332
0.873279
1.0
0.0214185
0.868178
0.393569
0.961535
0.538183
1.0
0.021268
0.96757
0.453847
0.999223
0.514107
1.0
0.0211499
0.0097128
0.886292
0.05764
0.954302
1.0
0.0209583
0.163642
-0.00276068
0.220287
0.0563467
1.0
0.0209168
0.415165
0.207027
0.539635
0.369323
1.0
0.0207992
0.789186
0.276927
0.90912
0.410564
1.0
0.0207653
0.9656
0.00167254
0.999781
0.0514701
1.0
0.0207196
0.722607
0.283398
0.850134
0.428631
1.0
0.0205611
0.0930661
0.614943
0.19695
0.755403
1.0
0.0204636
0.944502
0.152225
0.986386
0.207843
1.0
0.0204489
0.868477
0.392163
0.911698
0.45164
1.0
0.0204268
0.924178
0.883625
0.997399
0.994364
1.0
0.0201782
0.964386
0.387238
0.999232
0.449488
1.0
0.0201114
0.968381
0.490046
0.999241
0.549105
1.0
0.0199436
0.895099
0.281497
0.994635
0.408565
1.0
0.0195425
0.9614
0.285093
0.999232
0.347059
1.0
0.0195377
0.918724
0.627202
0.995877
0.778521
1.0
0.0194472
0.128793
0.0210662
0.425839
0.312936
1.0
0.0191142
0.713539
0.952759
0.759
1.00087
1.0
0.019084
0.967875
0.0882766
0.998256
0.1503
1.0
0.0190146
0.926079
0.360204
1.00335
0.481689
1.0
0.018907
0.362015
0.55295
0.74077
1.04243
1.0
0.018698
0.108574
0.109978
0.228044
0.250424
1.0
0.0186097
0.748863
0.760619
0.997298
1.01435
1.0
0.0185688
0.966943
0.220316
1.0018
0.27933
1.0
0.0183599
0.0105431
0.751653
0.0558548
0.815049
1.0
0.0183253
0.0591733
0.705611
0.111102
0.776968
1.0
0.0183087
0.910077
0.924336
0.95968
0.991424
1.0
0.0182359
0.000213947
0.718084
0.0369113
0.781194
1.0
0.0182356
0.0126792
0.816804
0.0613611
0.881768
1.0
0.0182351
0.00428421
0.757914
0.0975091
0.889295
1.0
0.0182105
0.310493
0.274291
0.450113
0.460466
1.0
0.0181035
0.846187
0.894848
0.942804
0.999889
1.0
0.0180765
0.148427
0.30817
0.499218
0.829787
1.0
0.0180429
0.436608
0.322993
0.489889
0.393036
1.0
0.0179241
0.929224
0.240326
1.00461
0.348798
1.0
0.0178625
0.867673
0.449251
0.907671
0.508617
1.0
0.0178504
0.909575
0.388964
0.955563
0.449907
1.0
0.0178116
0.000573033
0.64921
0.0375009
0.714932
1.0
0.0177221
0.402312
0.307689
0.534914
0.484958
1.0
0.0176574
0.964452
0.316137
1.00094
0.380988
1.0
0.0176267
0.963513
0.678917
0.997974
0.747866
1.0
0.0176135
0.860352
0.312139
0.914884
0.385379
1.0
0.017555
0.765401
0.948901
0.812849
1.00098
1.0
0.0175338
0.0137635
0.894535
0.115767
1.00326
1.0
0.0175314
0.238108
0.116497
0.288504
0.176129
1.0
0.017511
0.912963
0.149303
0.998322
0.272728
1.0
0.0174915
0.96521
0.353869
1.00084
0.415155
1.0
0.0174744
0.964749
0.78462
0.998733
0.851903
1.0
0.017345
0.842006
0.953025
0.885446
1.0026
1.0
0.0172502
0.96285
0.850761
0.998518
0.918442
1.0
0.017154
0.16501
0.949809
0.211173
0.997839
1.0
0.0171295
0.111171
0.0444156
0.164117
0.121199
1.0
0.0171224
0.0918664
0.0163597
0.142758
0.0912123
1.0
0.0170916
0.850729
0.24614
0.961244
0.364015
1.0
0.0170301
0.0631434
0.615983
0.114655
0.697139
1.0
0.0169531
0.161324
0.0803945
0.214635
0.147566
1.0
0.01693
0.870953
0.892045
0.9082
0.9489
1.0
0.0168467
0.543949
0.262123
0.781212
0.550616
1.0
0.0168451
0.851941
0.510741
0.931226
0.645983
1.0
0.0167768
0.0115095
0.556467
0.096697
0.697191
1.0
0.0167046
0.888293
0.411134
0.930816
0.471958
1.0
0.0166736
0.658419
0.902365
0.758474
1.00428
1.0
0.0166519
0.098506
0.752458
0.200191
0.89092
1.0
0.016402
0.783521
0.348104
0.977034
0.639076
1.0
0.0163895
0.740192
0.951021
0.786727
1.0023
1.0
0.0163821
0.841142
0.351292
0.887923
0.413005
1.0
0.0163377
0.9231
0.484336
0.997528
0.629471
1.0
0.0162158
0.227427
0.0133635
0.289472
0.0935347
1.0
0.0162151
0.872654
0.585435
0.906916
0.639084
1.0
0.0161719
0.00225523
0.224568
0.0672791
0.352425
1.0
0.0161651
0.835591
0.00251589
0.886128
0.0529947
1.0
0.0161327
0.712347
0.1113
0.92772
0.351939
1.0
0.0161136
0.111969
0.671913
0.162741
0.747375
1.0
0.0160759
0.964735
0.181252
1.00109
0.244655
1.0
0.0160731
0.539649
0.865099
0.676721
0.996669
1.0
0.0160406
0.868578
0.487852
0.907158
0.544024
1.0
0.0159786
0.0523642
0.20862
0.161153
0.357095
1.0
0.0159379
0.521577
0.321078
0.570013
0.393852
1.0
0.0159312
0.939208
0.00960591
1.00287
0.116229
1.0
0.0158888
0.848215
0.38926
0.889425
0.444599
1.0
0.0158735
0.932485
0.784512
1.00259
0.922114
1.0
0.0158348
0.0831766
0.7891
0.137448
0.859679
1.0
0.0157939
0.255106
-0.000511134
0.308962
0.0561031
1.0
0.0157939
0.917985
0.653713
0.958509
0.720959
1.0
0.0156975
0.967305
0.0549427
0.998546
0.117039
1.0
0.0156661
0.00145149
0.549034
0.0361394
0.613737
1.0
0.015598
0.476483
0.914301
0.573658
1.00643
1.0
0.0155953
0.171256
0.886585
0.265966
0.999107
1.0
0.0155817
0.18398
0.041309
0.250401
0.123999
1.0
0.0154828
0.215714
0.953344
0.258748
0.999029
1.0
0.0154407
0.0655559
0.755419
0.113364
0.8211
1.0
0.015408
0.115918
0.717448
0.163366
0.783059
1.0
0.0153941
0.871731
0.65233
0.905228
0.70577
1.0
0.0153914
0.108281
0.880654
0.214345
0.997225
1.0
0.0153591
0.913844
0.449237
0.954456
0.50756
1.0
0.0153494
0.212265
0.069487
0.325954
0.204067
1.0
0.0153193
0.878749
0.433521
1.0093
0.724115
1.0
0.0153112
0.125027
-0.00771058
0.231176
0.104649
1.0
0.0151834
0.41142
0.348154
0.463668
0.419014
1.0
0.015149
0.868673
0.622817
0.902527
0.675403
1.0
0.015141
0.0137137
0.585168
0.0583563
0.653435
1.0
0.0151009
0.509822
0.952378
0.562699
1.00184
1.0
0.0150793
0.112209
-0.000355022
0.158841
0.0564244
1.0
0.0150735
0.208698
0.0739347
0.270346
0.147499
1.0
0.0150598
0.107916
0.620548
0.158513
0.69486
1.0
0.0150391
0.819643
0.342724
0.920555
0.470891
1.0
0.0149884
0.897976
0.654683
0.9339
0.711638
1.0
0.0149538
0.247453
0.34371
0.354002
0.497282
1.0
0.0148862
-0.00230118
0.341105
0.0577985
0.461828
1.0
0.0147694
0.876569
0.640317
1.00525
0.915053
1.0
0.0147574
0.908481
0.311174
0.958805
0.378337
1.0
0.0147414
0.942539
0.558381
1.00439
0.685538
1.0
0.0146718
0.489068
0.321676
0.53844
0.389855
1.0
0.0146705
0.967011
0.715304
0.999505
0.781569
1.0
0.0146153
0.000652494
-0.00287502
0.0388236
0.0634175
1.0
0.0145821
0.939986
0.650695
0.986675
0.724836
1.0
0.0144818
0.013138
0.852008
0.0620107
0.917477
1.0
0.0144172
0.804621
0.346563
0.851648
0.409543
1.0
0.014403
0.911078
0.183665
0.957693
0.239444
1.0
0.0143292
0.18661
0.117582
0.236452
0.177794
1.0
0.0143092
0.594729
0.322327
0.719017
0.4771
1.0
0.0142875
0.443689
0.689605
0.653525
0.954651
1.0
0.0142087
0.201899
0.677433
0.300697
0.83297
1.0
0.0142066
0.0433709
0.436462
0.223744
0.751665
1.0
0.014151
0.0639992
0.81555
0.117749
0.882116
1.0
0.0141378
0.772907
-0.00125654
0.891331
0.114257
1.0
0.0140844
0.691652
0.8377
0.86703
1.02478
1.0
0.0139593
0.0600618
0.947733
0.112788
1.00027
1.0
0.0139081
0.84984
0.586792
0.926959
0.721007
1.0
0.0139031
0.0460908
0.190151
0.249635
0.48919
1.0
0.0138836
0.28875
0.000406593
0.337917
0.0522237
1.0
0.0137919
0.171083
0.739031
0.272371
0.890078
1.0
0.0137479
0.0370665
0.753771
0.0852551
0.817234
1.0
0.0137379
0.0620455
0.522641
0.161445
0.688344
1.0
0.0137324
0.648571
0.72252
0.750888
0.890318
1.0
0.0136483
0.890868
0.892291
0.929981
0.952818
1.0
0.013621
0.000596443
0.787953
0.036945
0.846229
1.0
0.0135775
0.459795
0.346183
0.509561
0.417501
1.0
0.0135765
0.516835
0.845913
0.568654
0.907982
1.0
0.0134851
0.915832
0.485852
0.953839
0.540794
1.0
0.0134596
0.163981
0.241743
0.273653
0.390296
1.0
0.0134486
0.537108
0.370419
0.584615
0.444984
1.0
0.0134247
-0.0134272
0.342952
0.125127
0.635498
1.0
0.0134176
0.261937
0.605092
0.377691
0.775332
1.0
0.013345
0.89102
0.446829
0.931059
0.506784
1.0
0.0133293
0.499089
0.818436
0.605553
0.944752
1.0
0.0133177
0.037561
0.791911
0.0872121
0.851064
1.0
0.0132844
0.140003
0.116519
0.188838
0.17817
1.0
0.013259
0.436637
0.53692
0.566112
0.717718
1.0
0.0131546
0.0187059
0.251791
0.11283
0.402091
1.0
0.0130993
0.508663
0.0194715
0.938996
0.439079
1.0
0.0130565
0.104664
0.814409
0.157012
0.881868
1.0
0.0130413
0.00401863
0.493257
0.0777051
0.633112
1.0
0.0129738
0.387388
0.320226
0.441
0.392698
1.0
0.0129409
0.16095
0.62115
0.260119
0.76082
1.0
0.0129113
0.838367
0.284527
0.892992
0.35215
1.0
0.0128912
0.915777
0.159387
0.956878
0.207901
1.0
0.0128853
0.11318
0.953431
0.159152
1.00015
1.0
0.0128668
0.823646
0.445523
0.915718
0.583407
1.0
0.0127067
0.558191
0.311443
0.612034
0.388556
1.0
0.0126934
0.441868
0.00220168
0.483109
0.0483886
1.0
0.0126726
0.845139
0.889827
0.880978
0.945324
1.0
0.0126243
0.847184
0.452336
0.886261
0.50795
1.0
0.0126174
0.563218
0.3799
0.606539
0.444577
1.0
0.0125893
0.848796
0.679196
0.939588
0.827197
1.0
0.0125722
0.0632343
0.340713
0.161376
0.477689
1.0
0.0124417
0.781854
0.311327
0.84317
0.393019
1.0
0.0124358
0.560638
0.952494
0.612518
1.00175
1.0
0.0124321
0.112268
0.114953
0.160905
0.180279
1.0
0.0123784
0.811837
0.380689
0.853378
0.437653
1.0
0.0123345
0.142529
0.924134
0.188346
0.98645
1.0
0.0123193
0.848515
0.111333
0.952479
0.230468
1.0
0.0123116
0.65052
0.27508
0.78199
0.423638
1.0
0.012298
0.891415
0.584442
0.926231
0.637533
1.0
0.0122941
0.409772
0.787149
0.51055
0.922734
1.0
0.0122801
0.917619
0.58791
0.953803
0.643231
1.0
0.0122745
0.912291
0.129013
0.955563
0.181477
1.0
0.0122559
0.813109
0.892036
0.8523
0.952349
1.0
0.0122398
0.171991
0.190781
0.405864
0.469965
1.0
0.0122334
0.394147
0.142464
0.517398
0.294375
1.0
0.0122221
0.895637
0.62664
0.931054
0.681155
1.0
0.0121943
0.000838121
0.488681
0.0325649
0.549475
1.0
0.0121614
0.91011
0.354122
0.959189
0.419255
1.0
0.0121306
0.849125
0.489776
0.886652
0.542548
1.0
0.0121035
0.888913
0.00260313
0.933458
0.0497419
1.0
0.0120847
0.581934
0.66704
0.789776
0.970487
1.0
0.0120151
0.138314
0.682815
0.234531
0.825447
1.0
0.0119961
0.75486
0.0617534
0.889114
0.204142
1.0
0.0119599
0.755477
0.505427
0.856474
0.662029
1.0
0.0119008
-0.000219621
0.139328
0.0643903
0.282513
1.0
0.0118548
0.879267
0.824074
0.968553
0.961195
1.0
0.011844
0.313991
0.0749029
0.421458
0.212902
1.0
0.0117743
0.609801
0.953307
0.660222
1.00172
1.0
0.0117472
0.0835378
0.264223
0.198546
0.409993
1.0
0.0117208
0.467379
0.953525
0.513765
0.999927
1.0
0.0117183
0.044475
0.588076
0.0897667
0.657119
1.0
0.011713
0.434515
0.379232
0.486717
0.452883
1.0
0.0116725
0.890708
0.487672
0.929378
0.543771
1.0
0.011667
0.232602
0.245693
0.3477
0.400375
1.0
0.0116328
0.114903
0.341007
0.220875
0.475567
1.0
0.0116098
0.502178
0.408798
0.727608
0.704903
1.0
0.0115951
0.551883
0.768051
0.672439
0.92514
1.0
0.0115824
0.136279
0.620786
0.186699
0.691151
1.0
0.0115671
0.00137736
0.451046
0.0325739
0.5117
1.0
0.0115564
0.857528
0.0240901
0.905503
0.0827033
1.0
0.0115511
0.269446
0.951448
0.309446
0.995443
1.0
0.0115166
0.190046
0.952415
0.236033
1.00008
1.0
0.0114988
0.13641
0.784265
0.18189
0.848607
1.0
0.011467
0.0674464
0.412515
0.164691
0.564172
1.0
0.0114413
0.0878955
0.593978
0.135238
0.662606
1.0
0.0114278
0.313541
0.516707
0.432394
0.696171
1.0
0.0114246
0.914876
0.0525192
0.995614
0.183843
1.0
0.0113866
0.949322
0.523355
0.989865
0.584587
1.0
0.0113312
0.466749
0.00101887
0.508998
0.0480405
1.0
0.0113166
0.661386
0.950484
0.713064
1.00116
1.0
0.0113008
0.382144
0.651465
0.494105
0.809109
1.0
0.0112497
0.165552
0.621948
0.209344
0.685234
1.0
0.0112412
0.313283
0.116065
0.362281
0.177149
1.0
0.0112401
0.14165
0.572839
0.344576
0.886055
1.0
0.0112393
0.36266
0.74067
0.462799
0.896764
1.0
0.0112375
0.32003
0.657181
0.521166
0.959014
1.0
0.0112241
0.312608
0.016791
0.366504
0.0829418
1.0
0.0112088
0.915169
0.557844
0.952519
0.611851
1.0
0.0111987
0.487441
0.376547
0.536923
0.44876
1.0
0.0111977
0.92081
0.784779
0.960046
0.847416
1.0
0.0111834
0.631199
0.305259
0.686152
0.382775
1.0
0.011183
0.471924
0.75358
0.577241
0.891237
1.0
0.0111677
0.153933
0.146816
0.271942
0.297274
1.0
0.0111575
0.135816
0.808362
0.23518
0.956216
1.0
0.0111519
0.0119285
0.522132
0.0522045
0.585787
1.0
0.0111398
-0.00585195
0.410417
0.0546253
0.539565
1.0
0.011107
0.908778
0.218482
0.958953
0.278874
1.0
0.0110294
0.710923
0.47192
0.906463
0.80787
1.0
0.0110213
0.871358
0.82274
0.905423
0.877174
1.0
0.0109928
0.404291
0.0500087
0.516161
0.214381
1.0
0.0109811
0.316648
0.419314
0.364297
0.484929
1.0
0.0109607
0.486607
0.193294
0.598649
0.351999
1.0
0.0109342
0.589918
0.0057438
0.808548
0.258692
1.0
0.0109229
0.919581
0.855863
0.960317
0.917057
1.0
0.0109184
0.851092
0.625826
0.883904
0.675462
1.0
0.0109164
0.583594
0.919321
0.636971
0.983036
1.0
0.0108955
0.91271
8.28244e-05
0.958913
0.0483751
1.0
0.0108094
0.535625
0.0827533
0.640933
0.217158
1.0
0.0107581
0.114952
0.554435
0.156199
0.615941
1.0
0.0107577
0.944266
0.754828
0.987998
0.825578
1.0
0.0107308
0.190211
0.337343
0.290162
0.478242
1.0
0.0107287
0.417159
0.957402
0.457
1.00003
1.0
0.0107156
0.368441
0.90426
0.454517
1.00619
1.0
0.0106967
0.24844
-0.00580493
0.351925
0.0973594
1.0
0.0106922
0.0813116
0.918742
0.135345
0.988106
1.0
0.0106014
0.215853
0.313731
0.261202
0.381803
1.0
0.010599
0.760709
-0.00175007
0.818733
0.0553329
1.0
0.0105923
0.701702
0.676062
0.798291
0.828956
1.0
0.010578
0.517094
0.154217
0.560103
0.207363
1.0
0.0105748
0.555004
0.850173
0.605182
0.908745
1.0
0.0105685
0.885113
0.121711
0.931476
0.178542
1.0
0.0105684
0.0652646
0.555752
0.107291
0.619812
1.0
0.0105251
0.409579
0.281797
0.461662
0.356358
1.0
0.0104725
0.000804767
0.314648
0.0362321
0.384383
1.0
0.0104511
0.338279
0.449472
0.385703
0.516328
1.0
0.0104247
0.921175
0.818385
0.959215
0.881307
1.0
0.0104177
0.538585
0.000451643
0.584275
0.049441
1.0
0.0103815
0.488227
0.117556
0.590928
0.250486
1.0
0.0103741
0.217032
0.713996
0.262045
0.784767
1.0
0.0103656
0.490967
-0.00125631
0.535654
0.0485632
1.0
0.0103349
0.38901
0.38233
0.44095
0.455539
1.0
0.0103273
0.000963673
0.410884
0.0336206
0.473398
1.0
0.0103104
0.414481
0.000748632
0.458653
0.0477062
1.0
0.0103017
0.252094
0.0825568
0.302126
0.14879
1.0
0.0102687
0.109404
0.480962
0.211095
0.633374
1.0
0.0102658
0.664977
-0.000206036
0.715768
0.0526852
1.0
0.0102494
0.864483
0.185246
0.91083
0.243018
1.0
0.0102433
0.388596
0.0006181
0.431951
0.0483599
1.0
0.0102293
0.336078
0.00139706
0.382123
0.0498908
1.0
0.010213
0.941154
0.707293
0.98583
0.778877
1.0
0.0102027
0.22037
0.786008
0.260316
0.846944
1.0
0.0101831
0.143646
0.78905
0.33277
1.0216
1.0
0.0101725
0.0680834
0.378926
0.108612
0.438325
1.0
0.0101615
0.304675
0.661349
0.419074
0.833062
1.0
0.0101339
0.16474
0.819429
0.208702
0.880932
1.0
0.0101248
0.18974
0.64534
0.234109
0.715578
1.0
0.0101109
0.888952
0.529467
0.925975
0.585838
1.0
0.0100939
0.564634
0.255174
0.615754
0.326824
1.0
0.0100898
0.359371
-0.00734253
0.450469
0.0990572
1.0
0.0100787
0.851933
0.524367
0.886767
0.575048
1.0
0.0100759
-0.000374943
0.0683743
0.0388029
0.150932
1.0
0.0100649
0.0844333
0.841022
0.136548
0.908206
1.0
0.010053
0.280426
0.0209117
0.389219
0.157696
1.0
0.0100324
0.636416
0.0730528
0.75242
0.211167
1.0
0.0100235
0.220252
0.819615
0.260048
0.879804
1.0
0.0100164
0.560086
0.156431
0.676193
0.311271
1.0
0.0100119
0.414829
-0.00630461
0.503921
0.101316
