1.0
0.535293
0.511258
0.338903
0.657799
0.563425
1.0
0.0825866
0.810679
0.140869
0.867436
0.222005
1.0
0.0375497
0.734676
0.107959
0.921886
0.316239
1.0
0.0343906
0.934196
0.911909
0.998607
0.998321
1.0
0.0332309
0.0019977
0.0121097
0.08107
0.128165
1.0
0.0325656
-0.00609683
0.731082
0.256925
0.995665
1.0
0.0320102
0.265717
0.757705
0.300963
0.815441
1.0
0.0316254
0.193403
0.105533
0.296033
0.233895
1.0
0.0312191
0.669577
0.287577
0.77867
0.43143
1.0
0.0306478
0.0840888
0.555091
0.275028
0.836604
1.0
0.0304745
0.13496
0.0161384
0.19191
0.0776678
1.0
0.0304392
0.855978
0.318589
0.910781
0.380847
1.0
0.030434
0.759867
0.284646
0.881826
0.408839
1.0
0.0295141
0.470878
0.499083
0.576237
0.639303
1.0
0.0290163
0.158266
0.587397
0.258912
0.715599
1.0
0.0285608
0.812699
0.212757
0.863415
0.271156
1.0
0.0271254
0.0175949
0.28508
0.116936
0.417144
1.0
0.0261095
0.0858271
0.249944
0.190197
0.380498
1.0
0.0256907
0.004623
0.567069
0.0763558
0.713455
1.0
0.0249234
0.789836
0.346923
0.840513
0.408102
1.0
0.0248509
0.0514176
0.0279658
0.169236
0.141627
1.0
0.0247392
0.185379
0.0199271
0.236908
0.0790589
1.0
0.024584
0.00697016
0.807627
0.124892
0.934438
1.0
0.0245186
0.385306
0.38636
0.770073
0.936279
1.0
0.0244615
0.103115
0.109998
0.216916
0.244195
1.0
0.0242763
0.943195
0.489699
1.00312
0.630485
1.0
0.0242333
0.266464
0.957611
0.304438
0.998951
1.0
0.0234711
0.267927
0.816889
0.301828
0.873547
1.0
0.0234196
0.555276
0.271767
0.747748
0.517732
1.0
0.023385
0.165806
0.249978
0.269609
0.386103
1.0
0.0232276
0.118178
0.724328
0.162319
0.777837
1.0
0.0232201
0.877131
0.846269
0.995304
1.00046
1.0
0.0232129
0.038665
0.815338
0.0974191
0.878585
1.0
0.0231753
0.476286
0.317039
0.591472
0.482999
1.0
0.0230774
0.24181
0.955206
0.280797
0.99803
1.0
0.0229895
0.00907641
0.67311
0.110133
0.821309
1.0
0.0228345
0.101235
0.608969
0.199594
0.743083
1.0
0.022701
0.932977
0.285285
0.987289
0.347443
1.0
0.0226905
0.836263
0.906517
0.92961
1.00395
1.0
0.0224672
0.725108
0.148387
0.829327
0.273686
1.0
0.022366
0.129286
0.0182471
0.239484
0.128257
1.0
0.0222945
0.767592
0.18696
0.814145
0.249439
1.0
0.022286
0.320079
0.951388
0.361554
0.996555
1.0
0.0222462
0.00156374
0.639836
0.0418281
0.718349
1.0
0.0220148
0.960353
0.712661
0.999705
0.794241
1.0
0.021892
-0.000899494
0.953595
0.0356884
0.998869
1.0
0.0218535
0.237862
0.917228
0.276205
0.973732
1.0
0.0218181
0.00727905
0.876218
0.114654
0.990544
1.0
0.0217975
0.812363
0.253399
0.863511
0.309983
1.0
0.0217052
0.490418
0.348014
0.541512
0.420491
1.0
0.0216911
0.863435
0.947427
0.911613
0.999725
1.0
0.0215736
0.228819
0.745774
0.302159
0.872975
1.0
0.0214995
0.060077
0.174073
0.168424
0.318126
1.0
0.0214958
0.583493
0.677569
0.672988
0.815563
1.0
0.0214878
0.467179
0.460553
0.659508
0.722919
1.0
0.0214572
0.823045
0.602722
0.909124
0.741804
1.0
0.0213315
0.00671792
0.214184
0.0885809
0.349501
1.0
0.0212364
0.252511
0.78449
0.28547
0.838866
1.0
0.0212153
0.561396
0.576485
0.664327
0.718904
1.0
0.0211771
0.168333
0.725859
0.214982
0.783817
1.0
0.0211389
0.0112917
0.00525796
0.0630849
0.0638144
1.0
0.0209962
0.961752
0.776066
1.00042
0.855331
1.0
0.0209693
0.963743
0.152097
0.999644
0.212657
1.0
0.0209649
0.84318
0.386837
0.888404
0.443534
1.0
0.0209413
0.244913
0.732661
0.280548
0.786381
1.0
0.0208592
0.961558
0.318633
0.999767
0.381816
1.0
0.0208028
0.85935
0.184721
0.909718
0.241232
1.0
0.0207945
-0.00169262
0.140382
0.0605384
0.256623
1.0
0.0207902
0.414735
0.949431
0.457104
0.99525
1.0
0.0207241
0.140196
0.690107
0.236419
0.829184
1.0
0.0206549
0.191989
0.925902
0.228831
0.977088
1.0
0.0206033
0.962684
0.218296
1.00073
0.279233
1.0
0.0205563
0.937437
0.810343
1.00444
0.948158
1.0
0.0205368
0.309008
0.268399
0.426568
0.396967
1.0
0.0205321
0.253247
0.112469
0.38006
0.244627
1.0
0.0204268
0.936315
0.163023
1.00503
0.270412
1.0
0.0203255
0.887195
0.226282
0.933843
0.27635
1.0
0.0203209
0.000671417
0.0717321
0.0404934
0.14845
1.0
0.0203108
0.263606
0.776363
0.353361
0.917324
1.0
0.0202888
0.788524
0.290423
0.842457
0.356332
1.0
0.0202787
0.963833
0.186042
1.00024
0.246831
1.0
0.0201336
0.933324
0.0961068
1.00051
0.20464
1.0
0.0199887
0.167965
0.882934
0.254332
0.993794
1.0
0.0197199
0.36678
0.951872
0.408051
0.996152
1.0
0.0196784
0.0600709
0.315019
0.161293
0.442532
1.0
0.019511
0.736189
0.285675
0.787537
0.354036
1.0
0.0194847
0.794518
0.233955
0.908817
0.359417
1.0
0.0194625
0.836477
0.35177
0.891757
0.411122
1.0
0.0194188
0.417726
0.545299
0.534093
0.697154
1.0
0.019401
0.239604
0.8909
0.271377
0.940146
1.0
0.0193581
0.00137852
0.182995
0.0359723
0.245342
1.0
0.0193563
0.219315
0.913244
0.300815
1.00649
1.0
0.01931
0.585305
0.320587
0.638938
0.3986
1.0
0.0192436
0.0289171
0.514359
0.127097
0.670061
1.0
0.0192049
0.222918
0.826339
0.298783
0.955408
1.0
0.019157
0.385229
0.659289
0.489129
0.814885
1.0
0.0191485
0.0191126
0.128225
0.114885
0.272847
1.0
0.0191268
0.464001
0.232723
0.56609
0.369081
1.0
0.0191266
0.1374
0.688201
0.183679
0.750017
1.0
0.0191145
0.792116
0.381471
0.834995
0.435498
1.0
0.0191128
0.111705
0.315728
0.160281
0.382509
1.0
0.0191102
0.535697
0.320079
0.590527
0.396223
1.0
0.019085
0.570648
0.107949
0.790515
0.400531
1.0
0.0190664
0.804104
0.342442
0.90589
0.464459
1.0
0.0190621
-0.00189459
0.77518
0.0805751
0.878062
1.0
0.0190068
0.642945
0.722292
0.683574
0.781736
1.0
0.0189373
0.697641
0.874762
0.79171
0.989244
1.0
0.0188406
0.708582
0.196938
0.982652
0.66102
1.0
0.0188297
0.910456
0.315128
0.962044
0.373697
1.0
0.0187616
0.0605805
0.914958
0.112165
0.974727
1.0
0.018754
0.00197726
0.820242
0.0420942
0.876627
1.0
0.0186516
0.964537
0.643267
1.00074
0.721794
1.0
0.0186221
0.210957
0.00313767
0.258704
0.0531053
1.0
0.0186095
0.765473
0.315425
0.816261
0.384685
1.0
0.0186061
0.346474
0.610876
0.455334
0.765731
1.0
0.0185892
0.0860155
0.0197249
0.141574
0.0807451
1.0
0.0185808
0.14139
0.952705
0.182292
0.995341
1.0
0.0185607
0.792976
0.175364
0.849382
0.247148
1.0
0.0183336
0.0161989
0.918356
0.0703065
0.980034
1.0
0.0183014
0.266349
0.693716
0.355464
0.83093
1.0
0.0182274
0.217917
0.95457
0.256344
0.997477
1.0
0.0181273
0.960378
0.254304
0.999771
0.317801
1.0
0.0180707
0.000598872
0.753589
0.0360456
0.812126
1.0
0.0180133
0.236633
0.257309
0.352548
0.390843
1.0
0.0179736
0.341472
0.929092
0.384361
0.984986
1.0
0.0178876
0.187772
0.029971
0.298491
0.157136
1.0
0.0178759
0.0132214
0.286681
0.0573217
0.353326
1.0
0.0178271
0.933266
0.677371
1.00379
0.851723
1.0
0.0178261
0.907185
0.324992
0.995612
0.447407
1.0
0.017819
0.711548
0.240559
0.820323
0.37072
1.0
0.0177791
0.7664
0.955825
0.807898
1.0016
1.0
0.0177462
0.183762
0.166361
0.28856
0.306912
1.0
0.0177335
0.15604
0.775982
0.249574
0.923873
1.0
0.0177184
0.062047
0.697588
0.167691
0.830811
1.0
0.017714
0.275761
-0.00268581
0.399928
0.120548
1.0
0.0176827
0.821985
0.617052
0.865564
0.676187
1.0
0.0176782
0.801003
0.557329
0.889105
0.68091
1.0
0.0176347
0.165729
0.952107
0.207276
0.99511
1.0
0.0176254
0.212873
0.7313
0.255284
0.790182
1.0
0.0176095
0.964406
0.454556
1.00095
0.528202
1.0
0.0175632
0.287612
6.84075e-05
0.342643
0.0542547
1.0
0.0175507
0.82311
0.677629
0.910057
0.820593
1.0
0.0175471
0.663926
0.284972
0.713289
0.357978
1.0
0.0175426
0.250019
0.81974
0.282463
0.874133
1.0
0.0175267
0.639822
0.23178
0.740631
0.366778
1.0
0.0174191
0.212379
0.0532504
0.261279
0.111501
1.0
0.0174124
0.063136
0.760311
0.109959
0.818044
1.0
0.0173812
0.741077
0.189085
0.784078
0.247342
1.0
0.0173489
0.237274
0.0199869
0.290436
0.081715
1.0
0.017318
0.815944
0.817425
0.856428
0.870138
1.0
0.0171769
0.000226114
0.887994
0.0373764
0.94309
1.0
0.0171465
0.00095533
0.855345
0.0380232
0.910223
1.0
0.0171062
0.813531
0.385552
0.859286
0.440715
1.0
0.0170868
0.766083
0.256523
0.811878
0.313002
1.0
0.0170636
0.964873
0.383558
1.00115
0.451072
1.0
0.0170636
-0.000598997
0.324558
0.0670466
0.433679
1.0
0.0170597
0.22018
0.78796
0.256104
0.844306
1.0
0.0170371
0.03041
0.74644
0.13945
0.878426
1.0
0.017025
0.961756
0.573016
1.001
0.658204
1.0
0.0170211
0.814414
0.915715
0.866808
0.983758
1.0
0.0169946
0.75638
0.408164
0.997309
0.925859
1.0
0.0169721
0.755558
0.760996
0.998233
1.01696
1.0
0.016961
0.689419
0.310518
0.741796
0.388909
1.0
0.0169454
0.220106
0.823421
0.25404
0.876216
1.0
0.0168881
0.886124
0.255087
0.934866
0.308183
1.0
0.0168382
0.962753
0.881068
1.00069
0.94979
1.0
0.0167608
0.61349
0.719022
0.65508
0.777773
1.0
0.016738
0.322348
0.70222
0.423075
0.853346
1.0
0.0167039
0.263889
0.924002
0.303301
0.980404
1.0
0.0166751
0.245509
0.864258
0.277863
0.916573
1.0
0.0166737
0.266727
0.855199
0.300258
0.907775
1.0
0.0166708
0.413372
0.285748
0.517494
0.423363
1.0
0.0165884
0.637749
0.314856
0.68708
0.388763
1.0
0.0165869
0.0658783
0.728574
0.111478
0.786046
1.0
0.0165287
0.070014
0.382145
0.492183
0.946534
1.0
0.0165089
0.192351
0.743834
0.238106
0.810856
1.0
0.0164678
0.79359
0.417553
0.889783
0.544544
1.0
0.0164377
0.744913
0.90431
0.836165
1.00752
1.0
0.0163813
0.658611
0.357469
0.769232
0.514821
1.0
0.0163789
0.0637911
0.952897
0.110984
0.998357
1.0
0.0163043
0.741764
0.222057
0.785444
0.274639
1.0
0.0162784
0.295623
0.956083
0.335615
0.999512
1.0
0.0162408
0.116696
0.905461
0.201295
1.00396
1.0
0.0161431
0.000625037
0.320048
0.0367467
0.385757
1.0
0.0160649
0.861403
0.567614
0.951459
0.723451
1.0
0.01599
0.393235
0.925711
0.437196
0.984241
1.0
0.0159463
0.111205
0.82068
0.154353
0.872612
1.0
0.0159343
0.164865
0.189128
0.21273
0.251513
1.0
0.0159318
0.715937
0.951633
0.760134
1.00098
1.0
0.0159102
0.113684
0.751645
0.159758
0.809331
1.0
0.0158816
0.740092
0.258045
0.785612
0.315928
1.0
0.0158729
0.800168
0.169761
0.899537
0.285869
1.0
0.015863
0.554359
0.226317
0.664267
0.372164
1.0
0.0158597
0.9161
0.951049
0.962057
1.00092
1.0
0.0158453
0.709346
0.339056
0.76497
0.418489
1.0
0.0158334
0.115071
0.177397
0.162369
0.241297
1.0
0.0158235
0.665115
0.158659
0.762807
0.281801
1.0
0.0157951
0.664614
0.95561
0.707154
1.0001
1.0
0.0157664
0.556763
0.347973
0.617218
0.436632
1.0
0.0157445
0.0894174
0.279989
0.140264
0.345878
1.0
0.0157345
0.137955
0.638426
0.189996
0.712269
1.0
0.0157267
0.140791
0.754465
0.182913
0.809952
1.0
0.015691
0.0836994
0.815577
0.132056
0.870834
1.0
0.0156803
0.288486
0.754308
0.326391
0.811118
1.0
0.0156425
0.173117
0.817536
0.346054
1.02839
1.0
0.0156308
0.516892
0.612658
0.623927
0.752033
1.0
0.0155965
0.420031
0.116246
0.625146
0.400601
1.0
0.0155733
0.867759
0.790396
0.907486
0.848549
1.0
0.0155603
0.853558
0.152265
0.904652
0.215027
1.0
0.0155391
0.820185
0.55915
0.861156
0.609184
1.0
0.015518
0.120055
0.6139
0.169549
0.686688
1.0
0.0155141
0.356576
0.230921
0.466354
0.361235
1.0
0.0155103
0.635077
0.714672
0.713887
0.850848
1.0
0.0155082
0.0810982
0.100324
0.279754
0.364419
1.0
0.0154823
0.884078
0.294402
0.936179
0.348235
1.0
0.0154684
0.870164
0.674299
0.955822
0.828718
1.0
0.0154197
0.0136353
0.21229
0.0551716
0.275847
1.0
0.0154194
0.273716
0.888852
0.37042
1.0022
1.0
0.0153941
0.214257
0.176787
0.267933
0.243304
1.0
0.0153428
0.210752
0.0919213
0.26353
0.159206
1.0
0.0153361
0.885719
0.192142
0.931827
0.243951
1.0
0.0153361
0.00160238
0.254315
0.0340719
0.313304
1.0
0.0153326
0.0882895
0.58134
0.135231
0.647754
1.0
0.0153083
0.0940652
0.726976
0.138533
0.781711
1.0
0.0152653
0.321319
0.786372
0.35817
0.842904
1.0
0.015241
0.114458
0.00423004
0.167989
0.0553986
1.0
0.0152387
0.209628
0.611202
0.262015
0.685513
1.0
0.0152307
0.661181
0.375704
0.713868
0.451068
1.0
0.0151766
0.163481
0.687206
0.213867
0.752424
1.0
0.0151601
0.855328
0.17905
1.01308
0.431974
1.0
0.0151493
0.000503853
0.716721
0.0362889
0.778944
1.0
0.0151376
0.911227
0.192154
0.95902
0.245849
1.0
0.0150766
0.453128
0.404908
0.556617
0.571311
1.0
0.0150595
0.375316
0.137944
0.496729
0.269423
1.0
0.0150184
0.0931704
0.61753
0.139844
0.684486
1.0
0.015011
0.560396
0.65027
0.612483
0.720082
1.0
0.0149978
0.0940753
0.527226
0.194927
0.677764
1.0
0.0149837
0.843055
0.314503
0.951255
0.431812
1.0
0.014944
0.31746
0.753058
0.357721
0.813333
1.0
0.0149369
0.945019
0.598016
1.00735
0.765818
1.0
0.0149366
0.182554
0.642561
0.277695
0.791345
1.0
0.0149335
0.0303151
-0.00507241
0.128857
0.093492
1.0
0.014907
0.392057
0.720011
0.433668
0.780556
1.0
0.0149036
0.194707
0.786419
0.233576
0.844688
1.0
0.0149023
0.223968
0.863878
0.256823
0.916669
1.0
0.0148583
0.114452
0.308136
0.220473
0.44008
1.0
0.014855
0.7186
0.856671
0.761583
0.917555
1.0
0.0148482
0.158114
0.00732346
0.21089
0.0578332
1.0
0.0148259
0.142405
0.591086
0.194866
0.664381
1.0
0.0147716
0.372703
0.897023
0.463137
0.997805
1.0
0.0147648
0.793422
0.953322
0.837664
1.0021
1.0
0.0147273
0.819963
0.787796
0.907254
0.909032
1.0
0.0146924
0.231256
0.0103686
0.456086
0.229601
1.0
0.0146839
0.0594552
0.648348
0.105664
0.713174
1.0
0.0146277
0.836069
0.516516
0.924558
0.657198
1.0
0.0145643
0.109881
0.123981
0.162483
0.190399
1.0
0.0145218
0.880747
0.265609
0.981548
0.368852
1.0
0.0144894
0.719718
0.222067
0.759168
0.273143
1.0
0.0144686
0.309958
0.119467
0.365925
0.185062
1.0
0.0144528
0.82891
0.292935
0.893471
0.358656
1.0
0.014397
0.0642971
0.78809
0.186303
0.92033
1.0
0.01439
0.00762452
0.107608
0.0531166
0.181841
1.0
0.0143801
0.856109
0.382757
0.95986
0.520239
1.0
0.0143714
0.0606335
0.348165
0.110964
0.417032
1.0
0.0143515
0.0578912
0.415083
0.155917
0.563456
1.0
0.0143189
0.901914
0.518678
0.985924
0.688342
1.0
0.0143182
0.259569
0.0508388
0.314984
0.112908
1.0
0.0142759
0.776522
0.725384
0.86655
0.861012
1.0
0.0142669
0.840762
0.415454
0.88581
0.474913
1.0
0.014241
0.638664
0.882311
0.737647
0.992365
1.0
0.0142403
0.506521
0.561385
0.56194
0.644403
1.0
0.0142306
0.312111
0.186306
0.365251
0.245823
1.0
0.0142145
0.25602
0.114532
0.312928
0.183305
1.0
0.0141872
0.286047
0.646123
0.489365
0.959126
1.0
0.0140615
0.0015252
0.583109
0.0418946
0.663012
1.0
0.0140353
0.936817
-0.00314119
0.999917
0.0801979
1.0
0.0140156
0.160821
0.0469406
0.210707
0.104206
1.0
0.0140124
0.36819
0.188226
0.417057
0.243919
1.0
0.0140066
0.740181
0.953227
0.786974
1.00263
1.0
0.0139551
0.259852
0.184058
0.309291
0.241395
1.0
0.013952
0.11034
0.258319
0.159572
0.32255
1.0
0.0139494
0.490794
0.286955
0.538212
0.351995
1.0
0.0139456
0.918505
0.514736
0.962965
0.588053
1.0
0.0139083
0.244622
0.686776
0.282818
0.745816
1.0
0.0139021
0.262966
0.615953
0.361327
0.758254
1.0
0.0138982
0.818953
0.455527
0.860632
0.51292
1.0
0.0138873
0.0873501
0.358881
0.286599
0.669274
1.0
0.0138773
0.636363
0.64352
0.684582
0.713541
1.0
0.0138351
0.0639845
0.112886
0.113858
0.183719
1.0
0.0137673
0.290739
0.785744
0.326618
0.840076
1.0
0.0137473
0.817257
0.0536728
0.861023
0.117403
1.0
0.0137452
0.607735
0.34568
0.656778
0.428156
1.0
0.0136321
0.868025
0.858216
0.909139
0.916927
1.0
0.0135993
0.439965
0.581776
0.489623
0.654114
1.0
0.0135801
0.0374358
0.890477
0.0909284
0.952995
1.0
0.0135771
0.88758
0.884852
0.931071
0.948472
1.0
0.0135649
0.455206
0.598862
0.56634
0.745598
1.0
0.0135456
0.871586
0.719414
0.910055
0.776686
1.0
0.0135376
0.742167
0.856197
0.784754
0.913158
1.0
0.0135314
0.441225
0.719172
0.482671
0.779358
1.0
0.0134964
0.360777
0.31154
0.412161
0.37912
1.0
0.0134234
0.639778
0.782283
0.729127
0.91934
1.0
0.013423
0.213586
0.313279
0.262977
0.380155
1.0
0.0134211
0.0370272
0.723035
0.0843076
0.781637
1.0
0.0134138
0.0625585
0.180879
0.108653
0.244756
1.0
0.0134113
0.0883776
0.350018
0.138489
0.414701
1.0
0.0133596
0.0896014
0.758261
0.134459
0.813923
1.0
0.0133377
0.516381
0.651415
0.561452
0.715134
1.0
0.0133286
0.768748
0.384207
0.810205
0.439914
1.0
0.0133266
0.768831
0.828336
0.802766
0.875911
1.0
0.013291
0.837322
0.0393991
0.994746
0.287001
1.0
0.0132206
0.162064
0.335868
0.269845
0.467164
1.0
0.0132199
0.366791
0.645286
0.415085
0.719675
1.0
0.0132019
0.0596076
0.576849
0.104662
0.645362
1.0
0.0131869
0.821238
0.650981
0.862421
0.707086
1.0
0.0131753
0.699548
0.801709
0.785256
0.927627
1.0
0.013145
0.368485
0.717472
0.41133
0.780856
1.0
0.013142
0.416757
0.719304
0.459189
0.780848
1.0
0.013122
0.608874
0.684996
0.654802
0.748368
1.0
0.0131168
0.420207
0.715357
0.874884
1.01003
1.0
0.0130829
0.439331
0.954067
0.480556
0.997609
1.0
0.0130597
0.3433
0.720928
0.38585
0.780682
1.0
0.0130565
0.909506
0.349375
0.961595
0.411038
1.0
0.0130442
0.882331
0.350337
0.933653
0.408545
1.0
0.0130424
0.170466
0.627714
0.360684
0.917156
1.0
0.013009
0.0642078
0.219246
0.110313
0.282438
1.0
0.0130031
0.166037
0.284532
0.216458
0.352428
1.0
0.0129992
0.720935
0.190558
0.759996
0.246705
1.0
0.0129933
0.663843
0.647433
0.753348
0.78702
1.0
0.0129645
0.561291
0.156948
0.667151
0.284355
1.0
0.0129147
0.55908
0.287074
0.60946
0.356455
1.0
0.0129007
0.684493
0.54726
0.880713
0.850519
1.0
0.0128961
0.119492
0.86397
0.157124
0.913935
1.0
0.0128795
0.816309
0.0943559
0.859793
0.15563
1.0
0.0128405
0.909817
0.256083
0.966104
0.315944
1.0
0.0128346
0.310913
0.312656
0.365801
0.378487
1.0
0.0128326
0.46755
0.956857
0.504624
0.9975
1.0
0.0128071
0.350886
0.354743
0.551934
0.657439
1.0
0.012806
0.940324
0.416281
0.988322
0.486268
1.0
0.0127949
0.342578
0.790194
0.379815
0.844191
1.0
0.0127705
0.0120911
0.370328
0.113508
0.51901
1.0
0.0127531
0.0674329
0.255427
0.115919
0.321631
1.0
0.0127511
0.305427
0.0108487
0.36777
0.0804759
1.0
0.0127473
0.916372
0.576596
0.95855
0.648038
1.0
0.012716
0.19521
0.822436
0.233389
0.879486
1.0
0.0127131
0.199921
0.897772
0.232421
0.944621
1.0
0.0127026
0.642777
0.820479
0.824723
1.01853
1.0
0.0126932
0.46547
0.483012
0.519534
0.560967
1.0
0.0126728
0.303097
0.149933
0.422238
0.274744
1.0
0.0126496
0.892064
0.820964
0.929889
0.876571
1.0
0.0126298
0.321588
0.820969
0.357807
0.87513
1.0
0.0126289
0.917306
0.783052
0.959272
0.850069
1.0
0.0126179
0.691655
0.223223
0.733188
0.276432
1.0
0.0126174
0.7157
0.650387
0.809106
0.787869
1.0
0.0126036
0.691783
0.953787
0.734839
1.0018
1.0
0.0125836
0.625301
0.606606
0.71778
0.749175
1.0
0.0125726
0.580695
0.430398
0.638131
0.522898
1.0
0.0125667
0.770294
0.149447
0.816718
0.214476
1.0
0.0125588
0.267017
0.10002
0.49267
0.362971
1.0
0.0125496
0.614498
0.287143
0.660873
0.356332
1.0
0.0125326
0.237819
0.643292
0.28071
0.714583
1.0
0.0125121
0.797876
0.822196
0.834786
0.871623
1.0
0.0125034
0.886795
0.197483
0.9818
0.304115
1.0
0.012492
0.691308
0.718705
0.778069
0.858274
1.0
0.0124812
0.916206
0.88307
0.957835
0.944576
1.0
0.0124462
0.820399
0.720751
0.85895
0.77468
1.0
0.0124434
0.772094
0.652835
0.866303
0.787199
1.0
0.0124179
0.919055
0.715367
0.961579
0.783019
1.0
0.0124075
0.422691
0.826843
0.456242
0.873382
1.0
0.0123962
0.65966
0.752817
0.697514
0.813306
1.0
0.0123818
0.091218
0.956672
0.136182
1.00056
1.0
0.0123756
0.813831
0.853681
0.857833
0.913058
1.0
0.0123734
0.451242
0.142349
0.561655
0.272067
1.0
0.0123705
0.0954912
0.690737
0.139381
0.747734
1.0
0.012368
0.6146
0.953822
0.658848
0.99773
1.0
0.0123343
0.115596
0.217365
0.161908
0.27785
1.0
0.0123333
0.869951
0.777999
0.95803
0.915729
1.0
0.0123176
0.397615
0.789199
0.430668
0.836927
1.0
0.0122901
0.365802
0.0213149
0.587461
0.246304
1.0
0.0122661
0.52122
0.709677
0.618281
0.851602
1.0
0.0122645
0.796044
0.454426
0.83516
0.507484
1.0
0.0122617
0.0869969
0.0528977
0.135612
0.108806
1.0
0.0122612
0.931702
0.0306847
1.0018
0.149635
1.0
0.0122606
0.164766
0.792504
0.204479
0.848443
1.0
0.0122494
0.819659
0.527332
0.860537
0.581315
1.0
0.0122087
0.578248
0.369835
0.640045
0.469548
1.0
0.0122021
0.264983
0.31418
0.314506
0.377981
1.0
0.0121938
0.662541
0.786241
0.698873
0.83934
1.0
0.0121916
0.794575
0.0394905
0.881996
0.18535
1.0
0.0121882
0.462307
0.643635
0.509568
0.713253
1.0
0.0121694
0.710532
0.402485
0.818053
0.543049
1.0
0.0121499
0.792221
0.421374
0.834665
0.474429
1.0
0.0121443
0.430751
0.703283
0.527607
0.847471
1.0
0.0121334
0.884806
0.159534
0.931166
0.214804
1.0
0.0121229
0.690672
0.256678
0.734947
0.318928
1.0
0.0121171
0.860534
0.616186
0.907324
0.683146
1.0
0.0121116
0.0101064
0.548992
0.0592524
0.629656
1.0
0.0120731
0.817629
0.421384
0.86117
0.475976
1.0
0.0120216
0.552176
0.560219
0.744672
0.852276
1.0
0.0120201
0.67033
0.857694
0.708276
0.91172
1.0
0.0120182
0.0626053
0.685588
0.106211
0.744588
1.0
0.0120156
0.843869
0.795821
0.883629
0.849969
1.0
0.0120151
0.742804
0.151889
0.784572
0.213061
1.0
0.0119992
0.0403158
0.185084
0.0818003
0.243642
1.0
0.011969
0.86394
0.556856
0.906125
0.612367
1.0
0.0119687
0.291464
0.823509
0.327329
0.877593
1.0
0.0119464
0.16273
0.118599
0.213113
0.183801
1.0
0.0119387
0.640229
0.688109
0.684408
0.75116
1.0
0.0119094
0.692406
0.192356
0.731815
0.247237
1.0
0.0118866
0.916833
0.4515
0.960005
0.516145
1.0
0.0118769
0.884292
0.384083
0.93433
0.445544
1.0
0.0118713
0.8712
0.754498
0.909515
0.815518
1.0
0.0118605
0.819659
0.690489
0.859419
0.744459
1.0
0.0118299
0.418992
0.861072
0.453682
0.911869
1.0
0.0118094
0.292739
0.856678
0.327387
0.909147
1.0
0.0117852
0.142006
0.796779
0.181893
0.850425
1.0
0.0117825
0.443656
0.791095
0.478817
0.841607
1.0
0.0117797
0.819023
0.760367
0.855898
0.815631
1.0
0.0117504
0.486181
0.445238
0.539476
0.52217
1.0
0.0117397
0.69713
0.85925
0.735335
0.916116
1.0
0.0117368
0.31528
0.218287
0.366356
0.273124
1.0
0.011729
0.332127
-0.0016205
0.389453
0.0546476
1.0
0.0117286
0.264604
0.338951
0.376915
0.468091
1.0
0.0117258
0.440717
0.753212
0.481183
0.811056
1.0
0.0117151
0.141376
0.49032
0.241998
0.646961
1.0
0.0117098
0.59321
0.748066
0.634971
0.810117
1.0
0.0116996
0.693559
0.912619
0.737381
0.978627
1.0
0.0116773
0.113873
0.379834
0.158891
0.441039
1.0
0.0116773
0.123087
0.92135
0.164569
0.976292
1.0
0.0116728
0.36518
0.220208
0.412432
0.272514
1.0
0.011657
0.139378
0.31397
0.188774
0.378145
1.0
0.0116486
0.638832
0.953819
0.685362
1.00046
1.0
0.0116432
0.134864
0.150686
0.18383
0.211494
1.0
0.011612
0.800021
0.591312
0.836472
0.639203
1.0
0.011603
0.468261
0.322074
0.515014
0.388726
1.0
0.0115774
0.164704
0.154731
0.211999
0.214686
1.0
0.0115766
0.76511
0.00155958
0.80935
0.0515551
1.0
0.0115517
0.222234
0.447892
0.43837
0.749726
1.0
0.0115402
0.345237
0.823417
0.381688
0.875168
1.0
0.0115329
0.843016
0.00449421
0.882687
0.0475129
1.0
0.0115297
0.486936
0.614937
0.538744
0.687604
1.0
0.0115187
0.468955
0.381774
0.516121
0.450863
1.0
0.0114569
0.341898
0.647082
0.388177
0.716081
1.0
0.0114252
0.603301
0.470965
0.708442
0.627845
1.0
0.0113908
0.614511
0.116002
0.718455
0.24784
1.0
0.0113861
0.443776
0.824331
0.478549
0.87279
1.0
0.011384
0.438659
0.000786027
0.48608
0.0516954
1.0
0.011383
0.413771
0.781395
0.504157
0.91516
1.0
0.0113711
0.694667
0.653152
0.733005
0.711428
1.0
0.0113372
0.666355
0.220807
0.709586
0.274854
1.0
0.0113264
0.224218
0.590764
0.321019
0.720591
1.0
0.0113249
0.612176
0.400822
0.823973
0.705173
1.0
0.0113166
0.863462
0.485923
0.905881
0.544109
1.0
0.0113163
0.839089
0.48411
0.881586
0.541786
1.0
0.0113065
0.837673
0.591612
0.882083
0.651619
1.0
0.0112746
0.414875
0.646639
0.462332
0.717815
1.0
0.0112734
0.0448091
0.208379
0.234051
0.485132
1.0
0.0112243
0.237632
0.59833
0.279756
0.660767
1.0
0.0112161
0.79839
0.561371
0.837462
0.608866
1.0
0.0111985
0.263032
0.885897
0.296941
0.937351
1.0
0.0111781
0.7216
0.828461
0.758598
0.882367
1.0
0.0111773
0.86586
0.00307018
0.906803
0.0472976
1.0
0.0111341
0.51448
0.191205
0.559764
0.245541
1.0
0.011096
0.570458
0.908805
0.660375
1.00187
1.0
0.0110666
0.91076
0.417186
0.958788
0.481749
1.0
0.0110563
0.317905
0.808551
0.413322
0.954353
1.0
0.0110313
0.515282
0.222017
0.560104
0.27555
1.0
0.011026
0.891627
0.554879
0.934452
0.61673
1.0
0.0110235
0.478085
0.0925235
0.580565
0.21702
1.0
0.0110204
0.915892
0.646247
0.955756
0.715007
1.0
0.0110008
0.142789
0.216038
0.191004
0.276317
1.0
0.0109807
0.634589
0.00339583
0.727508
0.127235
1.0
0.0109613
0.444629
0.860093
0.477996
0.908501
1.0
0.0109312
0.215237
0.687627
0.25885
0.74844
1.0
0.0109143
0.33637
0.229588
0.528377
0.493389
1.0
0.0109079
0.861881
0.452036
0.904717
0.511942
1.0
0.0108864
0.164089
0.0881559
0.213083
0.147796
1.0
0.0108814
0.607588
0.406716
0.655412
0.487932
1.0
0.0108593
0.888485
0.786516
0.930385
0.849704
1.0
0.0108583
0.372373
0.859525
0.405962
0.909112
1.0
0.0108365
0.337776
0.29075
0.390941
0.356926
1.0
0.0108262
0.81699
0.00339955
0.859259
0.0507724
1.0
0.0108237
0.369771
0.789311
0.405151
0.841322
1.0
0.0108212
0.36435
0.256975
0.41033
0.313915
1.0
0.0108
0.385692
-0.000415552
0.436322
0.0509314
1.0
0.0107991
0.865312
0.525015
0.905369
0.581172
1.0
0.0107925
0.616732
0.748532
0.658468
0.810207
1.0
0.0107679
0.318271
0.684579
0.361588
0.749579
1.0
0.0107499
0.267071
0.260514
0.312047
0.31687
1.0
0.010738
0.000700369
0.449726
0.0871365
0.611762
1.0
0.0107337
0.397319
0.864221
0.431069
0.91355
1.0
0.0107117
0.740444
0.383753
0.785963
0.444137
1.0
0.0106847
0.216797
0.559669
0.257497
0.620451
1.0
0.0106839
0.116029
0.378693
0.217358
0.515903
1.0
0.0106723
0.16249
0.421243
0.266187
0.557693
1.0
0.0106699
0.77309
0.480686
0.871933
0.61275
1.0
0.0106674
0.56707
0.74188
0.663164
0.887311
1.0
0.0106581
0.444553
0.515959
0.494867
0.588995
1.0
0.0106581
0.347705
0.855734
0.38162
0.904883
1.0
0.0106532
0.795775
0.857895
0.833221
0.909368
1.0
0.0106459
0.74301
0.0018807
0.783785
0.0494629
1.0
0.0106241
0.844003
0.718749
0.883507
0.774647
1.0
0.0105994
0.890751
0.488055
0.93403
0.550217
1.0
0.0105854
0.84312
0.853255
0.884713
0.910652
1.0
0.0105531
0.716354
0.65271
0.755391
0.711454
1.0
0.0105411
0.406269
0.185815
0.460183
0.245181
1.0
0.0105395
0.36874
0.825789
0.40326
0.874725
1.0
0.0105348
0.692374
0.721634
0.728809
0.775544
1.0
0.0105294
0.690005
0.585452
0.780351
0.722025
1.0
0.0105177
0.670417
0.0861683
0.76244
0.216378
1.0
0.0105108
0.389973
0.585656
0.439643
0.656472
1.0
0.0104572
0.0820443
0.0702648
0.553329
0.577603
1.0
0.0104501
0.0623362
0.846324
0.108487
0.90636
1.0
0.010441
0.0920273
0.890621
0.134818
0.944294
1.0
0.0104272
0.139476
0.256017
0.186078
0.316352
1.0
0.010403
0.287847
0.290327
0.341137
0.354415
1.0
0.0103968
0.18378
0.168113
0.389698
0.43466
1.0
0.0103915
0.116489
0.557023
0.160491
0.6222
1.0
0.0103864
0.0318149
0.678404
0.081128
0.747148
1.0
0.0103788
0.318614
0.648768
0.360565
0.713974
1.0
0.0103694
0.422282
0.791123
0.456711
0.841167
1.0
0.0103623
0.166439
0.860668
0.201796
0.910107
1.0
0.0103552
0.362574
0.530658
0.475538
0.682319
1.0
0.0103518
1.99974e-05
0.366039
0.170239
0.688738
1.0
0.010349
0.540619
0.192796
0.584281
0.244859
1.0
0.0103443
0.640862
0.255363
0.684497
0.317221
1.0
0.0103316
0.569041
0.716611
0.61141
0.774115
1.0
0.0103245
0.5093
0.372953
0.567638
0.456939
1.0
0.0103203
0.74745
0.546268
0.84156
0.678122
1.0
0.0103133
0.767928
0.830896
0.868024
0.950338
1.0
0.0103112
0.913625
0.156148
0.958359
0.210161
1.0
0.0103033
0.306704
0.0514953
0.364259
0.114769
1.0
0.0102945
0.211386
0.483707
0.313286
0.627909
1.0
0.0102869
0.32058
0.856319
0.35598
0.910275
1.0
0.0102736
0.411285
0.220044
0.459946
0.273013
1.0
0.0102733
0.332757
0.327184
0.444794
0.468294
1.0
0.0102709
0.641591
0.223346
0.683809
0.275958
1.0
0.0102635
0.464935
0.716903
0.505359
0.77532
1.0
0.0102595
0.616071
0.222044
0.658413
0.273894
1.0
0.0102522
0.0388878
0.285537
0.0879386
0.352198
1.0
0.0102499
0.542052
0.679098
0.590312
0.742912
1.0
0.0102424
0.467505
0.792292
0.500888
0.840353
1.0
0.0102268
0.518495
0.954856
0.558243
0.997437
1.0
0.0102035
0.41593
0.894578
0.45168
0.947727
1.0
0.0101939
0.0836269
0.0896063
0.137027
0.154069
1.0
0.0101849
0.468523
0.826465
0.502265
0.874392
1.0
0.0101756
0.465707
0.285672
0.511933
0.349123
1.0
0.010159
0.397848
0.828791
0.432116
0.87597
1.0
0.0101521
0.192794
0.145987
0.246025
0.213064
1.0
0.0101193
0.470592
0.859638
0.502448
0.907932
1.0
0.0101077
0.314736
0.258868
0.363612
0.315242
1.0
0.0100925
-0.000577534
0.376851
0.0366262
0.445731
1.0
0.0100755
0.462677
0.184295
0.513374
0.244675
1.0
0.0100693
0.4639
0.146748
0.516806
0.213186
1.0
0.0100319
0.717451
0.721081
0.754129
0.775999
1.0
0.010025
0.410893
0.313538
0.460801
0.381987
1.0
0.0100136
0.768849
0.451305
0.806802
0.505914
