1.0
0.822132
0.391587
0.357176
0.564975
0.595883
1.0
0.0442049
-0.0104944
0.382356
0.485555
1.05244
1.0
0.0402679
0.392437
0.240928
0.552161
0.430415
1.0
0.0303913
0.703687
0.549281
1.00796
1.1435
1.0
0.0279902
0.484209
0.339866
0.601256
0.498841
1.0
0.0253036
0.00643681
0.420693
0.257628
0.65906
1.0
0.0252278
0.591527
0.411919
0.699647
0.55246
1.0
0.0251598
0.361204
0.356732
0.74788
0.881194
1.0
0.0228921
0.481618
0.376644
0.540805
0.456468
1.0
0.0223346
0.606544
0.676566
0.699126
0.791023
1.0
0.0219461
0.639342
0.443543
0.750615
0.575316
1.0
0.0211598
0.534736
0.372727
0.585501
0.447024
1.0
0.0200253
0.508012
0.345402
0.562683
0.421547
1.0
0.0196305
0.528816
0.410474
0.630536
0.566679
1.0
0.0192926
0.429561
0.435587
0.497482
0.526885
1.0
0.0190247
-0.00342523
0.818988
0.128465
1.00132
1.0
0.0190194
0.717731
0.951995
0.757159
0.99432
1.0
0.0189631
0.359115
0.405533
0.481883
0.55501
1.0
0.0185097
0.317905
0.475127
0.423131
0.619284
1.0
0.0184637
0.720494
0.622023
0.810453
0.734416
1.0
0.0183087
0.453658
0.496517
0.519723
0.587087
1.0
0.0182862
0.521858
0.362523
0.733327
0.628047
1.0
0.0181361
0.461081
0.471146
0.584503
0.639783
1.0
0.0178548
0.0809324
0.00173321
0.567491
0.721194
1.0
0.017623
0.638119
0.717641
0.680952
0.768517
1.0
0.0174507
0.664854
0.511588
0.711572
0.576467
1.0
0.0174404
0.637317
0.449422
0.686408
0.518817
1.0
0.0174203
0.819371
0.95278
0.857931
0.994102
1.0
0.0173138
0.555555
0.35007
0.659871
0.50122
1.0
0.016998
0.458678
0.314118
0.521394
0.394413
1.0
0.0168917
0.615767
0.420674
0.661361
0.487501
1.0
0.0168446
0.718689
0.652042
0.756807
0.701647
1.0
0.0167206
0.433116
0.38349
0.496767
0.464883
1.0
0.0166711
0.76871
0.960017
0.805876
0.998098
1.0
0.0166632
0.324482
0.337076
0.438132
0.489866
1.0
0.0165433
0.389584
0.441697
0.446003
0.518391
1.0
0.0162776
0.366007
0.492477
0.485877
0.651812
1.0
0.0162012
0.210627
0.546808
0.311533
0.673074
1.0
0.0161724
0.599222
0.719229
0.638635
0.769528
1.0
0.0161389
0.254351
0.484082
0.358118
0.620093
1.0
0.0160257
0.00239041
0.468901
0.11938
0.608878
1.0
0.0159246
0.012461
0.61883
0.0568357
0.677691
1.0
0.0157126
0.560788
0.472641
0.667102
0.617156
1.0
0.0156441
0.614383
0.511686
0.717646
0.645534
1.0
0.0155676
0.74105
0.653881
0.779395
0.700617
1.0
0.015525
0.0133165
0.480359
0.0606618
0.541678
1.0
0.0153222
0.532668
0.507767
0.586993
0.584781
1.0
0.0152973
0.766261
0.694867
0.857835
0.808754
1.0
0.0151969
0.692479
0.475563
0.799253
0.60506
1.0
0.0150635
0.536271
0.44608
0.588846
0.52275
1.0
0.0149034
0.66529
0.420762
0.710688
0.483059
1.0
0.0148563
0.533726
0.322177
0.582683
0.392215
1.0
0.0146877
0.434786
0.554625
0.544437
0.709529
1.0
0.0145947
0.4814
0.277086
0.544642
0.360008
1.0
0.0145882
0.716141
0.539924
0.816523
0.669441
1.0
0.0144565
0.965166
0.952857
0.997321
0.996459
1.0
0.0144522
0.714926
0.451712
0.759422
0.515367
1.0
0.0144371
0.588497
0.446391
0.640123
0.520509
1.0
0.0143773
0.00396695
0.667246
0.0851558
0.806478
1.0
0.0142241
0.31971
0.570104
0.423803
0.71897
1.0
0.0142023
0.667178
0.628271
0.759522
0.744902
1.0
0.0140986
0.607313
0.587682
0.70883
0.727294
1.0
0.0139213
0.56295
0.479388
0.61051
0.551413
1.0
0.0137702
0.614434
0.477188
0.66702
0.551947
1.0
0.0136924
0.391184
0.511121
0.440193
0.581832
1.0
0.0136358
0.740296
0.958414
0.7794
0.998375
1.0
0.0135713
0.505816
0.539296
0.563973
0.618621
1.0
0.013478
0.665838
0.58543
0.706189
0.643962
1.0
0.0134117
0.768852
0.693713
0.808921
0.744467
1.0
0.0133992
0.780851
0.540414
0.890592
0.674295
1.0
0.0133967
0.38809
0.38534
0.44538
0.461314
1.0
0.0133934
0.564597
0.413402
0.611781
0.48719
1.0
0.0133505
0.788817
0.61945
0.884653
0.73156
1.0
0.0133408
0.768602
0.655401
0.807251
0.702988
1.0
0.0133292
0.435834
0.540233
0.492009
0.614812
1.0
0.0131946
0.246196
0.281824
0.47566
0.578223
1.0
0.0131337
-0.00225365
0.553044
0.0713191
0.668202
1.0
0.0131275
0.70151
0.913329
0.778829
1.00042
1.0
0.0130972
0.463395
0.581347
0.510142
0.644892
1.0
0.0130745
0.737008
0.516082
0.779754
0.576867
1.0
0.01303
0.789443
0.458389
0.828441
0.508966
1.0
0.01295
0.715439
0.485516
0.76252
0.552825
1.0
0.0129255
0.769519
0.7238
0.808566
0.771478
1.0
0.0128972
0.691559
0.511124
0.735871
0.571399
1.0
0.0128914
0.0027075
0.457485
0.0414029
0.516277
1.0
0.012858
0.767555
0.792852
0.80414
0.838434
1.0
0.012812
0.267002
0.609357
0.357459
0.738137
1.0
0.0128031
0.634132
0.359826
0.743134
0.50725
1.0
0.0127038
0.766925
0.45566
0.808741
0.510707
1.0
0.0126766
0.711379
0.44069
0.942814
0.708347
1.0
0.0126756
0.515124
0.276018
0.622562
0.431334
1.0
0.0126584
0.0467743
0.533495
0.173427
0.666553
1.0
0.0126007
0.792112
0.630088
0.830455
0.675897
1.0
0.0125984
0.47748
0.441117
0.539031
0.527862
1.0
0.0125778
0.343332
0.229886
0.46681
0.387961
1.0
0.0125526
0.641607
0.393794
0.6844
0.454444
1.0
0.0125521
0.727766
0.433206
0.835585
0.554232
1.0
0.0124869
0.769999
0.627595
0.809582
0.677062
1.0
0.0123626
0.696517
0.92189
0.736457
0.977177
1.0
0.0123118
0.266126
0.622217
0.306643
0.673448
1.0
0.0122561
0.740407
0.454606
0.785668
0.514191
1.0
0.0122171
0.698603
0.654128
0.736813
0.704661
1.0
0.012216
0.820164
0.657087
0.856408
0.700136
1.0
0.0121882
0.816684
0.730228
0.852642
0.772578
1.0
0.0121715
0.139512
0.50528
0.274789
0.649485
1.0
0.0121344
0.559312
0.581571
0.755568
0.836811
1.0
0.0121004
0.0597174
0.616131
0.162003
0.738762
1.0
0.0120694
0.517242
0.906531
0.60708
1.0028
1.0
0.0120291
0.666768
0.549643
0.709042
0.611878
1.0
0.0120237
0.818442
0.631246
0.856516
0.676052
1.0
0.0120042
0.242196
0.624039
0.28376
0.675162
1.0
0.0119302
0.245793
0.646778
0.722734
1.01329
1.0
0.01192
0.818149
0.767103
0.853848
0.80875
1.0
0.0118958
0.792219
0.656358
0.82884
0.700042
1.0
0.0118764
0.622847
0.735862
0.727005
0.874688
1.0
0.0118461
0.716743
0.725241
0.754084
0.773753
1.0
0.0118335
0.817575
0.696409
0.853725
0.740869
1.0
0.0118121
0.0408337
0.463079
0.0858678
0.513779
1.0
0.0118121
0.0015812
0.516224
0.0375531
0.57799
1.0
0.0117422
0.670957
0.955462
0.71085
0.997429
1.0
0.0116516
0.563826
0.951587
0.60819
0.996991
1.0
0.0116438
0.69017
0.723301
0.730845
0.773625
1.0
0.0116407
0.752852
0.483119
0.868528
0.620163
1.0
0.0116347
0.198977
0.455368
0.317055
0.594479
1.0
0.0116039
0.616293
0.956664
0.657562
0.99831
1.0
0.0115555
0.457899
0.24782
0.521618
0.330469
1.0
0.0115381
0.792852
0.725445
0.830982
0.769207
1.0
0.0115355
0.00189982
0.589748
0.0369926
0.647804
1.0
0.0115353
0.212911
0.958983
0.252858
0.998115
1.0
0.0115248
0.659039
0.698734
0.700854
0.751831
1.0
0.0115143
0.407816
0.278067
0.467589
0.360456
1.0
0.0115038
0.871116
0.957428
0.906831
0.996328
1.0
0.0114481
0.266503
0.590672
0.307594
0.6465
1.0
0.0114277
0.797187
0.957185
0.836051
0.997325
1.0
0.0114116
0.26847
0.38252
0.373009
0.522957
1.0
0.0113039
0.241693
0.725103
0.278314
0.771946
1.0
0.0112473
0.287413
0.517599
0.330508
0.580009
1.0
0.0112395
0.504379
0.474793
0.56263
0.559146
1.0
0.0112166
0.589321
0.511942
0.638121
0.5808
1.0
0.0111951
0.723093
0.73314
0.812787
0.853687
1.0
0.0111936
0.34271
0.582766
0.386636
0.645699
1.0
0.011188
0.528872
0.533524
0.630133
0.687584
1.0
0.0111341
0.76833
0.591123
0.80827
0.643539
1.0
0.01113
0.488752
0.581415
0.537162
0.647128
1.0
0.0110748
0.672914
0.564385
0.874136
0.839512
1.0
0.011033
0.71899
0.588386
0.761957
0.648244
1.0
0.011029
0.749289
0.793643
0.784026
0.838026
1.0
0.0110114
0.588499
0.388882
0.634376
0.45427
1.0
0.0109911
0.268465
0.96031
0.305243
0.999179
1.0
0.0109783
0.341537
0.4839
0.386691
0.548395
1.0
0.0109734
0.365121
0.602824
0.46967
0.748779
1.0
0.0109434
0.0328348
0.359137
0.18674
0.510747
1.0
0.0109264
0.791362
0.595073
0.829071
0.643442
1.0
0.0109112
0.465537
0.615206
0.511975
0.680021
1.0
0.0108642
0.742268
0.588743
0.783138
0.64269
1.0
0.010802
0.790737
0.489764
0.83088
0.544296
1.0
0.0107951
0.389943
0.579688
0.436381
0.645007
1.0
0.0107685
0.63927
0.81448
0.816671
1.01914
1.0
0.0107377
0.109113
0.460565
0.1596
0.516542
1.0
0.0107187
0.113998
0.625398
0.215293
0.739838
1.0
0.010714
0.409739
0.345126
0.467265
0.424969
1.0
0.010699
0.791493
0.697951
0.830422
0.7451
1.0
0.0106945
0.765401
0.485462
0.80895
0.546
1.0
0.0106555
0.504657
0.407901
0.561877
0.4932
1.0
0.0106529
0.895491
0.468636
1.00014
0.641525
1.0
0.010645
0.764793
0.519227
0.80608
0.577311
1.0
0.0106338
0.792095
0.521816
0.83008
0.575366
1.0
0.0105825
0.691934
0.424558
0.736623
0.4838
1.0
0.0105609
0.558297
0.683618
0.655113
0.811035
1.0
0.0105299
0.370452
0.420299
0.416164
0.483361
1.0
0.0105059
0.961109
0.484164
0.998132
0.551804
1.0
0.0104889
0.216236
0.613454
0.302576
0.729278
1.0
0.0104793
0.684424
0.690348
0.776875
0.811449
1.0
0.0104716
0.818366
0.795195
0.852296
0.838203
1.0
0.0104606
0.795197
0.794032
0.830696
0.836269
1.0
0.0104342
0.818043
0.489244
0.857601
0.543351
1.0
0.010363
0.766618
0.764507
0.805677
0.812425
1.0
0.0103489
0.558103
0.351077
0.603049
0.418307
1.0
0.0102611
0.268639
0.651877
0.30526
0.69934
1.0
0.0102593
0.127787
0.42821
0.266793
0.565203
1.0
0.0102363
0.384159
0.313215
0.444232
0.39393
1.0
0.0102284
0.770784
0.93045
0.807803
0.980317
1.0
0.010226
0.162035
0.581493
0.269839
0.700627
1.0
0.0102106
0.640399
0.663415
0.682415
0.719594
1.0
0.0102083
0.293152
0.651952
0.330195
0.701847
1.0
0.0101618
0.386712
0.249888
0.443121
0.325957
1.0
0.0101563
0.816682
0.460565
0.856008
0.513157
1.0
0.0101431
0.716665
0.68736
0.755354
0.739137
1.0
0.0101359
0.693256
0.69156
0.733195
0.744087
1.0
0.0101183
0.393239
0.506587
0.584356
0.807225
1.0
0.0100923
0.72131
0.546502
0.765321
0.608165
1.0
0.0100852
0.583553
0.270221
0.685323
0.429319
1.0
0.0100781
0.801329
0.909199
0.881813
1.00262
1.0
0.0100709
0.66729
0.657446
0.706836
0.710517
1.0
0.0100456
0.266759
0.726698
0.301838
0.774673
1.0
0.0100355
0.0212455
0.550992
0.225903
0.835576
1.0
0.0100095
0.788312
0.428288
0.829275
0.481458
