1.0
0.972829
0.390655
0.334048
0.574017
0.628304
1.0
0.0546636
0.356051
0.407987
0.410511
0.495115
1.0
0.0488596
0.665956
0.390973
1.00151
0.982614
1.0
0.047705
0.353108
0.319342
0.69585
0.880579
1.0
0.0358433
0.348573
0.376213
0.450468
0.537828
1.0
0.031969
0.00616068
0.838454
0.144186
1.01512
1.0
0.0278136
0.410483
0.545629
0.542021
0.725131
1.0
0.0269114
0.0106534
0.375736
0.380531
0.879096
1.0
0.0258706
0.374404
0.291157
0.511549
0.478319
1.0
0.0241245
0.820029
0.951369
0.861204
0.993855
1.0
0.023658
0.00509807
0.435669
0.187499
0.671566
1.0
0.0207434
0.0114411
0.480137
0.0591547
0.549386
1.0
0.0202207
0.964972
0.951716
0.99828
0.9969
1.0
0.0180713
0.864958
0.950354
0.907204
0.993896
1.0
0.0172277
0.699779
0.527743
0.822375
0.675438
1.0
0.017177
0.304026
0.528624
0.415921
0.67831
1.0
0.0168153
0.509859
0.350947
0.559606
0.428776
1.0
0.0164915
0.301965
0.440177
0.526377
0.748173
1.0
0.016479
0.46367
0.294746
0.582852
0.463717
1.0
0.0163785
0.491542
0.438492
0.594369
0.6226
1.0
0.0162637
0.642016
0.484659
0.766123
0.625306
1.0
0.0161942
0.41067
0.347045
0.463678
0.426696
1.0
0.0161795
0.767817
0.955904
0.80817
0.998081
1.0
0.0159235
0.511817
0.497706
0.562612
0.581272
1.0
0.0158199
0.610702
0.420959
0.719929
0.55171
1.0
0.0158091
0.911302
0.671963
0.999956
0.809782
1.0
0.0156278
0.485183
0.319386
0.540859
0.394844
1.0
0.0155909
0.118185
0.445531
0.264256
0.588145
1.0
0.0155429
0.388495
0.318372
0.440451
0.395185
1.0
0.015514
0.512811
0.33719
0.619307
0.517898
1.0
0.0154205
0.511302
0.46617
0.744466
0.780203
1.0
0.0150943
0.00172211
0.510791
0.0400165
0.580513
1.0
0.0150225
0.436055
0.318106
0.492699
0.39443
1.0
0.0145583
0.796115
0.953889
0.839997
0.997915
1.0
0.0145092
0.965085
0.753456
0.998565
0.810665
1.0
0.0144041
0.815975
0.695081
0.858942
0.747654
1.0
0.0143847
0.531409
0.435218
0.577936
0.514923
1.0
0.0141854
0.671276
0.517283
0.712923
0.57754
1.0
0.0141411
0.809622
0.689895
0.90865
0.811097
1.0
0.0140868
0.457613
0.60517
0.519891
0.691202
1.0
0.0138584
0.00133304
0.454018
0.0418705
0.522447
1.0
0.0137974
0.109084
0.460862
0.163389
0.521673
1.0
0.0137887
0.241134
0.530369
0.355453
0.674369
1.0
0.0136329
0.564394
0.467418
0.670149
0.625058
1.0
0.0135776
0.318728
0.672979
0.792466
1.01916
1.0
0.0135407
0.940748
0.922883
0.987299
0.984791
1.0
0.0133906
0.790242
0.454712
0.830547
0.509426
1.0
0.0133681
0.670855
0.908124
0.758049
1.00764
1.0
0.013326
0.777367
0.514505
0.91001
0.66889
1.0
0.0132953
0.561673
0.512163
0.60716
0.586442
1.0
0.0132782
0.362981
0.353902
0.410396
0.431587
1.0
0.0132716
0.169368
0.397697
0.283365
0.530085
1.0
0.0132668
0.823083
0.472291
1.00348
0.781589
1.0
0.013242
0.965646
0.82402
0.998327
0.879966
1.0
0.0131359
0.493742
0.565332
0.605058
0.733207
1.0
0.0131192
0.693861
0.520119
0.735402
0.576679
1.0
0.013116
0.456981
0.679659
0.513296
0.75294
1.0
0.0130743
0.819008
0.753994
0.858378
0.801901
1.0
0.0130502
0.68255
0.428028
0.793978
0.55573
1.0
0.0129414
0.738002
0.521624
0.78252
0.58149
1.0
0.0129372
0.75738
0.398485
0.861615
0.517317
1.0
0.0129343
0.963441
0.719379
0.99827
0.780153
1.0
0.0129296
0.483584
0.581371
0.53994
0.662316
1.0
0.0129085
-0.00328678
0.362427
0.0927367
0.504608
1.0
0.0129049
0.962552
0.582463
0.997593
0.646809
1.0
0.012858
0.214252
0.718005
0.321789
0.87847
1.0
0.012786
0.411932
0.612037
0.473778
0.689457
1.0
0.0127038
-0.000539381
0.499705
0.0778732
0.627883
1.0
0.0126011
0.460166
0.345527
0.516467
0.424519
1.0
0.0126001
-0.00237169
0.775455
0.0769849
0.915553
1.0
0.0125153
0.962374
0.687523
0.99682
0.746519
1.0
0.0124847
0.622869
0.466266
0.865502
0.719678
1.0
0.0124632
0.964947
0.789504
0.998566
0.846833
1.0
0.0124045
0.657351
0.745786
0.749494
0.88615
1.0
0.0123509
0.0470841
0.363823
0.186635
0.51404
1.0
0.0123221
-0.00120271
0.58644
0.0661582
0.704684
1.0
0.0122896
0.640861
0.515597
0.684355
0.578617
1.0
0.0121667
0.320045
0.297807
0.426981
0.461291
1.0
0.0121306
0.887176
0.952203
0.930046
0.99615
1.0
0.0121273
0.613308
0.907221
0.708757
1.01084
1.0
0.0120859
0.781193
0.907671
0.86823
1.00389
1.0
0.0120508
0.110667
0.613237
0.215326
0.741524
1.0
0.0120376
0.18723
0.449975
0.238207
0.513754
1.0
0.0119878
0.583608
0.348447
0.687309
0.503426
1.0
0.0119631
0.150083
0.789862
0.243917
0.924443
1.0
0.0119219
0.362114
0.583013
0.408297
0.647016
1.0
0.0119029
0.965312
0.857039
0.997669
0.91285
1.0
0.0118715
0.786259
0.59193
0.830056
0.649135
1.0
0.0118659
0.616671
0.484122
0.661769
0.553268
1.0
0.011782
0.790624
0.489346
0.831024
0.544833
1.0
0.0117526
0.630911
0.681186
0.731814
0.825373
1.0
0.0117199
0.203134
0.453837
0.319396
0.592182
1.0
0.0116746
0.813407
0.462857
0.936356
0.604633
1.0
0.0116569
0.820087
0.48907
0.861528
0.544224
1.0
0.0115856
0.789139
0.520418
0.830897
0.576475
1.0
0.0115774
0.966425
0.889549
0.997718
0.945443
1.0
0.0115722
0.6681
0.422748
0.709915
0.482863
1.0
0.0115692
0.842281
0.486998
0.88377
0.54638
1.0
0.0115458
0.716758
0.956887
0.75744
0.999826
1.0
0.011522
0.914359
0.757793
1.00127
0.893233
1.0
0.0114647
0.795736
0.721107
0.837396
0.772739
1.0
0.0114643
0.43464
0.649009
0.538527
0.784091
1.0
0.0114096
0.901758
0.875865
0.992251
0.995741
1.0
0.011409
0.764435
0.522454
0.807722
0.580653
1.0
0.0113996
0.841277
0.935258
0.883201
0.98519
1.0
0.0113762
0.444112
0.709186
0.492325
0.768997
1.0
0.0113245
0.383696
0.387225
0.43474
0.461054
1.0
0.0112926
0.823568
0.861461
0.86046
0.909367
1.0
0.0112694
0.717127
0.58319
0.76354
0.648468
1.0
0.011255
0.389871
0.582026
0.439955
0.649536
1.0
0.0111584
0.478507
0.222047
0.70837
0.541045
1.0
0.0111478
0.643894
0.448474
0.68632
0.51187
1.0
0.01113
0.486442
0.374136
0.546374
0.458389
1.0
0.0111188
0.0534271
0.566774
0.17309
0.710765
1.0
0.0111062
0.767963
0.721108
0.809458
0.776265
1.0
0.011089
0.744414
0.956499
0.785417
1.00003
1.0
0.0110767
0.364274
0.616861
0.410145
0.679321
1.0
0.0110437
0.305091
0.606543
0.424758
0.757403
1.0
0.0110263
0.00971082
0.422228
0.0555368
0.488658
1.0
0.0109988
0.538181
0.580584
0.584751
0.649841
1.0
0.0109853
0.555592
0.248766
0.664235
0.400023
1.0
0.0109709
0.812198
0.615351
0.918929
0.741452
1.0
0.0108682
0.817545
0.662537
0.857839
0.71161
1.0
0.0108562
0.724171
0.468228
0.839098
0.603966
1.0
0.0108072
0.460414
0.287314
0.51189
0.355921
1.0
0.0108049
0.639831
0.656662
0.685503
0.715922
1.0
0.0107431
0.281755
0.673154
0.399541
0.825352
1.0
0.0106922
0.64097
0.584967
0.685177
0.645851
1.0
0.0106766
0.614524
0.576675
0.723904
0.717095
1.0
0.010675
0.866651
0.692316
0.907997
0.742821
1.0
0.0106498
0.729638
0.910732
0.816858
1.00708
1.0
0.0106431
0.142446
0.547305
0.265751
0.689658
1.0
0.0106409
0.460264
0.54626
0.516213
0.62651
1.0
0.0106237
0.559216
0.616711
0.665115
0.767244
1.0
0.0106183
0.666497
0.584475
0.709495
0.645335
1.0
0.0106167
0.412194
0.284433
0.463629
0.356008
1.0
0.0106159
0.817302
0.457027
0.859673
0.513272
1.0
0.0104628
0.817961
0.621214
0.859521
0.671045
1.0
0.0104626
0.1165
0.687518
0.208947
0.812515
1.0
0.0104606
0.742615
0.4531
0.784084
0.510922
1.0
0.0104511
0.531018
0.38234
0.57909
0.463095
1.0
0.0103869
0.837063
0.723166
0.879503
0.775472
1.0
0.0103245
0.81883
0.519566
0.861614
0.575546
1.0
0.0102845
0.00130509
0.664637
0.0680258
0.783986
1.0
0.0102577
0.117859
0.216635
0.35046
0.551815
1.0
0.010255
0.000709344
0.385998
0.0385482
0.453282
1.0
0.0102523
0.168376
0.689573
0.26556
0.824895
1.0
0.0102331
0.865371
0.721751
0.907109
0.774271
1.0
0.0101988
0.914832
0.956205
0.954344
0.997427
1.0
0.0101614
0.0379292
0.484595
0.0887794
0.548026
1.0
0.0101524
0.768773
0.425196
0.809658
0.479985
1.0
0.0101429
0.915784
0.537981
1.00233
0.684004
1.0
0.0101339
0.768143
0.690884
0.810185
0.746097
1.0
0.0100831
0.503779
0.608234
0.555875
0.687667
1.0
0.0100693
0.208727
0.422242
0.256512
0.484096
1.0
0.0100693
0.766855
0.61353
0.811284
0.670056
1.0
0.0100594
0.769116
0.666272
0.86695
0.783815
1.0
0.0100423
0.70172
0.317134
0.934913
0.599994
1.0
0.0100189
0.865216
0.75873
0.904627
0.805896
1.0
0.0100095
0.0887122
0.482215
0.142886
0.548198
