1.0
0.946076
0.487822
0.31536
0.677781
0.669009
1.0
0.0830548
0.309394
0.360013
0.71507
0.938125
1.0
0.0495523
0.0165053
0.441239
0.469075
1.01407
1.0
0.0420211
0.726787
0.517885
0.998819
1.13041
1.0
0.035906
0.461211
0.378038
0.515797
0.463479
1.0
0.0297371
0.531079
0.326936
0.93567
0.948001
1.0
0.0287098
0.00355319
0.835205
0.123998
0.994829
1.0
0.0282554
0.0115481
0.476488
0.0618815
0.548665
1.0
0.0281774
0.457557
0.326638
0.566362
0.504843
1.0
0.0278973
0.640109
0.440483
0.685065
0.517492
1.0
0.0274886
-0.00296661
0.40396
0.184945
0.650321
1.0
0.0272763
0.590449
0.375081
0.697381
0.562267
1.0
0.0223871
0.639094
0.391316
0.684293
0.462812
1.0
0.0223061
0.821324
0.952556
0.862963
0.994913
1.0
0.0220065
0.964617
0.950896
0.997949
0.996559
1.0
0.0207194
0.68911
0.415556
0.78663
0.567641
1.0
0.0203169
0.864024
0.951047
0.90611
0.994229
1.0
0.0199426
0.612649
0.314631
0.65899
0.389187
1.0
0.019858
0.00350651
0.433917
0.105085
0.566493
1.0
0.0196349
0.0877054
0.952116
0.131261
0.997598
1.0
0.0191096
0.712033
0.488128
0.812564
0.627754
1.0
0.018471
0.551309
0.268608
0.663742
0.422925
1.0
0.0179964
0.648839
0.379972
0.746165
0.53708
1.0
0.0178431
0.637613
0.352989
0.681899
0.423341
1.0
0.0177345
0.917822
0.686277
1.00114
0.814946
1.0
0.0177214
0.59618
0.484982
0.69227
0.651354
1.0
0.0174443
0.633735
0.51944
0.676739
0.585031
1.0
0.0170722
0.738197
0.421632
0.836849
0.554562
1.0
0.0168836
0.585619
0.283937
0.640503
0.35789
1.0
0.016862
0.727668
0.428001
0.960803
0.728807
1.0
0.0165118
0.462866
0.549361
0.57333
0.733668
1.0
0.0163442
0.121855
0.451252
0.262242
0.585424
1.0
0.0163337
0.482203
0.269642
0.597523
0.430547
1.0
0.0163232
0.614523
0.539462
0.660711
0.615202
1.0
0.0163109
0.562307
0.31268
0.61525
0.396723
1.0
0.016305
0.00175721
0.454721
0.0431019
0.523563
1.0
0.0161136
0.768653
0.957509
0.808246
0.99957
1.0
0.016022
0.786073
0.485426
0.902112
0.628971
1.0
0.0159321
0.941255
0.923669
0.986733
0.985229
1.0
0.015903
0.661849
0.477611
0.703203
0.546104
1.0
0.0158384
0.841913
0.93581
0.882243
0.984398
1.0
0.0158269
0.58719
0.344638
0.639586
0.425108
1.0
0.0158238
0.658586
0.416899
0.699258
0.487517
1.0
0.0156745
0.0877002
0.484688
0.342136
0.763785
1.0
0.0156737
0.96304
0.752791
0.99778
0.811525
1.0
0.015663
0.115153
0.956728
0.154318
0.997564
1.0
0.0156095
0.111797
0.618175
0.211163
0.743373
1.0
0.0149192
0.0527976
0.910233
0.137649
1.00087
1.0
0.0148805
0.357764
0.347678
0.557866
0.651672
1.0
0.0148455
0.796063
0.955443
0.838824
0.998649
1.0
0.0146883
0.71317
0.95135
0.756241
0.999237
1.0
0.0146417
0.50747
0.343203
0.561631
0.430352
1.0
0.014604
0.669176
0.907148
0.752474
1.00319
1.0
0.0145819
0.169719
0.956698
0.20833
0.998292
1.0
0.0145477
-0.00129066
0.578548
0.0670251
0.703439
1.0
0.0144464
0.809717
0.6902
0.90845
0.810668
1.0
0.0144391
0.111343
0.46431
0.162178
0.522499
1.0
0.0144358
-0.000988185
0.500081
0.0802404
0.634245
1.0
0.0144201
0.246613
0.682614
0.358922
0.807203
1.0
0.0143586
0.792587
0.460301
0.829424
0.513201
1.0
0.0143583
0.617288
0.949593
0.656792
0.996263
1.0
0.0142662
0.716018
0.911937
0.807367
1.0078
1.0
0.0142583
0.866786
0.62324
1.00964
0.909063
1.0
0.0142274
0.963825
0.786741
0.997714
0.844962
1.0
0.0142149
0.324407
0.502685
0.439234
0.650219
1.0
0.0141926
0.210957
0.546185
0.331952
0.677376
1.0
0.0141189
0.96336
0.689694
0.997142
0.746535
1.0
0.0140415
0.807182
0.916852
0.886941
1.0029
1.0
0.0140219
0.716109
0.449713
0.758394
0.514757
1.0
0.0139818
0.739266
0.518276
0.780522
0.578588
1.0
0.0139403
0.967262
0.822691
0.998469
0.877219
1.0
0.0138294
0.141401
0.957283
0.182247
0.999667
1.0
0.0137636
0.538989
0.344937
0.59121
0.425457
1.0
0.013713
0.821562
0.861698
0.85811
0.90877
1.0
0.0136893
0.00170477
0.509366
0.0411267
0.580296
1.0
0.013658
0.818271
0.695189
0.860107
0.747625
1.0
0.013571
-0.00336733
0.371152
0.0725645
0.495847
1.0
0.0135592
0.691211
0.450665
0.733032
0.514916
1.0
0.0134658
0.266074
0.718805
0.31407
0.775604
1.0
0.0134596
0.770775
0.456567
0.809926
0.515034
1.0
0.0133778
0.792248
0.488227
0.830027
0.542989
1.0
0.0133541
0.791665
0.519312
0.829146
0.573339
1.0
0.013254
0.767475
0.42081
0.808844
0.48042
1.0
0.0132319
0.270068
0.470216
0.381952
0.613024
1.0
0.0132025
0.8876
0.952304
0.92955
0.995795
1.0
0.0131666
0.903319
0.882136
0.990875
0.998252
1.0
0.0131599
0.963773
0.655882
0.997599
0.713859
1.0
0.0131039
0.215668
0.616464
0.324301
0.735337
1.0
0.0130686
0.740936
0.452083
0.783223
0.513792
1.0
0.0130624
0.66666
0.948928
0.709284
0.998621
1.0
0.0130506
0.509628
0.284028
0.560546
0.358765
1.0
0.0130506
0.966917
0.89153
0.997259
0.946571
1.0
0.013009
0.213786
0.948892
0.25968
0.998241
1.0
0.012909
0.242487
0.721848
0.287426
0.775677
1.0
0.0129088
0.662735
0.354471
0.702829
0.42287
1.0
0.0128646
0.763801
0.622014
0.866538
0.745884
1.0
0.0128142
0.769281
0.519236
0.808317
0.577245
1.0
0.0127241
0.967316
0.85946
0.997835
0.913059
1.0
0.0126391
0.561587
0.232254
0.793554
0.569812
1.0
0.0125726
0.48767
0.314675
0.53937
0.400175
1.0
0.0125522
0.165835
0.686714
0.258546
0.800636
1.0
0.0125408
0.892412
0.47118
1.00292
0.641346
1.0
0.0124888
0.319171
0.455944
0.361801
0.518344
1.0
0.0124242
0.146448
0.54812
0.264793
0.681302
1.0
0.0124129
0.11486
0.694137
0.203556
0.809732
1.0
0.0124021
0.184501
0.450676
0.236133
0.513813
1.0
0.012396
0.758513
0.544495
0.863778
0.678008
1.0
0.0123743
0.615335
0.412214
0.830214
0.707439
1.0
0.0123643
0.663049
0.517787
0.704107
0.58117
1.0
0.0123594
0.903657
0.593783
0.998095
0.742756
1.0
0.012339
0.216301
0.720349
0.259356
0.775383
1.0
0.0122729
0.636024
0.576719
0.681321
0.646914
1.0
0.0122389
0.64798
0.281713
0.754419
0.444429
1.0
0.0122338
0.943637
0.720108
0.990291
0.780815
1.0
0.0122277
0.495658
0.757679
0.536855
0.815915
1.0
0.0122083
0.712307
0.359359
0.812496
0.501695
1.0
0.012166
0.714004
0.566061
0.814844
0.698383
1.0
0.0119932
0.634408
0.292485
0.680116
0.355138
1.0
0.0118677
0.200149
0.459759
0.323925
0.590807
1.0
0.0118629
0.0461112
0.360012
0.184284
0.508211
1.0
0.0118223
0.538512
0.28499
0.592649
0.359334
1.0
0.0118197
0.741738
0.957432
0.783743
1.0011
1.0
0.0117761
0.218684
0.651224
0.26225
0.707364
1.0
0.0117606
0.640822
0.950587
0.682941
0.99971
1.0
0.0117529
0.0135365
0.942667
0.0603767
0.995326
1.0
0.0116852
0.621898
0.90271
0.704718
1.00371
1.0
0.011622
0.0932105
0.483853
0.14234
0.544477
1.0
0.0115928
0.19792
0.727587
0.289774
0.849012
1.0
0.0115745
0.932891
0.754027
1.0026
0.874993
1.0
0.0115018
0.259943
0.490453
0.484453
0.742923
1.0
0.011451
0.20118
0.8054
0.295945
0.937239
1.0
0.0114439
0.788924
0.59385
0.828232
0.64564
1.0
0.0114411
0.717655
0.485969
0.761638
0.553492
1.0
0.0114202
0.916303
0.955687
0.954522
0.996333
1.0
0.0114194
0.0533566
0.563449
0.173458
0.7109
1.0
0.0113814
0.0364303
0.466678
0.0823839
0.522268
1.0
0.0113683
0.816114
0.75335
0.857421
0.803301
1.0
0.0113622
-0.00187925
0.784198
0.0698886
0.917525
1.0
0.0113142
0.590758
0.572934
0.64096
0.646817
1.0
0.0112679
0.794384
0.723588
0.836723
0.776033
1.0
0.0112651
0.117247
0.758739
0.156344
0.811237
1.0
0.0111529
0.839082
0.723457
0.879868
0.773399
1.0
0.0111347
0.467642
0.660034
0.56351
0.804638
1.0
0.0111324
0.157641
0.484533
0.210025
0.544693
1.0
0.0111146
0.617675
0.478552
0.664148
0.553108
1.0
0.0111072
0.138424
0.653646
0.182601
0.709533
1.0
0.0111037
0.962312
0.585204
0.997321
0.647504
1.0
0.0109633
0.74412
0.682464
0.840816
0.812322
1.0
0.0109438
0.688777
0.389037
0.730543
0.452582
1.0
0.0109378
0.060713
0.647015
0.163708
0.777673
1.0
0.0109054
0.00115573
0.65516
0.0663227
0.780004
1.0
0.0108914
0.770369
0.615602
0.809602
0.667698
1.0
0.0108192
0.0952609
0.761
0.134198
0.813475
1.0
0.0107921
0.406305
0.697038
0.862165
1.02867
1.0
0.0107426
0.819711
0.663261
0.858243
0.710692
1.0
0.0106991
0.657379
0.676498
0.755307
0.819054
1.0
0.0106741
0.264877
0.574783
0.376138
0.707031
1.0
0.0106377
0.16561
0.653557
0.208869
0.708912
1.0
0.0105951
0.594741
0.51373
0.646092
0.591199
1.0
0.0105804
0.616691
0.412539
0.663872
0.491067
1.0
0.0105727
0.166419
0.399129
0.281168
0.527355
1.0
0.0105491
0.818996
0.832523
0.856904
0.880964
1.0
0.0105112
0.66876
0.548521
0.888286
0.848266
1.0
0.0105107
0.218408
0.756917
0.261098
0.813351
1.0
0.0105008
0.314417
0.674908
0.431157
0.818943
1.0
0.0104959
0.779623
0.391923
0.884805
0.52588
1.0
0.0104311
0.817578
0.461782
0.855828
0.515202
1.0
0.0104154
0.743266
0.58627
0.784778
0.645461
1.0
0.0103599
0.0669815
0.729561
0.155691
0.850767
1.0
0.0102737
0.742009
0.662579
0.780696
0.711472
1.0
0.0102733
0.239163
0.486762
0.28527
0.548112
1.0
0.0102642
0.961173
0.486518
0.997926
0.552158
1.0
0.0102611
0.262863
0.454585
0.307439
0.515333
1.0
0.0102577
0.0675222
0.309857
0.326784
0.60446
1.0
0.0102316
0.00104547
0.58388
0.0375703
0.650294
1.0
0.0102176
0.000721907
0.386801
0.0386077
0.453553
1.0
0.0102027
0.51634
0.577655
0.562842
0.651961
1.0
0.0101988
0.766467
0.69394
0.807611
0.748192
1.0
0.0101354
0.116882
0.916996
0.199174
1.00616
1.0
0.0101266
0.790258
0.42363
0.830922
0.482214
1.0
0.0101246
0.163439
0.424117
0.213152
0.484139
1.0
0.0100695
0.191532
0.717394
0.23432
0.772108
1.0
0.0100576
0.78965
0.759557
0.88002
0.881509
1.0
0.0100214
0.596623
0.920222
0.638576
0.98474
1.0
0.0100006
0.265246
0.752529
0.313337
0.81132
