1.0
0.0644492
0.219897
0.345716
0.742267
0.960561
1.0
0.0413194
0.384098
0.410167
0.589392
0.676548
1.0
0.033468
0.0214079
0.372561
0.447839
1.05838
1.0
0.0314945
0.706361
0.525172
1.0117
1.13611
1.0
0.0264067
0.413763
0.25303
0.613953
0.504142
1.0
0.0211305
0.315831
0.474152
0.421652
0.622268
1.0
0.0202702
0.527279
0.510496
0.632089
0.65905
1.0
0.0201671
0.00571434
0.420523
0.258499
0.695327
1.0
0.0199346
0.616451
0.548778
0.713932
0.693534
1.0
0.0197899
0.717796
0.456406
0.757182
0.51636
1.0
0.0196706
0.759604
0.623567
0.856344
0.729648
1.0
0.0190621
0.491507
0.394486
0.605001
0.580027
1.0
0.0190452
0.718914
0.953795
0.757585
0.994734
1.0
0.0190108
0.673381
0.619021
0.712267
0.679281
1.0
0.0189421
0.819003
0.955089
0.85602
0.994919
1.0
0.018899
0.363775
0.401222
0.476939
0.559195
1.0
0.0187633
0.642717
0.725334
0.677049
0.771514
1.0
0.0186737
0.71099
0.438229
0.809626
0.556308
1.0
0.018594
0.768934
0.957742
0.806489
0.996414
1.0
0.0184635
0.642504
0.48093
0.743151
0.622512
1.0
0.0183928
0.713012
0.543354
0.816062
0.676462
1.0
0.0182591
0.668393
0.514713
0.709788
0.580304
1.0
0.0181494
0.594552
0.725404
0.63184
0.775622
1.0
0.017985
0.792669
0.630995
0.831153
0.675974
1.0
0.0179242
0.256761
0.484796
0.361667
0.623198
1.0
0.0175709
0.965502
0.952875
0.997369
0.996482
1.0
0.0175308
0.454258
0.510364
0.564418
0.64923
1.0
0.0174239
0.619127
0.41983
0.718629
0.553186
1.0
0.0171926
0.66917
0.601158
0.761548
0.722707
1.0
0.0170914
0.740714
0.628019
0.783148
0.679259
1.0
0.0168696
0.673691
0.474073
0.894144
0.745793
1.0
0.0165465
0.359936
0.544822
0.478966
0.688818
1.0
0.0163717
0.793536
0.655594
0.829733
0.69883
1.0
0.0162826
0.617567
0.694431
0.656368
0.747027
1.0
0.0162489
0.741871
0.957749
0.780407
0.99754
1.0
0.0161798
0.644596
0.588611
0.684366
0.64854
1.0
0.0161394
0.740218
0.45928
0.781176
0.515077
1.0
0.0160987
0.615938
0.687441
0.697901
0.800323
1.0
0.0160015
0.513589
0.340888
0.736338
0.668466
1.0
0.0159821
0.550873
0.688036
0.639941
0.809122
1.0
0.0158981
0.723651
0.658018
0.815329
0.772433
1.0
0.0158882
0.569123
0.614798
0.665223
0.748892
1.0
0.0157975
0.574878
0.725461
0.611357
0.776324
1.0
0.0157917
0.533987
0.508697
0.58448
0.583619
1.0
0.0156453
0.0112927
0.477875
0.058159
0.546142
1.0
0.0154957
0.666712
0.453024
0.710105
0.517498
1.0
0.0153498
0.816918
0.629152
0.855293
0.673127
1.0
0.0152733
0.718124
0.626295
0.759268
0.680457
1.0
0.015248
0.768334
0.457089
0.807354
0.510898
1.0
0.0151996
0.769386
0.725436
0.806519
0.768788
1.0
0.0151307
0.720983
0.513714
0.76059
0.575822
1.0
0.0150225
0.642076
0.510896
0.686207
0.578477
1.0
0.0149709
0.761503
0.693545
0.855505
0.804752
1.0
0.0149443
0.692762
0.516612
0.731646
0.576507
1.0
0.0148695
0.872298
0.957581
0.906526
0.995545
1.0
0.0147887
0.767881
0.629669
0.807712
0.677256
1.0
0.0147877
0.298181
0.1272
0.641647
0.615509
1.0
0.0147406
0.367073
0.249788
0.506135
0.422853
1.0
0.0146946
0.783727
0.543271
0.888963
0.667775
1.0
0.0146813
0.663675
0.691054
0.756185
0.813534
1.0
0.0145888
0.64108
0.45328
0.683901
0.516877
1.0
0.0145753
0.819673
0.695122
0.856866
0.739491
1.0
0.0144825
0.587652
0.481087
0.688305
0.629722
1.0
0.0144292
0.663922
0.727261
0.700475
0.777045
1.0
0.0144266
0.795016
0.956255
0.833549
0.996603
1.0
0.0143645
0.00414096
0.463594
0.108439
0.612027
1.0
0.0143195
0.694594
0.646285
0.730654
0.695869
1.0
0.0142414
0.664863
0.75508
0.701848
0.805896
1.0
0.0141345
0.536073
0.33325
0.594071
0.42812
1.0
0.014125
0.565011
0.413456
0.662395
0.566521
1.0
0.0140415
0.703609
0.917042
0.783067
1.00262
1.0
0.0140321
0.694882
0.951669
0.736567
0.995577
1.0
0.0139374
0.792739
0.521379
0.83031
0.574427
1.0
0.0139266
0.817296
0.658094
0.854383
0.701783
1.0
0.0136662
0.0393229
0.401585
0.1935
0.551554
1.0
0.0136172
0.645382
0.75288
0.682586
0.804509
1.0
0.0135962
0.00235552
0.455671
0.040555
0.520365
1.0
0.0135746
0.388494
0.509516
0.435398
0.576149
1.0
0.0135592
0.791389
0.460123
0.830175
0.511237
1.0
0.0135376
0.643174
0.654912
0.68297
0.71467
1.0
0.0135156
0.21047
0.543527
0.311783
0.671369
1.0
0.0135156
0.814442
0.623842
0.913882
0.734102
1.0
0.0132879
-0.000520289
0.818311
0.130978
1.00311
1.0
0.0132422
0.794191
0.598573
0.830681
0.644997
1.0
0.0131519
0.819242
0.488308
0.86067
0.545461
1.0
0.013145
0.771278
0.929118
0.808164
0.9783
1.0
0.0131216
0.639561
0.695986
0.6774
0.748627
1.0
0.0130704
0.772109
0.913309
0.858302
1.00695
1.0
0.013027
0.741845
0.594634
0.781651
0.646452
1.0
0.0130169
0.124834
0.446701
0.269346
0.588926
1.0
0.0129704
0.00124287
0.617631
0.0645245
0.7566
1.0
0.0129527
0.758522
0.481122
0.873269
0.615224
1.0
0.0129264
0.768153
0.696821
0.806653
0.744322
1.0
0.0128677
0.669804
0.549657
0.71035
0.614188
1.0
0.0128674
0.738553
0.487287
0.779493
0.547596
1.0
0.0128644
0.191426
0.95941
0.230722
0.99741
1.0
0.0128626
0.216153
0.350395
0.433054
0.652659
1.0
0.0127449
0.792407
0.491357
0.83285
0.547502
1.0
0.0127154
0.962019
0.652225
0.9968
0.713613
1.0
0.0126814
0.54632
0.33034
0.648917
0.502117
1.0
0.0126413
0.818714
0.767189
0.854321
0.807296
1.0
0.0125898
0.442722
0.584157
0.489923
0.644875
1.0
0.012583
0.720902
0.723671
0.755725
0.769457
1.0
0.0125607
-0.00048833
0.359321
0.103519
0.499959
1.0
0.0125267
0.172001
0.959187
0.2085
0.995917
1.0
0.0125205
0.483344
0.564244
0.587384
0.707541
1.0
0.012507
0.691231
0.595439
0.72945
0.652658
1.0
0.0124547
0.769134
0.519654
0.807611
0.574962
1.0
0.012419
0.438985
0.514246
0.497579
0.590249
1.0
0.0123882
0.544866
0.247175
0.976003
0.822152
1.0
0.0123474
0.615224
0.655648
0.657221
0.719268
1.0
0.0123311
0.842241
0.957807
0.878446
0.996883
1.0
0.0122838
0.721605
0.549591
0.761219
0.608215
1.0
0.0122829
0.81773
0.727171
0.85412
0.769111
1.0
0.0122782
0.368688
0.484653
0.413519
0.54838
1.0
0.0122224
0.502677
0.538483
0.558444
0.614547
1.0
0.0121921
0.791591
0.727304
0.828445
0.769143
1.0
0.0121227
0.664259
0.692115
0.702393
0.744858
1.0
0.0120682
0.867101
0.826026
0.990204
1.00645
1.0
0.0119905
0.694988
0.483009
0.73688
0.546966
1.0
0.0119742
0.289876
0.415408
0.394936
0.56134
1.0
0.0119302
0.0625274
-0.015756
0.530154
0.745825
1.0
0.0119246
0.109293
0.456506
0.160378
0.51629
1.0
0.0118953
0.293172
0.544556
0.397829
0.687284
1.0
0.0118927
0.618889
0.74747
0.707414
0.871609
1.0
0.0118498
0.00147227
0.511024
0.0378434
0.58035
1.0
0.0118407
0.819748
0.597482
0.856666
0.643419
1.0
0.0118306
0.89567
0.469873
1.00107
0.622058
1.0
0.0117958
0.959436
0.484971
0.998573
0.554689
1.0
0.0117847
0.534226
0.281405
0.591661
0.368037
1.0
0.0117689
0.669928
0.952615
0.710065
0.995185
1.0
0.011736
0.61258
0.508961
0.6587
0.580004
1.0
0.0117076
0.342921
0.509747
0.387563
0.575294
1.0
0.0116409
0.768269
0.487183
0.808645
0.545883
1.0
0.0114846
0.465403
0.574154
0.516529
0.63884
1.0
0.0114695
0.496948
0.680582
0.58397
0.809326
1.0
0.0114663
0.517245
0.721081
0.554649
0.773527
1.0
0.0114616
0.792234
0.695363
0.831238
0.741718
1.0
0.0114428
0.566391
0.579613
0.613669
0.650631
1.0
0.0114254
0.768819
0.426795
0.807667
0.481036
1.0
0.0114142
0.773962
0.798339
0.806194
0.83935
1.0
0.0114098
0.963675
0.8187
0.996115
0.879788
1.0
0.0113944
0.746986
0.723243
0.784019
0.767019
1.0
0.0113787
0.215909
0.960603
0.25381
0.998011
1.0
0.0113441
0.720761
0.72508
0.816353
0.848279
1.0
0.01129
0.613218
0.584871
0.656992
0.65178
1.0
0.0112802
0.44128
0.597468
0.540078
0.740232
1.0
0.0112694
0.414907
0.513444
0.463776
0.582272
1.0
0.0112341
-0.000142433
0.542247
0.0659137
0.678014
1.0
0.0111273
0.774653
0.8282
0.806314
0.869888
1.0
0.0111138
0.818268
0.519328
0.858933
0.575309
1.0
0.0110868
0.771156
0.762348
0.806518
0.804928
1.0
0.0110411
0.434954
0.340805
0.4947
0.426137
1.0
0.0110365
0.545481
0.723177
0.584833
0.775299
1.0
0.0109378
0.810766
0.461183
0.933274
0.594137
1.0
0.0108935
0.893044
0.956827
0.929368
0.996099
1.0
0.0108317
0.0511485
0.532048
0.170919
0.67434
1.0
0.0107867
0.411312
0.450537
0.460584
0.521378
1.0
0.0107366
0.69176
0.832818
0.86588
1.02591
1.0
0.0107108
0.719032
0.591429
0.759704
0.649004
1.0
0.0107067
0.962809
0.687059
0.996765
0.74661
1.0
0.0106893
0.64364
0.552408
0.685294
0.617251
1.0
0.0106798
0.819528
0.555834
0.858837
0.607771
1.0
0.0106459
0.692113
0.725868
0.728449
0.772691
1.0
0.010645
0.667199
0.405003
0.766685
0.533396
1.0
0.0106401
0.768173
0.595956
0.806154
0.644858
1.0
0.0105902
0.287172
0.517633
0.332594
0.584092
1.0
0.0105411
0.668315
0.790582
0.761172
0.919342
1.0
0.0105393
0.315798
0.336553
0.430055
0.499037
1.0
0.0105171
0.723509
0.7953
0.754904
0.837969
1.0
0.0104315
0.793551
0.554557
0.831533
0.606238
1.0
0.0103958
0.846065
0.906866
0.932879
1.00843
1.0
0.010392
0.42578
0.529272
0.636177
0.819992
1.0
0.0103889
0.816398
0.691157
0.908851
0.804354
1.0
0.0103818
0.915517
0.61177
0.995763
0.741255
1.0
0.0103656
0.390439
0.583542
0.435187
0.643691
1.0
0.0103302
0.796351
0.799922
0.828767
0.839357
1.0
0.0102949
0.242937
0.652945
0.280134
0.699771
1.0
0.0102778
0.588006
0.78724
0.682319
0.921072
1.0
0.0102331
0.873957
0.927671
0.909458
0.979169
1.0
0.0102167
0.408805
0.375938
0.464471
0.456807
1.0
0.0102102
0.841006
0.486418
0.883805
0.546265
1.0
0.0101981
0.668454
0.786694
0.702776
0.835551
1.0
0.0101802
0.409136
0.277318
0.468466
0.362528
1.0
0.0101663
0.867956
0.695848
0.906088
0.741084
1.0
0.0101493
0.000506587
0.708517
0.0644567
0.844676
1.0
0.0101355
0.963629
0.587548
0.997575
0.648628
1.0
0.0101174
0.337432
0.606427
0.44139
0.74431
1.0
0.0101082
0.941948
0.620805
0.989157
0.685701
1.0
0.0101059
0.844969
0.696636
0.881051
0.739813
1.0
0.0101008
0.614461
0.451902
0.66164
0.523597
1.0
0.0100875
0.510009
0.225664
0.62808
0.395696
1.0
0.0100829
0.194937
0.424107
0.31667
0.562766
1.0
0.0100781
0.653826
0.911554
0.737067
1.00182
1.0
0.0100235
0.768704
0.553028
0.807231
0.606452
1.0
0.0100159
0.471178
0.65444
0.508829
0.70583
1.0
0.0100035
0.573078
0.537005
0.771181
0.819287
1.0
0.0100003
0.744782
0.693927
0.784271
0.74277
