1.0
0.882194
0.445858
0.265187
0.596181
0.484181
1.0
0.113895
0.21055
0.319318
0.711292
0.97947
1.0
0.0390995
0.45566
0.379627
0.580182
0.583385
1.0
0.0353153
0.699289
0.529439
1.00629
1.11837
1.0
0.0342073
0.530163
0.418965
0.632603
0.587592
1.0
0.0323837
0.61553
0.695686
0.658231
0.74654
1.0
0.0299352
0.502854
0.278745
0.56914
0.372196
1.0
0.0281664
0.545362
0.336973
0.649943
0.502743
1.0
0.0272214
0.561905
0.442224
0.610292
0.521564
1.0
0.0258485
0.534389
0.368669
0.588567
0.455699
1.0
0.025661
0.618583
0.44453
0.719981
0.589641
1.0
0.0241564
0.00811027
0.275499
0.405146
0.839064
1.0
0.0235448
0.60621
0.632243
0.702495
0.751124
1.0
0.0216581
0.014125
0.415894
0.258025
0.670077
1.0
0.0213209
0.55542
0.314608
0.60259
0.393042
1.0
0.021017
0.435464
0.375782
0.488017
0.452324
1.0
0.0204916
0.370366
0.408246
0.468282
0.559735
1.0
0.0203169
0.61349
0.418757
0.659316
0.487846
1.0
0.0203016
0.66663
0.510334
0.712553
0.582372
1.0
0.0197024
0.529522
0.257726
0.584586
0.334254
1.0
0.0196044
0.614869
0.47435
0.665121
0.551449
1.0
0.01952
0.60644
0.355358
0.707145
0.511791
1.0
0.0188996
0.588788
0.447718
0.638363
0.521827
1.0
0.018746
0.720468
0.953893
0.757448
0.99431
1.0
0.0186793
0.572756
0.363336
0.781102
0.638362
1.0
0.018654
0.679704
0.468467
0.906423
0.743595
1.0
0.0185968
0.500729
0.485549
0.603775
0.643106
1.0
0.0185768
0.658902
0.479341
0.763432
0.620403
1.0
0.0184098
0.416966
0.351713
0.46383
0.422987
1.0
0.0183928
0.759946
0.619357
0.857948
0.727484
1.0
0.0183477
0.440521
0.441978
0.490478
0.517324
1.0
0.0181084
0.584604
0.382416
0.634567
0.456479
1.0
0.0180136
0.00431888
0.467678
0.104658
0.607802
1.0
0.0179736
0.484435
0.253283
0.548024
0.332864
1.0
0.0179452
0.639024
0.45433
0.683703
0.525115
1.0
0.0179165
0.666515
0.422291
0.70808
0.485428
1.0
0.0179084
0.768669
0.959457
0.805275
0.997062
1.0
0.0178962
0.964778
0.952455
0.997476
0.996631
1.0
0.0173652
0.820371
0.956849
0.857045
0.995475
1.0
0.0173301
0.638724
0.718183
0.675703
0.76234
1.0
0.0170997
0.0115381
0.481011
0.0563914
0.545433
1.0
0.0170028
0.615831
0.53578
0.722099
0.68635
1.0
0.0169557
0.716344
0.454202
0.755934
0.515407
1.0
0.0169211
0.361757
0.507942
0.472529
0.661439
1.0
0.0168683
0.43882
0.278035
0.495597
0.362618
1.0
0.0167579
0.317713
0.474355
0.419739
0.611391
1.0
0.016735
0.534978
0.471015
0.588249
0.555835
1.0
0.0166101
0.40481
0.307261
0.514148
0.4699
1.0
0.016453
0.662114
0.602707
0.761838
0.726193
1.0
0.0164309
0.50676
0.403699
0.565504
0.489312
1.0
0.0164237
0.00266648
0.457558
0.0390489
0.518461
1.0
0.0163591
0.566418
0.504641
0.672085
0.653397
1.0
0.0161975
0.717498
0.480321
0.827017
0.619307
1.0
0.016095
0.764561
0.691736
0.857457
0.800435
1.0
0.0160116
0.512316
0.544688
0.559762
0.613121
1.0
0.0160067
0.416941
0.488057
0.527713
0.648105
1.0
0.0159764
0.473986
0.255295
0.86107
0.789856
1.0
0.0159535
0.525796
0.695619
0.561163
0.744607
1.0
0.0158298
0.721747
0.656339
0.817457
0.770938
1.0
0.0157202
0.48373
0.370823
0.545895
0.454054
1.0
0.0156662
0.685995
0.432118
0.788133
0.562049
1.0
0.015436
0.771247
0.724692
0.807027
0.76658
1.0
0.0154304
0.792753
0.657122
0.828706
0.70015
1.0
0.0154019
0.245146
0.482182
0.359857
0.619091
1.0
0.0153382
0.769936
0.458295
0.808934
0.514112
1.0
0.0152764
0.741081
0.958113
0.778866
0.997479
1.0
0.015232
0.74289
0.457443
0.783635
0.514475
1.0
0.015211
0.819219
0.697457
0.856086
0.740995
1.0
0.015211
0.870683
0.956678
0.906759
0.995192
1.0
0.0150896
0.768424
0.655125
0.806145
0.701007
1.0
0.0150491
0.791631
0.629573
0.83124
0.676784
1.0
0.0150356
-0.000683729
0.547958
0.064773
0.671858
1.0
0.0149987
0.440669
0.515006
0.488727
0.584702
1.0
0.0149878
0.483609
0.471768
0.543726
0.55504
1.0
0.0149638
0.575323
0.250967
0.678266
0.397127
1.0
0.0148792
0.340763
0.483775
0.384343
0.546436
1.0
0.0147783
0.542235
0.627025
0.641734
0.752319
1.0
0.0147708
0.713563
0.577538
0.815131
0.70178
1.0
0.0147013
0.0437248
0.365724
0.186249
0.514817
1.0
0.0146972
0.722242
0.916882
0.803525
1.00573
1.0
0.0146739
0.415915
0.44917
0.459491
0.516822
1.0
0.0146258
0.294124
0.341279
0.497088
0.653293
1.0
0.0146239
0.613675
0.714192
0.702208
0.826352
1.0
0.0146074
0.562423
0.508438
0.611008
0.584247
1.0
0.0145755
0.791068
0.460893
0.830102
0.513407
1.0
0.0145226
0.742868
0.516448
0.783601
0.577196
1.0
0.0144957
0.000657612
0.620925
0.0623737
0.748577
1.0
0.0142825
0.667044
0.653477
0.706173
0.705508
1.0
0.0142571
0.739657
0.624887
0.784307
0.678927
1.0
0.0142551
0.475485
0.437477
0.670758
0.747582
1.0
0.014254
0.201595
0.536871
0.312405
0.66526
1.0
0.0141991
0.75564
0.536013
0.873459
0.671376
1.0
0.0141706
0.00150325
0.513018
0.0373171
0.579853
1.0
0.0140346
0.318976
0.380164
0.418975
0.529446
1.0
0.0140099
0.761939
0.438825
0.869653
0.56212
1.0
0.0139615
0.130506
0.449833
0.274723
0.589662
1.0
0.013914
0.716631
0.51485
0.759426
0.580465
1.0
0.0138824
0.66746
0.584455
0.709855
0.649109
1.0
0.0138645
0.416995
0.410037
0.461932
0.479552
1.0
0.0137919
0.659657
0.686427
0.754138
0.80385
1.0
0.0137485
0.583304
0.318913
0.629799
0.386301
1.0
0.0137348
0.77116
0.929653
0.807501
0.97696
1.0
0.0136383
0.459333
0.302563
0.52623
0.396315
1.0
0.0136136
0.818734
0.65916
0.854895
0.702169
1.0
0.0135925
0.79568
0.958123
0.833661
0.997054
1.0
0.0135898
0.769455
0.69654
0.807627
0.743686
1.0
0.0135803
0.00145238
0.691318
0.0642026
0.822224
1.0
0.0135281
0.818507
0.488118
0.861068
0.547345
1.0
0.0134995
0.370915
0.253342
0.480411
0.407096
1.0
0.013475
0.108003
0.45894
0.158759
0.517651
1.0
0.0134341
0.406948
0.67938
0.933789
1.01919
1.0
0.0134298
0.583515
0.678258
0.667683
0.780105
1.0
0.0134175
0.785957
0.479417
0.91187
0.623595
1.0
0.0133754
0.739374
0.59134
0.782212
0.647356
1.0
0.0133444
0.791372
0.489074
0.833132
0.547375
1.0
0.0132965
0.588231
0.511306
0.636474
0.582899
1.0
0.0132297
0.0513271
0.538749
0.168359
0.672477
1.0
0.0132265
0.689408
0.483826
0.732808
0.551672
1.0
0.0130929
0.817159
0.447164
1.00231
0.719103
1.0
0.0130745
0.640197
0.665133
0.681011
0.71879
1.0
0.013015
0.659822
0.695166
0.699715
0.745721
1.0
0.0130087
0.391099
0.48306
0.437309
0.549887
1.0
0.0130051
0.514435
0.586502
0.556225
0.644796
1.0
0.0128463
0.661144
0.723459
0.69753
0.768652
1.0
0.0127688
0.792878
0.593293
0.831226
0.642696
1.0
0.0127682
0.0012872
0.616905
0.0369478
0.680183
1.0
0.0127595
0.842168
0.957143
0.879673
0.996548
1.0
0.0126759
0.511125
0.22413
0.561021
0.290174
1.0
0.0125664
0.49792
0.609147
0.586427
0.739077
1.0
0.012507
0.793384
0.72534
0.829374
0.765889
1.0
0.0124723
0.000669781
0.355112
0.101758
0.49132
1.0
0.0124445
0.643124
0.584708
0.686011
0.647237
1.0
0.0124179
0.682024
0.911974
0.759642
1.00248
1.0
0.0124151
0.773438
0.797548
0.80487
0.836739
1.0
0.0123222
0.00996424
0.314555
0.0556259
0.380239
1.0
0.0122782
0.769446
0.428195
0.807003
0.481629
1.0
0.0122447
0.818379
0.627663
0.857177
0.673765
1.0
0.012236
0.697102
0.954131
0.735904
0.995986
1.0
0.0122169
0.417561
0.284407
0.465201
0.355505
1.0
0.0121245
0.768807
0.517207
0.809278
0.576802
1.0
0.0121223
0.69493
0.427999
0.734333
0.486671
1.0
0.0120838
0.630972
0.274059
0.732503
0.430127
1.0
0.012042
0.817688
0.726153
0.853901
0.76702
1.0
0.0120399
0.318605
0.551274
0.425084
0.699611
1.0
0.0120343
0.793028
0.697845
0.831373
0.743031
1.0
0.0119745
0.719152
0.549878
0.761988
0.611821
1.0
0.0119692
0.795968
0.928117
0.83243
0.976002
1.0
0.0119659
0.690227
0.62101
0.733732
0.679915
1.0
0.0119284
0.641017
0.391829
0.683056
0.456615
1.0
0.0118121
0.596462
0.667298
0.636741
0.72049
1.0
0.0118099
0.573653
0.553678
0.768225
0.820092
1.0
0.0117904
0.463446
0.549054
0.513413
0.616155
1.0
0.0117258
0.495335
0.617878
0.535708
0.675329
1.0
0.0117154
0.610925
0.352645
0.656127
0.418302
1.0
0.0116777
0.799712
0.912284
0.881241
1.00571
1.0
0.0116177
0.688608
0.829242
0.863117
1.02544
1.0
0.011483
0.0425723
0.461734
0.0868669
0.515294
1.0
0.0114547
0.715818
0.324106
0.943298
0.620321
1.0
0.0114402
0.611567
0.317063
0.655917
0.382002
1.0
0.0112982
0.79116
0.427579
0.830514
0.481452
1.0
0.0112925
0.417116
0.197153
0.528046
0.356152
1.0
0.0112298
0.867417
0.823732
0.990687
1.00832
1.0
0.0111981
0.844538
0.907022
0.931671
1.00696
1.0
0.0111163
0.614152
0.583205
0.660072
0.648999
1.0
0.0110506
0.161588
0.585288
0.26842
0.702438
1.0
0.0110461
0.225034
0.424834
0.336345
0.557229
1.0
0.011023
0.521241
0.657664
0.558409
0.710724
1.0
0.0109954
0.720378
0.725178
0.753983
0.768144
1.0
0.0109653
0.766662
0.590652
0.807842
0.644155
1.0
0.0109611
0.768806
0.551056
0.810083
0.609069
1.0
0.0109162
0.962676
0.488154
0.999392
0.553445
1.0
0.0108732
0.416129
0.516553
0.459941
0.579163
1.0
0.0108657
0.612031
0.250286
0.657038
0.314928
1.0
0.0108533
0.0190858
0.570354
0.112776
0.711254
1.0
0.0108415
0.840844
0.488812
0.884243
0.549398
1.0
0.010827
0.558679
0.22037
0.606609
0.287705
1.0
0.0108262
0.720424
0.650963
0.758703
0.700617
1.0
0.0108072
0.458829
0.405311
0.519419
0.490135
1.0
0.0107384
0.817795
0.425982
0.856124
0.479323
1.0
0.0107187
0.763708
0.360873
0.863395
0.494808
1.0
0.0106678
0.603757
0.713343
0.640419
0.760285
1.0
0.0106062
0.565128
0.584482
0.610079
0.647944
1.0
0.0105223
0.791824
0.553703
0.832277
0.609387
1.0
0.010496
0.394711
0.416053
0.439066
0.483735
1.0
0.0104936
0.892098
0.956582
0.929238
0.995618
1.0
0.0104644
0.819039
0.593494
0.858085
0.642939
1.0
0.0104533
0.516559
0.619112
0.558031
0.678893
1.0
0.0104511
0.796897
0.800098
0.827911
0.837284
1.0
0.0104249
0.536755
0.58776
0.579892
0.647134
1.0
0.0104197
0.813305
0.609301
0.922175
0.727263
1.0
0.0104006
0.00101951
0.425494
0.0366249
0.486295
1.0
0.0103678
0.963031
0.819832
0.996244
0.879033
1.0
0.0103486
0.0902015
0.48062
0.136501
0.540245
1.0
0.0102875
0.670584
0.748795
0.759854
0.875948
1.0
0.0102803
0.530693
0.153195
0.633868
0.298082
1.0
0.0102783
0.571612
0.694025
0.60972
0.742092
1.0
0.0102455
0.666603
0.354796
0.705415
0.415311
1.0
0.0102382
0.0889348
0.624118
0.132388
0.678704
1.0
0.0102315
0.818792
0.765656
0.853686
0.804649
1.0
0.0102246
0.341664
0.590116
0.383125
0.65013
1.0
0.0102242
0.000861801
0.282405
0.0853707
0.409404
1.0
0.0102214
0.364227
0.453147
0.409567
0.518978
1.0
0.0102097
0.72092
0.725157
0.815164
0.848135
1.0
0.0102081
0.770961
0.76455
0.805439
0.805338
1.0
0.0101942
0.67132
0.957749
0.706974
0.996122
1.0
0.0101734
0.94257
0.927243
0.985483
0.985429
1.0
0.0101262
0.72655
0.795357
0.755553
0.834304
1.0
0.0100695
0.738749
0.929629
0.77654
0.979537
1.0
0.0100508
0.207569
0.355175
0.317934
0.489402
1.0
0.0100346
0.743388
0.427272
0.782908
0.483128
1.0
0.0100305
0.748672
0.796821
0.778318
0.834518
1.0
0.0100122
0.239436
0.586409
0.283709
0.642532
