1.0
0.902554
0.481062
0.402262
0.65717
0.609101
1.0
0.0918663
0.812428
0.138507
0.864874
0.218992
1.0
0.0517614
0.476344
0.379784
0.534425
0.446644
1.0
0.0400472
0.473373
0.33361
0.588165
0.474554
1.0
0.0390612
0.722503
0.174249
0.903055
0.393502
1.0
0.0384479
0.934347
0.912221
0.997231
0.997363
1.0
0.037781
0.611436
0.283127
0.722054
0.412532
1.0
0.032368
0.00315093
0.00942897
0.0858796
0.123409
1.0
0.0323103
0.444169
0.493533
0.58081
0.644679
1.0
0.0319009
0.263652
0.783118
0.297064
0.840619
1.0
0.0311356
0.412785
0.290642
0.526477
0.414765
1.0
0.0308156
0.601335
0.444616
0.662872
0.524054
1.0
0.0307236
-0.0066636
0.726169
0.251871
0.985774
1.0
0.0304814
0.689577
0.282344
0.805466
0.413913
1.0
0.0296149
0.778106
0.122276
0.880627
0.260815
1.0
0.0293837
0.137068
0.595283
0.236247
0.731238
1.0
0.028669
0.621251
0.348187
0.735818
0.489919
1.0
0.0286548
0.570298
0.387463
0.699717
0.537823
1.0
0.0280766
0.761836
0.292637
0.879841
0.416664
1.0
0.027574
0.484174
0.448429
0.543588
0.522621
1.0
0.0275604
0.640707
0.291841
0.688928
0.352706
1.0
0.0266747
0.0749254
0.550991
0.268751
0.839645
1.0
0.0263096
0.00471017
0.570236
0.0768221
0.712338
1.0
0.0259872
0.013623
0.292603
0.110826
0.421807
1.0
0.0259575
0.192512
0.105864
0.29406
0.227379
1.0
0.0257027
0.521903
0.298099
0.643166
0.447103
1.0
0.0254963
0.0597625
0.814966
0.111041
0.871878
1.0
0.0250421
0.816344
0.213347
0.862458
0.270132
1.0
0.0250073
0.51927
0.570248
0.640012
0.714195
1.0
0.0244241
0.252096
0.760114
0.287579
0.81715
1.0
0.0242152
0.962579
0.716999
0.998838
0.792293
1.0
0.0242119
0.531962
0.385075
0.591894
0.459252
1.0
0.0240642
0.135098
0.0168032
0.191527
0.0784127
1.0
0.0237796
0.263265
0.954964
0.303431
0.998943
1.0
0.0236883
0.0631527
0.0931023
0.174039
0.220564
1.0
0.0235966
0.852464
0.319585
0.907731
0.383216
1.0
0.0235711
0.240483
0.951551
0.281857
0.997509
1.0
0.0235346
0.265655
0.814721
0.298935
0.872296
1.0
0.0234927
0.581921
0.383465
0.644055
0.464185
1.0
0.0234493
0.186315
0.02045
0.237234
0.0785567
1.0
0.0233442
0.000620835
0.0696959
0.065786
0.187279
1.0
0.0233131
0.0162687
0.819252
0.0668712
0.879062
1.0
0.0232974
0.553282
0.543844
0.614132
0.61545
1.0
0.0232695
0.867279
0.911258
0.915609
0.982077
1.0
0.0232253
0.579408
0.195626
0.783813
0.470941
1.0
0.0231869
0.0124179
0.878009
0.11741
0.988789
1.0
0.0231609
0.231564
0.748008
0.300661
0.873883
1.0
0.0230421
0.482255
0.316306
0.538913
0.386548
1.0
0.023011
0.0023999
0.643062
0.0409827
0.716521
1.0
0.0229437
0.788893
0.316128
0.847342
0.386668
1.0
0.0229417
0.962232
0.777465
0.999512
0.854416
1.0
0.02282
0.580373
0.507352
0.638844
0.580756
1.0
0.022818
0.118316
0.724802
0.161768
0.777875
1.0
0.0226599
0.562058
0.49462
0.677858
0.64298
1.0
0.022381
-0.000804178
0.953227
0.0361279
0.998744
1.0
0.0222621
0.876959
0.846333
0.993755
1.00254
1.0
0.0221962
0.190278
0.726087
0.233999
0.787304
1.0
0.0221304
0.661748
0.236978
0.768591
0.363644
1.0
0.0221143
0.813931
0.253062
0.863561
0.310788
1.0
0.0219919
0.790682
0.386729
0.835427
0.44141
1.0
0.0218429
0.724668
0.137393
0.828422
0.274659
1.0
0.0217499
0.962135
0.485006
0.999445
0.558365
1.0
0.0216944
0.162915
0.249772
0.265667
0.38206
1.0
0.0214377
0.935128
0.166078
1.00419
0.276882
1.0
0.0214337
0.18892
0.925305
0.22982
0.981237
1.0
0.0214328
0.0865386
0.283555
0.194144
0.413099
1.0
0.0213363
0.0094282
0.774219
0.110617
0.891659
1.0
0.0212596
0.423176
0.423627
0.551139
0.580302
1.0
0.0212256
0.928652
0.26342
1.00177
0.366228
1.0
0.0211818
0.767126
0.184657
0.810872
0.246542
1.0
0.0211551
0.732686
0.314807
0.786947
0.383062
1.0
0.0211023
0.500661
0.542451
0.572793
0.626069
1.0
0.0209167
0.886877
0.949177
0.933873
1.00065
1.0
0.020743
0.0505069
0.032461
0.172051
0.151592
1.0
0.0206531
0.962544
0.8481
1.00066
0.919839
1.0
0.0206313
0.503164
0.355375
0.560434
0.422881
1.0
0.0206298
0.011871
0.00444183
0.064431
0.0621441
1.0
0.0205842
0.00504234
0.216797
0.0863337
0.35213
1.0
0.0205155
0.790695
0.257359
0.837064
0.313108
1.0
0.0204777
-0.00267178
0.143735
0.0606727
0.25933
1.0
0.0204458
0.963749
0.152881
0.998938
0.213295
1.0
0.0204131
0.167034
0.887068
0.254252
0.99751
1.0
0.0202802
0.218338
0.953423
0.258887
0.998023
1.0
0.020265
0.221616
0.920646
0.261795
0.977265
1.0
0.0201883
0.338545
0.277368
0.452623
0.404272
1.0
0.0201427
0.241296
0.888609
0.273575
0.938915
1.0
0.0201281
0.96004
0.319282
0.999528
0.383064
1.0
0.020125
0.0168269
0.891365
0.0666758
0.951944
1.0
0.0200524
0.807494
0.290445
0.867811
0.361033
1.0
0.0200428
0.792251
0.218226
0.838209
0.273452
1.0
0.0200256
0.688953
0.314898
0.740868
0.382689
1.0
0.0199985
0.630594
0.381812
0.690152
0.460257
1.0
0.0199083
0.00146493
0.184853
0.0354464
0.244741
1.0
0.0198223
0.803474
0.34172
0.907358
0.462585
1.0
0.0198089
-0.00328901
0.676985
0.0645647
0.790597
1.0
0.0197676
0.912359
0.315128
0.963791
0.374424
1.0
0.0197576
0.389829
0.393276
0.729222
0.821319
1.0
0.0197378
0.316931
0.953616
0.357307
0.998831
1.0
0.0195897
0.963456
0.186442
0.999299
0.247344
1.0
0.0195233
0.251063
0.112343
0.375918
0.24076
1.0
0.0194986
0.246665
0.732396
0.282589
0.785886
1.0
0.0194715
0.451024
0.239387
0.559435
0.37257
1.0
0.0194495
0.164229
0.690716
0.252617
0.835922
1.0
0.019349
0.614536
0.948934
0.658196
0.996516
1.0
0.0192882
0.246062
0.861213
0.279093
0.915364
1.0
0.0191042
0.614605
0.310647
0.669333
0.381774
1.0
0.0190964
0.834944
0.348203
0.891147
0.410153
1.0
0.0190869
0.264437
0.854234
0.297833
0.908334
1.0
0.0190789
0.129036
0.113944
0.24452
0.245391
1.0
0.0190714
0.000767045
0.0506488
0.0408297
0.124684
1.0
0.019061
0.159827
0.777447
0.249371
0.923987
1.0
0.0190111
0.840478
0.384999
0.888598
0.442929
1.0
0.0189678
0.767788
0.220751
0.810196
0.272198
1.0
0.018946
0.504342
0.225234
0.610762
0.356579
1.0
0.0188765
0.907238
0.324193
0.995331
0.445527
1.0
0.0188552
0.713298
0.901004
0.766083
0.976672
1.0
0.0188126
0.214609
0.731238
0.254742
0.788756
1.0
0.0188093
0.12404
0.0213731
0.24013
0.136392
1.0
0.018771
0.93383
0.0968108
1.00084
0.208748
1.0
0.0187701
0.965744
0.645082
1.00021
0.718073
1.0
0.0187659
0.816469
0.0565584
0.859644
0.121016
1.0
0.0187591
0.437791
0.520159
0.49566
0.594456
1.0
0.0187201
0.728881
0.872197
0.830211
0.99476
1.0
0.0186989
0.886808
0.885885
0.929697
0.950172
1.0
0.0186812
0.660676
0.308939
0.710687
0.374648
1.0
0.0185724
0.140834
0.952342
0.183137
0.995914
1.0
0.0185558
0.0628412
0.216463
0.167157
0.350923
1.0
0.0185352
0.164528
0.950911
0.208297
0.995618
1.0
0.0185348
0.225227
0.823036
0.298186
0.95232
1.0
0.0185305
0.0330578
0.696232
0.138968
0.833195
1.0
0.0184761
0.396426
0.534241
0.514615
0.680517
1.0
0.0184635
0.887496
0.226745
0.933697
0.279396
1.0
0.0184265
0.814521
0.950585
0.860443
1.00085
1.0
0.0182026
0.666604
0.953912
0.707365
0.999233
1.0
0.0181697
0.76504
0.346643
0.81513
0.407425
1.0
0.0181618
0.741729
0.187592
0.783121
0.244854
1.0
0.0181533
0.417172
0.956427
0.45671
0.998163
1.0
0.0181488
0.823898
0.604766
0.908953
0.751193
1.0
0.0181068
0.959244
0.25341
0.999226
0.317335
1.0
0.018046
0.0956675
0.64767
0.191412
0.78546
1.0
0.0180421
0.136894
0.686885
0.183446
0.749399
1.0
0.0179815
0.96328
0.539946
1.00064
0.618401
1.0
0.0179598
0.862524
0.188585
0.908011
0.243697
1.0
0.017954
0.122923
0.810223
0.290643
1.0255
1.0
0.0178958
0.0185592
0.128061
0.116871
0.272433
1.0
0.0178827
0.666623
0.91585
0.709986
0.978639
1.0
0.0177469
0.765408
0.95491
0.806989
1.00176
1.0
0.0177104
0.564873
0.222373
0.674141
0.347766
1.0
0.0176542
0.645063
0.868402
0.742595
0.988304
1.0
0.0176126
0.75165
0.758905
0.996581
1.01128
1.0
0.0176031
0.530693
0.442425
0.600432
0.526111
1.0
0.0176021
0.814112
0.269976
0.924267
0.388816
1.0
0.0175426
0.840185
0.950972
0.887001
1.00171
1.0
0.0174941
0.776026
0.903641
0.871139
1.00653
1.0
0.017475
0.0664301
0.78784
0.183922
0.919058
1.0
0.0174072
0.0718598
0.57553
0.175895
0.721282
1.0
0.0173891
0.828944
0.175755
0.879087
0.239403
1.0
0.0172394
0.00987749
0.490637
0.102473
0.651586
1.0
0.017215
0.931671
0.76601
1.00168
0.924882
1.0
0.0171462
0.96593
0.417982
1.00081
0.482305
1.0
0.0170721
0.732719
0.87993
0.781455
0.951195
1.0
0.0170301
0.712579
0.340511
0.766878
0.410403
1.0
0.017025
0.210916
0.00352107
0.258314
0.0528025
1.0
0.0170224
0.556836
0.351661
0.613155
0.421969
1.0
0.0170211
0.0149601
0.851307
0.0627184
0.909992
1.0
0.0169711
0.223869
0.861594
0.258017
0.915658
1.0
0.0169685
0.763576
0.288838
0.815311
0.354413
1.0
0.0169233
0.416454
0.218699
0.61151
0.501525
1.0
0.016914
0.532051
0.653627
0.634566
0.773467
1.0
0.0168964
0.740095
0.000135243
0.903767
0.240152
1.0
0.0168874
0.790614
0.419148
0.886533
0.544909
1.0
0.0168713
0.221133
0.910968
0.30281
1.00542
1.0
0.0168148
0.00095365
0.75437
0.0351398
0.810766
1.0
0.0168034
0.738683
0.951638
0.785325
1.00222
1.0
0.0167883
0.667213
0.150468
0.763027
0.276656
1.0
0.016762
0.917569
0.949701
0.963841
1.00054
1.0
0.0167305
0.266789
0.732979
0.302268
0.789507
1.0
0.0166635
0.111825
0.818081
0.156492
0.872135
1.0
0.0166176
0.180441
0.168084
0.284849
0.305404
1.0
0.0165884
0.794253
0.17277
0.846673
0.243934
1.0
0.0165506
0.36857
0.954878
0.407733
0.99858
1.0
0.0165281
0.465003
0.289248
0.516565
0.354223
1.0
0.0165007
0.260949
-1.21873e-05
0.315762
0.0542678
1.0
0.0164722
0.528935
0.506132
0.600982
0.59284
1.0
0.0164491
0.945041
0.602896
1.00698
0.761855
1.0
0.0163863
0.0613144
0.950168
0.111461
0.998692
1.0
0.0163376
0.00115662
0.147169
0.0356344
0.208219
1.0
0.0163235
0.585822
0.315488
0.640157
0.384616
1.0
0.0162932
0.236679
0.0202342
0.289248
0.0810543
1.0
0.0162151
0.11209
0.318428
0.16082
0.384435
1.0
0.0161944
0.239122
0.643867
0.280548
0.710309
1.0
0.0161901
0.0247642
0.602465
0.125187
0.748388
1.0
0.0160723
0.761161
0.913619
0.806355
0.98127
1.0
0.0160584
0.940789
0.883342
0.988081
0.953255
1.0
0.0160406
0.656577
0.418245
0.707514
0.485721
1.0
0.0160263
0.531669
0.320782
0.586925
0.390951
1.0
0.0160043
0.609709
0.347826
0.665686
0.423881
1.0
0.0159753
0.455201
0.537431
0.525964
0.621429
1.0
0.0159719
0.745026
0.125792
0.783749
0.18335
1.0
0.0159508
0.0434175
0.0832838
0.230965
0.336946
1.0
0.0158813
0.0127704
0.28703
0.0588299
0.356325
1.0
0.0158737
0.427253
0.130395
0.548103
0.268184
1.0
0.0158199
0.267947
0.886456
0.363341
0.999272
1.0
0.0158055
0.921988
0.423114
0.99705
0.574697
1.0
0.0157808
0.916536
0.883002
0.956875
0.943946
1.0
0.0157808
0.715401
0.948407
0.760623
1.00048
1.0
0.0157637
0.861838
0.189412
1.01202
0.436907
1.0
0.0157586
0.0837749
0.898941
0.180318
1.00646
1.0
0.0157521
0.11188
0.145622
0.162725
0.211356
1.0
0.0157521
0.0130766
0.213141
0.0549024
0.275798
1.0
0.0157452
0.438259
0.571616
0.493471
0.650095
1.0
0.0157446
0.281957
-0.00622532
0.39369
0.096686
1.0
0.0157443
0.599301
0.900307
0.680679
0.999651
1.0
0.0157378
0.716425
0.28968
0.766045
0.35413
1.0
0.0157195
0.293665
0.955165
0.33487
1.0007
1.0
0.0157095
0.00087893
0.718183
0.0352418
0.778015
1.0
0.0156595
0.770139
0.148407
0.813766
0.213917
1.0
0.0156343
0.464733
0.590656
0.580531
0.734589
1.0
0.0156129
0.0856482
0.0196718
0.140301
0.0794672
1.0
0.0156051
0.211411
0.0536669
0.261772
0.113015
1.0
0.0156027
0.720594
0.223741
0.758153
0.270564
1.0
0.0155812
0.819446
0.831414
0.912468
0.959939
1.0
0.0155356
0.553449
0.469986
0.622411
0.556094
1.0
0.0155321
0.221337
0.823144
0.255215
0.876817
1.0
0.0154851
0.21835
0.6523
0.305042
0.793918
1.0
0.0154824
0.189269
0.0338509
0.300628
0.159449
1.0
0.0154164
0.438706
0.316298
0.492259
0.381492
1.0
0.0153638
0.662617
0.3456
0.71422
0.41445
1.0
0.015353
0.358018
0.604558
0.463845
0.75614
1.0
0.0153528
0.742306
0.222156
0.784102
0.272803
1.0
0.0153487
0.766085
0.257184
0.811184
0.311871
1.0
0.0153396
0.739289
0.258144
0.784631
0.314031
1.0
0.0153396
0.0946839
0.727132
0.13744
0.780381
1.0
0.0153277
0.857821
0.381247
0.962489
0.514383
1.0
0.015322
0.814973
0.0948175
0.858965
0.160584
1.0
0.0153064
0.0401945
0.440309
0.445969
1.01119
1.0
0.0152942
0.0649377
0.760854
0.110368
0.815913
1.0
0.0152872
0.816362
0.819487
0.855939
0.873661
1.0
0.0152688
0.767965
0.38756
0.811159
0.443697
1.0
0.0152664
0.0592908
0.893698
0.11048
0.953853
1.0
0.0152625
0.630399
0.479238
0.680272
0.543949
1.0
0.0152395
0.235511
-0.0131813
0.455105
0.172425
1.0
0.015235
0.270887
0.687313
0.358218
0.831157
1.0
0.0151906
0.000907492
0.319732
0.0386058
0.387384
1.0
0.0151834
0.820355
0.615826
0.861344
0.67394
1.0
0.0151697
0.459326
0.48211
0.520236
0.561043
1.0
0.0151355
0.00168035
0.791339
0.0379771
0.845824
1.0
0.0151355
0.194912
0.785425
0.234128
0.844458
1.0
0.0151147
0.167315
0.753113
0.210455
0.811339
1.0
0.0151143
0.937851
-0.00476221
1.00069
0.0812918
1.0
0.0150804
0.115012
0.754128
0.159676
0.810151
1.0
0.0150698
0.360102
0.332478
0.479799
0.473505
1.0
0.0150451
0.0670698
0.728544
0.111291
0.783269
1.0
0.0150383
0.869761
0.860398
0.90931
0.922451
1.0
0.0150355
0.888736
0.292058
0.940419
0.347694
1.0
0.0149984
0.121025
0.614029
0.171013
0.687179
1.0
0.0149463
0.311881
0.183997
0.363773
0.242435
1.0
0.0149169
0.508675
0.413529
0.56939
0.488912
1.0
0.0148381
0.933072
0.500361
1.00141
0.658917
1.0
0.0148246
0.40948
0.312291
0.46263
0.378894
1.0
0.0147918
0.0579837
0.339017
0.162106
0.46934
1.0
0.0147688
0.585139
0.581223
0.637731
0.64694
1.0
0.014715
0.0105355
0.339051
0.0632258
0.416026
1.0
0.0147119
0.136423
0.636701
0.188921
0.711307
1.0
0.014701
0.828435
0.183187
0.92459
0.302182
1.0
0.0146712
0.790805
0.420963
0.835036
0.475542
1.0
0.0146616
0.468274
0.958646
0.505592
0.998855
1.0
0.0146572
0.826193
0.716032
0.911082
0.862427
1.0
0.0146419
0.00123835
0.253274
0.0340174
0.313307
1.0
0.0146148
0.283241
0.618436
0.375498
0.756589
1.0
0.014562
0.209734
0.0933169
0.265169
0.162643
1.0
0.0145583
0.393332
0.954442
0.434821
0.99884
1.0
0.0145477
0.764012
0.856333
0.800193
0.910299
1.0
0.0145312
0.871139
0.707146
0.955613
0.864303
1.0
0.0145286
0.140436
0.756772
0.181467
0.811555
1.0
0.0145147
0.15902
0.00609327
0.211782
0.0569613
1.0
0.0144634
0.687358
0.38391
0.735967
0.448392
1.0
0.0144194
0.0646507
0.113472
0.115505
0.18486
1.0
0.0143612
0.799493
0.555947
0.88318
0.681779
1.0
0.0143247
0.720925
0.190562
0.758859
0.244663
1.0
0.014313
0.0858778
0.804162
0.135051
0.861322
1.0
0.0143019
0.91376
0.192436
0.959436
0.246584
1.0
0.0142997
0.16317
0.686939
0.212576
0.751625
1.0
0.0142338
0.714123
0.857762
0.76096
0.925012
1.0
0.0142286
0.888477
0.193746
0.932495
0.245955
1.0
0.0142219
0.769821
0.830084
0.803169
0.879757
1.0
0.0142048
0.112566
0.00329148
0.167013
0.0552272
1.0
0.0141983
0.22102
0.788351
0.257229
0.845369
1.0
0.0141703
0.11875
0.883623
0.157628
0.933726
1.0
0.0141275
0.870787
0.787725
0.90878
0.847372
1.0
0.0141191
0.141689
0.591566
0.196177
0.667502
1.0
0.0141018
0.264042
0.258728
0.380289
0.38882
1.0
0.014096
0.341889
0.954928
0.384339
1.00026
1.0
0.0140896
0.692856
0.224841
0.730978
0.27262
1.0
0.0140421
0.212144
0.616152
0.260561
0.685126
1.0
0.013915
0.910602
0.221983
0.962633
0.281041
1.0
0.0139144
0.682106
0.380006
0.78768
0.513052
1.0
0.013895
0.260916
0.183779
0.309421
0.240335
1.0
0.013876
0.26119
0.772108
0.348454
0.913981
1.0
0.0138572
0.307676
-0.00153757
0.365916
0.0550801
1.0
0.013789
0.858367
0.151177
0.903749
0.210965
1.0
0.0137729
0.441524
0.957597
0.482128
0.999964
1.0
0.0137548
0.942381
0.455522
0.987062
0.524663
1.0
0.0136756
0.919001
0.784325
0.959016
0.849611
1.0
0.0136618
0.321724
0.104959
0.540394
0.364332
1.0
0.0136601
0.871964
0.719184
0.908502
0.776966
1.0
0.0136427
0.691032
0.259073
0.73287
0.313862
1.0
0.0135832
0.246488
0.687845
0.284372
0.74509
1.0
0.0135707
0.893072
0.197996
0.984551
0.310762
1.0
0.0135672
0.260265
0.180286
0.375894
0.308862
1.0
0.0135589
0.869976
0.819875
0.90611
0.874298
1.0
0.0135281
0.814417
0.420171
0.860761
0.476093
1.0
0.0135056
0.863783
0.251725
0.91442
0.308562
1.0
0.0134512
0.863368
0.545338
0.954347
0.696263
1.0
0.0134443
0.0603431
0.651163
0.105135
0.713013
1.0
0.0134369
0.663682
0.271116
0.871859
0.520938
1.0
0.0134296
0.888579
0.157515
0.931879
0.211478
1.0
0.0134056
0.504599
0.287514
0.557923
0.354283
1.0
0.0133864
0.511357
0.64674
0.562502
0.712554
1.0
0.0133723
0.530287
0.573201
0.587609
0.641689
1.0
0.0133559
0.557035
0.705402
0.662381
0.853009
1.0
0.0133329
0.693411
0.192379
0.73028
0.244623
1.0
0.0132892
0.359564
0.184021
0.476143
0.314817
1.0
0.0132778
0.838614
0.416748
0.885118
0.474528
1.0
0.0132359
0.569374
0.952516
0.608898
0.996077
1.0
0.0132332
0.391203
0.580914
0.441399
0.651375
1.0
0.0132239
0.513247
0.219014
0.558971
0.273158
1.0
0.0131905
0.089597
0.955722
0.137003
1.00145
1.0
0.0131869
0.31734
0.784981
0.353667
0.84132
1.0
0.0131749
0.211491
0.177477
0.265505
0.243664
1.0
0.0131689
0.6716
0.858683
0.709972
0.914473
1.0
0.0131359
0.612716
0.187769
0.712598
0.309737
1.0
0.0131181
0.164203
0.189387
0.213361
0.252618
1.0
0.013078
0.177063
0.627946
0.357448
0.915403
1.0
0.013071
0.893126
0.823233
0.928876
0.878134
1.0
0.0129767
0.18197
0.595898
0.234422
0.666486
1.0
0.0129559
0.2616
0.884492
0.296058
0.937619
1.0
0.01295
0.55772
0.614862
0.614649
0.684813
1.0
0.0129382
0.0111647
0.542807
0.0604511
0.624453
1.0
0.0128902
0.362417
0.314872
0.414452
0.380385
1.0
0.0128821
0.320487
0.656275
0.418757
0.81621
1.0
0.0128619
0.819018
0.559791
0.858231
0.61018
1.0
0.0128522
0.253888
0.114522
0.314179
0.184882
1.0
0.0128241
0.0932554
0.651847
0.138996
0.713353
1.0
0.0128113
0.163894
0.791877
0.204297
0.848056
1.0
0.0128093
0.316846
0.677195
0.361141
0.744342
1.0
0.0128089
0.0907827
0.759874
0.134196
0.813385
1.0
0.0128037
0.842617
0.00195181
0.881722
0.0454884
1.0
0.0127943
0.700221
0.881653
0.742008
0.946284
1.0
0.0127802
0.716136
0.830393
0.756655
0.887698
1.0
0.0127653
0.63908
0.952021
0.685325
1.00045
1.0
0.0127357
0.372411
0.914132
0.458161
1.00544
1.0
0.0127163
0.918872
0.820705
0.955271
0.881326
1.0
0.0127154
0.847619
0.120015
0.95069
0.243389
1.0
0.0127125
0.820947
0.650783
0.860049
0.70742
1.0
0.0126957
0.197064
0.894183
0.232522
0.94499
1.0
0.0126876
0.00183632
0.583457
0.0403092
0.659361
1.0
0.0126807
0.717499
0.056221
0.753573
0.112763
1.0
0.0126759
0.60442
0.548264
0.6565
0.613709
1.0
0.0126528
0.769241
0.090331
0.808836
0.149411
1.0
0.0126523
0.695477
0.808569
0.783114
0.940809
1.0
0.0126467
0.884079
0.351647
0.936106
0.410694
1.0
0.0126011
0.519766
0.958886
0.557012
0.998392
1.0
0.012595
0.0877137
0.349472
0.140328
0.415858
1.0
0.0125784
0.387279
0.180781
0.438576
0.241049
1.0
0.0125612
0.448621
0.386269
0.501021
0.44707
1.0
0.0125606
0.195881
0.820981
0.234443
0.879828
1.0
0.0125441
0.595559
0.920767
0.638664
0.98212
1.0
0.0125417
0.472993
0.0186796
0.692002
0.254409
1.0
0.0125344
0.766197
-0.000728114
0.809705
0.0506184
1.0
0.0124869
0.815285
0.0242972
0.859503
0.0857082
1.0
0.012462
0.893291
0.549819
1.00937
0.860328
1.0
0.0124587
0.441525
0.45194
0.49254
0.516667
1.0
0.0124519
0.916897
0.452306
0.959895
0.515388
1.0
0.0124441
0.722992
0.0299799
0.811123
0.177017
1.0
0.0124406
0.315426
0.716738
0.356427
0.777697
1.0
0.0124356
0.32133
0.563173
0.422694
0.705942
1.0
0.0124326
0.692366
0.951181
0.735583
1.00121
1.0
0.012428
0.296909
0.4504
0.514753
0.719504
1.0
0.0124132
0.557363
0.692909
0.61371
0.753406
1.0
0.0124094
0.920004
0.717598
0.959007
0.780974
1.0
0.0124066
0.865362
0.00108115
0.906103
0.0459661
1.0
0.0123964
0.884736
0.383359
0.935843
0.44485
1.0
0.0123789
0.0886412
0.283059
0.139208
0.34785
1.0
0.0123705
0.445852
0.354258
0.496188
0.414594
1.0
0.0123654
0.131085
0.124073
0.183615
0.188483
1.0
0.0123542
0.739731
0.384044
0.786722
0.444256
1.0
0.0123222
0.868911
0.652687
0.908765
0.715421
1.0
0.0123171
0.796356
0.823994
0.832796
0.875009
1.0
0.0123036
0.139118
0.797435
0.180574
0.85287
1.0
0.012292
0.208445
0.281649
0.318844
0.403221
1.0
0.012284
0.0891253
0.582931
0.136026
0.64916
1.0
0.0122782
0.872706
0.755106
0.909628
0.81627
1.0
0.0122438
0.0634511
0.179838
0.109189
0.242932
1.0
0.0122392
0.168543
0.283785
0.220054
0.35158
1.0
0.0122336
0.618949
0.223003
0.659488
0.272021
1.0
0.0121882
0.464606
0.644814
0.510031
0.709681
1.0
0.0121861
0.77329
0.682965
0.864422
0.823268
1.0
0.0121221
0.27572
0.737571
0.688035
1.03067
1.0
0.0121201
0.18646
0.635705
0.238096
0.709484
1.0
0.0121059
0.113002
0.34454
0.21952
0.47201
1.0
0.0120841
0.815673
0.886663
0.860321
0.95195
1.0
0.012081
0.0892255
0.889265
0.135955
0.946039
1.0
0.0120566
0.669003
0.223519
0.708057
0.270583
1.0
0.0120557
0.120902
0.920793
0.163166
0.977705
1.0
0.0120211
0.794345
0.856393
0.831011
0.910403
1.0
0.0119987
0.0956676
0.691391
0.138463
0.747233
1.0
0.011977
0.0550181
0.485212
0.156056
0.637813
1.0
0.0119638
0.0398961
0.184641
0.081045
0.242353
1.0
0.0119533
0.120694
0.373812
0.335347
0.68571
1.0
0.0119491
0.162079
0.0490429
0.211268
0.105799
1.0
0.0119273
0.609718
0.789813
0.7127
0.93668
1.0
0.0119029
0.112758
0.255193
0.159482
0.317243
1.0
0.0118866
0.817414
0.00190442
0.85926
0.0497407
1.0
0.0118548
0.364921
0.41903
0.474869
0.554234
1.0
0.0118434
0.104702
0.728665
0.209196
0.871216
1.0
0.011838
0.820369
0.721475
0.856466
0.773596
1.0
0.0118111
0.665196
0.262002
0.708991
0.320764
1.0
0.0118003
0.917835
0.582589
0.9571
0.648184
1.0
0.0117654
0.817581
0.455649
0.860184
0.513306
1.0
0.0117199
0.916076
0.648506
0.953947
0.713393
1.0
0.011715
0.793711
0.790451
0.882133
0.914132
1.0
0.0117072
0.562698
0.147426
0.670059
0.275928
1.0
0.0117065
0.317167
0.910892
0.405399
1.00532
1.0
0.0117012
0.814959
0.852126
0.857433
0.913651
1.0
0.0116675
0.0638602
0.687655
0.106686
0.744353
1.0
0.011654
0.305091
0.150614
0.424033
0.274907
1.0
0.0116516
0.413959
0.611423
0.463374
0.682138
1.0
0.0116197
0.314754
0.752498
0.35428
0.812075
1.0
0.0116088
0.744334
0.831881
0.783882
0.887679
1.0
0.0115807
0.634478
0.000286415
0.828929
0.285057
1.0
0.0115792
0.918848
0.517062
0.960192
0.584404
1.0
0.0115066
0.293157
0.726128
0.330274
0.781645
1.0
0.0114883
0.0384093
0.724696
0.0848788
0.780861
1.0
0.0114829
0.82026
0.690851
0.857219
0.743128
1.0
0.0114776
0.0633736
0.28502
0.111265
0.350328
1.0
0.0114567
0.416702
0.487819
0.465852
0.552816
1.0
0.0114532
0.1992
0.591752
0.292716
0.718453
1.0
0.0114463
0.911067
0.416346
0.959724
0.481282
1.0
0.0114443
0.280809
0.283778
0.495236
0.566778
1.0
0.0114251
0.843395
0.823194
0.881066
0.878661
1.0
0.0113986
0.364977
0.645517
0.411257
0.715451
1.0
0.0113896
0.0426344
0.220397
0.237738
0.492725
1.0
0.0113839
0.915318
0.155854
0.957671
0.209454
1.0
0.0113782
0.476404
0.175964
0.581228
0.305221
1.0
0.0113426
0.84512
0.793796
0.883302
0.849403
1.0
0.0113106
0.520779
0.720207
0.563813
0.77276
1.0
0.0113034
0.492081
0.958404
0.531056
0.999957
1.0
0.0112781
0.800359
0.590013
0.836462
0.63963
1.0
0.0112653
0.74372
0.000733314
0.783077
0.0494229
1.0
0.01126
0.315812
0.618713
0.361921
0.688639
1.0
0.0112571
0.544798
0.954487
0.585128
0.99817
1.0
0.0112386
0.308158
0.118357
0.3631
0.182915
1.0
0.0112349
0.734662
0.537383
0.915674
0.842075
1.0
0.0112221
0.129304
0.175013
0.326464
0.436209
1.0
0.0112207
0.316835
0.318057
0.366217
0.379213
1.0
0.0112156
0.162067
0.119849
0.211073
0.183477
1.0
0.0111883
0.72003
0.08658
0.75633
0.144456
1.0
0.0111624
0.830547
0.441792
0.925293
0.581466
1.0
0.0111473
0.794058
0.486152
0.882768
0.616397
1.0
0.0111468
0.0625885
0.85006
0.108806
0.908148
1.0
0.0111239
0.113385
0.379229
0.160077
0.440324
1.0
0.0111222
0.820265
0.760655
0.855657
0.815041
1.0
0.0110794
0.581776
0.715272
0.63288
0.774159
1.0
0.0110541
0.794471
0.453699
0.833607
0.50781
1.0
0.0110466
0.0355263
0.578347
0.0829065
0.652309
1.0
0.0110342
0.0948795
0.00915955
0.589321
0.437611
1.0
0.0110315
0.139615
0.316529
0.189408
0.37893
1.0
0.0110129
0.469349
0.913168
0.553739
1.0071
1.0
0.0110079
0.0611469
0.578264
0.1059
0.645845
1.0
0.0110064
0.241991
0.596703
0.282177
0.65645
1.0
0.0109979
0.722629
0.124086
0.758305
0.17979
1.0
0.0109863
0.790515
0.000138005
0.833725
0.0489454
1.0
0.0109861
0.8634
0.620248
0.906011
0.683213
1.0
0.0109803
0.309923
0.381962
0.420929
0.515288
1.0
0.0109433
0.795702
0.88674
0.834847
0.94634
1.0
0.0109413
0.00130366
0.518568
0.0385143
0.591099
1.0
0.0109312
0.319146
0.822011
0.355455
0.877052
1.0
0.0109283
0.641437
0.22515
0.681176
0.273137
1.0
0.0109264
0.138636
0.862743
0.177465
0.914719
1.0
0.0108864
0.565442
0.222437
0.607863
0.273055
1.0
0.0108688
0.117292
0.492429
0.218845
0.650265
1.0
0.010842
0.844915
0.853569
0.884934
0.913814
1.0
0.010841
0.164701
0.860042
0.202117
0.9116
1.0
0.0108361
0.461719
0.180055
0.515944
0.246423
1.0
0.0108336
0.258367
0.0506031
0.316524
0.114809
1.0
0.0108122
0.767545
0.420374
0.809726
0.476623
1.0
0.0107239
0.745199
0.0558879
0.78274
0.115299
1.0
0.0107189
0.316135
0.218929
0.364187
0.273036
1.0
0.010679
0.511472
0.256103
0.559215
0.316329
1.0
0.0106652
0.417159
0.546562
0.470699
0.617291
1.0
0.0106596
0.768379
0.056903
0.8085
0.116513
1.0
0.0106377
0.715343
0.722312
0.809388
0.868045
1.0
0.0106338
0.0874934
0.0562433
0.135233
0.110603
1.0
0.010628
0.0107078
0.367827
0.114408
0.521552
1.0
0.0106188
0.489797
0.614212
0.543869
0.685411
1.0
0.0105782
0.339077
0.64508
0.386267
0.715598
1.0
0.0105617
0.253098
0.55506
0.443682
0.833724
1.0
0.010556
0.751603
-0.00532135
0.829569
0.0971824
1.0
0.0105469
0.437918
0.000798566
0.486092
0.0516922
1.0
0.0105363
0.210972
0.314147
0.259857
0.379328
1.0
0.0105295
0.74118
0.420101
0.786923
0.478533
1.0
0.0105127
0.745335
0.0896129
0.783768
0.150933
1.0
0.010506
0.289191
0.784243
0.326424
0.839709
1.0
0.0104867
0.721831
0.154866
0.758763
0.212274
1.0
0.0104296
0.197496
0.85713
0.234706
0.91292
1.0
0.0104155
0.71546
0.234296
0.979102
0.688982
1.0
0.0103699
0.616256
0.0748621
0.719299
0.215837
1.0
0.0103556
0.799025
0.562098
0.837335
0.610938
1.0
0.0103471
0.2285
0.168368
0.448326
0.441812
1.0
0.0103254
0.890346
0.716327
0.930775
0.778462
1.0
0.0103156
0.333257
0.0894139
0.457588
0.221949
1.0
0.0103057
0.412482
0.2623
0.462198
0.321699
1.0
0.0103038
0.842373
0.886888
0.888475
0.953968
1.0
0.010301
0.526416
0.904685
0.610927
1.00363
1.0
0.0102827
0.539784
0.221021
0.582659
0.273451
1.0
0.0102825
0.690618
0.0059952
0.773978
0.138576
1.0
0.0102803
0.889656
0.619055
0.931937
0.685132
1.0
0.0102639
0.693881
0.154863
0.730958
0.212567
1.0
0.0102616
0.0867565
0.413334
0.186342
0.557155
1.0
0.0102408
0.164164
0.090106
0.211538
0.148008
1.0
0.0101888
0.617539
0.256566
0.663017
0.316346
1.0
0.0101656
0.568616
0.788758
0.608253
0.843445
1.0
0.0101453
0.20983
0.483093
0.308833
0.623422
1.0
0.0101077
0.71604
0.445223
0.816145
0.58374
1.0
0.0100831
0.216407
0.687386
0.257702
0.747085
1.0
0.0100693
0.411816
0.218318
0.462463
0.274077
1.0
0.0100411
0.0565453
0.000287723
0.110747
0.0570249
1.0
0.0100296
0.264348
0.653163
0.30317
0.71561
1.0
0.0100281
0.50537
0.471535
0.574902
0.560795
1.0
0.0100209
0.891971
0.488745
0.934257
0.548171
1.0
0.0100189
0.0642194
0.217876
0.109762
0.280844
