1.0
0.52093
0.4364
0.38022
0.650867
0.710695
1.0
0.0535431
0.489698
0.355479
0.92725
0.95136
1.0
0.0510738
0.569536
0.525063
0.663445
0.676448
1.0
0.0461189
0.612243
0.572852
0.656448
0.647421
1.0
0.045237
0.435649
0.403066
0.5359
0.566916
1.0
0.0446813
0.725689
0.510841
1.00556
1.12327
1.0
0.0358388
0.194087
0.39266
0.647585
0.998588
1.0
0.0281977
0.595509
0.607383
0.639781
0.675241
1.0
0.0272798
0.00530963
0.431548
0.180668
0.67286
1.0
0.0266438
0.638481
0.522783
0.679366
0.58411
1.0
0.0256101
0.619317
0.516496
0.713519
0.656995
1.0
0.0253706
0.814923
0.949752
0.861189
0.996336
1.0
0.0251149
0.538641
0.40584
0.658382
0.583158
1.0
0.0247381
0.61606
0.529689
0.659033
0.598283
1.0
0.0244008
0.00263312
0.303013
0.402158
0.867173
1.0
0.0238868
0.0131912
0.479126
0.0628303
0.547504
1.0
0.022881
0.592615
0.349119
0.707334
0.505785
1.0
0.0218575
0.641247
0.492052
0.681682
0.55128
1.0
0.021136
0.592729
0.643048
0.633102
0.701578
1.0
0.0209839
0.582546
0.902159
0.634085
0.97089
1.0
0.0209028
0.453742
0.58694
0.574954
0.761628
1.0
0.0206216
0.561339
0.869189
0.667996
0.980338
1.0
0.020509
0.660328
0.51929
0.700435
0.579386
1.0
0.0202112
0.601999
0.588121
0.699129
0.733643
1.0
0.0200102
0.653602
0.907387
0.755763
1.00107
1.0
0.0196039
0.683886
0.487428
0.78406
0.623637
1.0
0.0194975
0.472954
0.302357
0.616563
0.495738
1.0
0.0192082
0.613484
0.451862
0.658962
0.518552
1.0
0.0190886
0.637046
0.911104
0.691594
0.981718
1.0
0.0188552
0.662464
0.451186
0.703818
0.514483
1.0
0.0187555
0.534958
0.476526
0.729808
0.744432
1.0
0.0184178
0.653594
0.414907
0.753932
0.555001
1.0
0.0183349
0.616946
0.487785
0.658573
0.550875
1.0
0.0182687
0.71023
0.950995
0.758816
1.00055
1.0
0.0180917
0.964383
0.952931
0.998285
0.998009
1.0
0.0179377
-0.00159359
0.836647
0.121006
0.999329
1.0
0.0179127
0.541696
0.450784
0.588304
0.518777
1.0
0.0176108
0.767053
0.953003
0.813176
0.998896
1.0
0.017518
0.659465
0.581973
0.701915
0.645997
1.0
0.0174522
0.480649
0.447675
0.531038
0.520296
1.0
0.0173334
0.911097
0.675267
1.00135
0.813927
1.0
0.0170018
0.507968
0.544126
0.627267
0.722021
1.0
0.0169838
0.864332
0.952409
0.907612
0.996519
1.0
0.0169826
0.718847
0.517596
0.760428
0.578794
1.0
0.0165209
0.693516
0.449402
0.733949
0.510169
1.0
0.0161291
0.856822
0.610352
1.01097
0.901811
1.0
0.0161209
0.662117
0.414245
0.705735
0.482078
1.0
0.0159343
-0.00155566
0.50098
0.0805133
0.632296
1.0
0.0158957
0.516571
0.951797
0.559907
0.997032
1.0
0.0157521
0.611453
0.948581
0.660666
0.999991
1.0
0.0157236
0.573798
0.615062
0.616581
0.678391
1.0
0.0157093
0.566636
0.947525
0.613555
0.997714
1.0
0.0157082
0.515034
0.451637
0.560651
0.520811
1.0
0.0155846
0.591362
0.484032
0.636485
0.550768
1.0
0.0155782
0.638059
0.649224
0.681403
0.708304
1.0
0.0155732
-0.00183516
0.584479
0.0654381
0.707877
1.0
0.0154825
0.418936
0.511775
0.53444
0.708512
1.0
0.015422
0.221456
0.724043
0.317971
0.854863
1.0
0.0153591
0.778106
0.91742
0.866975
1.00385
1.0
0.0153257
0.688267
0.518243
0.73064
0.578728
1.0
0.0152272
0.712593
0.914884
0.81525
1.00741
1.0
0.0151559
0.65946
0.944298
0.711108
0.999239
1.0
0.0150998
0.569912
0.648394
0.61221
0.709751
1.0
0.015056
0.784608
0.687679
0.884615
0.81501
1.0
0.0150533
0.00159571
0.511966
0.0401522
0.58045
1.0
0.0148695
0.512556
0.687285
0.558362
0.74851
1.0
0.014701
0.539138
0.627702
0.641362
0.772563
1.0
0.0146816
0.713621
0.421754
0.753884
0.481981
1.0
0.0146286
0.544091
0.582617
0.586879
0.646542
1.0
0.0145852
0.570605
0.549631
0.614265
0.61931
1.0
0.0145026
0.0658341
0.94837
0.108891
0.996686
1.0
0.0142616
0.594907
0.832104
0.794736
1.01623
1.0
0.0142001
0.623064
0.539841
0.832927
0.823544
1.0
0.0141765
0.366748
0.606887
0.471596
0.754042
1.0
0.0141604
0.308785
0.531268
0.414429
0.683264
1.0
0.0140674
0.660008
0.684333
0.761415
0.814915
1.0
0.0140551
0.00150785
0.455651
0.043642
0.52181
1.0
0.0140492
0.567617
0.299917
0.809724
0.619509
1.0
0.0139369
0.417878
0.658866
0.526605
0.809212
1.0
0.0138989
0.655926
0.753206
0.757095
0.884649
1.0
0.0138615
0.637768
0.379878
0.691401
0.457678
1.0
0.0138477
0.525239
0.897726
0.622162
1.00299
1.0
0.0137442
0.134537
0.451282
0.263443
0.582476
1.0
0.0136631
0.0536055
0.563453
0.165718
0.702892
1.0
0.013522
0.466191
0.686934
0.515222
0.751858
1.0
0.0135033
0.715547
0.421733
0.81447
0.55793
1.0
0.0134878
0.740105
0.955098
0.786724
1.0016
1.0
0.0134792
0.543342
0.651396
0.587598
0.714768
1.0
0.0134762
0.488382
0.714715
0.538267
0.782141
1.0
0.0134205
0.540884
0.951643
0.588414
1.00099
1.0
0.0133476
0.716778
0.682145
0.817722
0.811638
1.0
0.0133326
0.963713
0.751302
0.998823
0.811488
1.0
0.0132784
0.49165
0.582493
0.536908
0.6473
1.0
0.0131796
0.726277
0.439573
0.963186
0.744586
1.0
0.0130949
0.662407
0.613205
0.763902
0.743317
1.0
0.0130206
0.788543
0.534542
0.898297
0.681291
1.0
0.0129549
0.515912
0.652168
0.559987
0.715824
1.0
0.0129266
0.0376736
0.466318
0.0846967
0.523061
1.0
0.0129154
0.456949
0.800549
0.644916
1.00706
1.0
0.0129137
0.663286
0.654552
0.705963
0.71246
1.0
0.0128492
0.604119
0.710985
0.713716
0.857661
1.0
0.0128475
0.791467
0.454611
0.829871
0.510267
1.0
0.0128061
-0.00295986
0.354784
0.099257
0.502537
1.0
0.0127595
0.589357
0.683878
0.630429
0.740918
1.0
0.0127531
0.769114
0.79274
0.810958
0.845899
1.0
0.012664
0.338638
0.675404
0.443985
0.824954
1.0
0.0126095
0.262511
0.491206
0.369367
0.638434
1.0
0.0125692
9.65577e-05
0.617831
0.0362201
0.682118
1.0
0.0124604
0.538475
0.264644
0.667077
0.420936
1.0
0.0124462
0.111374
0.464085
0.160119
0.521786
1.0
0.0124417
0.79274
0.522525
0.829975
0.578084
1.0
0.0124415
0.81339
0.689878
0.85843
0.74769
1.0
0.0123925
0.478087
0.907178
0.570262
1.00316
1.0
0.0123874
0.784336
0.425195
0.888391
0.555198
1.0
0.0123677
0.583366
0.417303
0.636667
0.491265
1.0
0.0123008
0.439694
0.647164
0.488171
0.71547
1.0
0.012295
0.0614934
0.485986
0.110439
0.548577
1.0
0.0122559
0.765848
0.758747
0.809063
0.815006
1.0
0.012203
0.963192
0.684311
0.997863
0.746411
1.0
0.012178
0.716952
0.68502
0.761683
0.745438
1.0
0.0121743
0.000516798
0.723358
0.0683219
0.855589
1.0
0.0121614
0.766035
0.687243
0.81073
0.745526
1.0
0.0121197
0.368932
0.468966
0.468755
0.628752
1.0
0.0121135
0.206029
0.464274
0.31598
0.594511
1.0
0.0121116
0.012529
0.942837
0.0588636
0.995435
1.0
0.0121086
0.412249
0.295213
0.530529
0.467737
1.0
0.012097
0.817952
0.58799
0.858449
0.646024
1.0
0.0120678
0.588054
0.715358
0.631705
0.774048
1.0
0.0120612
0.767388
0.520697
0.805625
0.579905
1.0
0.0120179
0.739202
0.492768
0.838529
0.629756
1.0
0.011997
0.0654962
0.384875
0.317623
0.643958
1.0
0.0119745
0.770905
0.423185
0.810954
0.480839
1.0
0.011969
0.967473
0.824097
0.999505
0.880051
1.0
0.011947
0.212439
0.542574
0.31901
0.680805
1.0
0.0119062
0.679942
0.356085
0.780296
0.495473
1.0
0.0118445
0.687498
0.390257
0.731914
0.454747
1.0
0.011804
0.488264
0.508162
0.534352
0.580455
1.0
0.0117949
0.512868
0.384618
0.563142
0.461165
1.0
0.0117906
0.543969
0.514542
0.58822
0.583103
1.0
0.0117842
0.961221
0.583633
0.996905
0.650211
1.0
0.0117477
0.687944
0.720436
0.733995
0.781075
1.0
0.0117393
0.112086
0.618841
0.212617
0.747437
1.0
0.0117312
0.898398
0.52924
0.9982
0.695453
1.0
0.0117146
0.713231
0.788043
0.755729
0.844603
1.0
0.0117101
0.816275
0.756147
0.858106
0.808359
1.0
0.011657
0.0885841
0.584793
0.133529
0.645136
1.0
0.0116144
0.563855
0.477223
0.610657
0.54851
1.0
0.0115924
0.562076
0.390345
0.61325
0.467501
1.0
0.0115508
0.792501
0.487646
0.830872
0.544252
1.0
0.0115062
0.117872
0.695282
0.206639
0.817194
1.0
0.0114982
0.742281
0.492057
0.782211
0.553536
1.0
0.0114799
0.888318
0.952193
0.933458
0.99758
1.0
0.011436
0.445138
0.717324
0.489135
0.778899
1.0
0.0114359
0.713156
0.755017
0.757123
0.813776
1.0
0.0114359
0.768624
0.821863
0.811834
0.879193
1.0
0.0114252
0.263207
0.687066
0.365012
0.821185
1.0
0.0114038
0.817293
0.860959
0.858457
0.912514
1.0
0.0113476
0.218659
0.756943
0.262853
0.817877
1.0
0.0113426
0.390856
0.650287
0.435387
0.71362
1.0
0.0113116
0.793015
0.587595
0.833684
0.645583
1.0
0.0112936
0.743967
0.454747
0.783584
0.513157
1.0
0.0112931
0.543985
0.61701
0.588838
0.681472
1.0
0.0112853
0.632611
0.60936
0.675132
0.671322
1.0
0.0112437
0.905201
0.909099
0.990987
1.00317
1.0
0.011211
0.0884566
0.483754
0.138621
0.546548
1.0
0.0111985
0.717586
0.550498
0.759492
0.61455
1.0
0.0111762
0.73752
0.845214
0.9102
1.03638
1.0
0.0111627
0.722603
0.757681
0.819276
0.883705
1.0
0.0111121
0.613234
0.68267
0.655524
0.741207
1.0
0.0110768
0.539538
0.714247
0.585982
0.774792
1.0
0.0110666
0.769218
0.486674
0.808453
0.547922
1.0
0.0110363
0.470408
0.748644
0.513225
0.807926
1.0
0.0109803
0.610711
0.383999
0.662094
0.459879
1.0
0.0108786
0.690946
0.820745
0.73734
0.880259
1.0
0.0108484
0.768497
0.584516
0.809318
0.646666
1.0
0.0107917
0.609486
0.316461
0.661341
0.390454
1.0
0.0106727
0.690382
0.656999
0.733077
0.712095
1.0
0.0106701
0.166749
0.690165
0.210838
0.749742
1.0
0.0106532
0.438476
0.583686
0.484822
0.652857
1.0
0.0106425
0.0883106
0.3961
0.223907
0.539521
1.0
0.0106265
0.688636
0.857035
0.734887
0.917599
1.0
0.0106086
0.507734
0.707479
0.620656
0.850385
1.0
0.010578
0.915039
0.95513
0.956158
0.997711
1.0
0.0105465
0.75865
0.357545
0.860435
0.496722
1.0
0.0104816
0.490854
0.617813
0.537687
0.683182
1.0
0.0104725
0.741435
0.583566
0.783534
0.645019
1.0
0.0104678
0.189371
0.453935
0.236881
0.514845
1.0
0.0104287
0.516127
0.511984
0.559558
0.58109
1.0
0.0104272
0.636714
0.859659
0.686181
0.922519
1.0
0.0104148
0.783394
0.801284
0.880297
0.923298
1.0
0.0103907
0.965022
0.786552
0.999238
0.845672
1.0
0.0103347
0.814657
0.828479
0.856984
0.882469
1.0
0.010318
0.76258
0.621687
0.86629
0.751743
1.0
0.0102949
0.638981
0.716475
0.686561
0.778268
1.0
0.0102944
0.124105
0.54767
0.236226
0.679027
1.0
0.0102765
0.0314958
0.531338
0.225562
0.836975
1.0
0.0102681
0.419447
0.717906
0.461143
0.777033
1.0
0.0102497
0.192795
0.791846
0.300994
0.949189
1.0
0.010205
0.0507888
0.907112
0.140216
1.0045
1.0
0.0102027
0.713489
0.569038
0.815632
0.706981
1.0
0.0101988
0.417256
0.683201
0.462647
0.746562
1.0
0.0101947
0.713084
0.69763
0.914744
0.958697
1.0
0.0101663
0.461435
0.348441
0.511256
0.427119
1.0
0.0101431
0.0106458
0.42165
0.0579471
0.487846
1.0
0.0101339
0.966596
0.889128
0.997895
0.944244
1.0
0.0101192
0.0607791
0.652907
0.162643
0.785853
1.0
0.0101151
0.486772
0.345412
0.541056
0.428215
1.0
0.010051
0.664051
0.683371
0.709124
0.746223
1.0
0.0100372
0.114718
0.957553
0.153578
0.999272
1.0
0.0100235
0.561154
0.343469
0.613894
0.424721
1.0
0.0100052
0.660485
0.356471
0.705758
0.424972
