1.0
0.989447
0.391714
0.365513
0.5756
0.720921
1.0
0.0589209
0.729057
0.521016
0.999086
1.12261
1.0
0.0364169
0.0268922
0.427819
0.507009
1.04446
1.0
0.0295641
0.726664
0.469664
0.965254
0.731104
1.0
0.0255378
-0.000547521
0.838032
0.124029
0.996404
1.0
0.0252909
0.81927
0.952704
0.862208
0.995261
1.0
0.022162
-0.000794634
0.434024
0.183711
0.675246
1.0
0.0209504
0.863712
0.951095
0.906828
0.994494
1.0
0.020734
0.0120901
0.479308
0.0610232
0.548082
1.0
0.0195425
0.965237
0.953893
0.997857
0.996883
1.0
0.0187361
0.451086
0.594483
0.563526
0.76962
1.0
0.0181542
0.35604
0.246134
0.602754
0.537702
1.0
0.0177793
0.584857
0.913687
0.635309
0.982768
1.0
0.0176502
0.520431
0.339949
0.619518
0.501092
1.0
0.0175736
0.821236
0.860897
0.860969
0.910733
1.0
0.0175031
0.617872
0.41977
0.725433
0.559249
1.0
0.0168255
0.66085
0.458225
0.770671
0.596889
1.0
0.0162196
0.915169
0.671839
0.999486
0.803763
1.0
0.0160698
0.566251
0.947669
0.614449
0.998519
1.0
0.0160331
0.265922
0.484592
0.373911
0.641054
1.0
0.0160148
0.635866
0.677399
0.735236
0.812029
1.0
0.0157378
0.768498
0.956506
0.810339
0.999581
1.0
0.0155917
0.782914
0.533319
0.90743
0.679505
1.0
0.0152488
0.486785
0.398814
0.602468
0.582329
1.0
0.0150287
0.794409
0.954121
0.839908
0.998327
1.0
0.0149973
0.128083
0.449033
0.263747
0.585792
1.0
0.0149232
0.482411
0.673887
0.541417
0.754877
1.0
0.0147784
0.655781
0.75331
0.753147
0.891019
1.0
0.0147753
0.169707
0.956535
0.20788
0.997841
1.0
0.0147306
-0.00123015
0.587911
0.065864
0.705395
1.0
0.0146705
0.815334
0.720563
0.858593
0.773057
1.0
0.014645
0.965393
0.753836
0.99799
0.809186
1.0
0.0145457
0.484956
0.568386
0.539823
0.654809
1.0
0.0144555
0.110849
0.464657
0.160806
0.522032
1.0
0.0143057
0.524084
0.488578
0.626156
0.672031
1.0
0.01428
0.319511
0.335322
0.426573
0.497433
1.0
0.0142537
0.200058
0.799737
0.299951
0.939281
1.0
0.0142507
0.686671
0.682891
0.736414
0.747229
1.0
0.0142481
0.0020624
0.455986
0.0422271
0.521265
1.0
0.0142026
0.213746
0.948762
0.260077
0.99835
1.0
0.0140068
0.711195
0.49179
0.821848
0.632459
1.0
0.013959
0.591897
0.471913
0.699036
0.630165
1.0
0.0139215
0.841988
0.937258
0.883154
0.985153
1.0
0.0138958
0.810525
0.689797
0.913428
0.81046
1.0
0.0138149
0.619394
0.551865
0.833596
0.824666
1.0
0.013795
0.662669
0.626426
0.759553
0.746127
1.0
0.0137642
0.00180908
0.512289
0.0401249
0.580527
1.0
0.0137389
0.611422
0.948321
0.657069
0.998856
1.0
0.0137011
0.538791
0.411679
0.588119
0.48629
1.0
0.0136352
-0.00112594
0.502538
0.0793356
0.630383
1.0
0.0135865
0.884909
0.519177
0.999156
0.695596
1.0
0.013574
-0.00583927
0.349912
0.0987888
0.494081
1.0
0.013571
0.708811
0.428023
0.814174
0.555113
1.0
0.013537
0.886755
0.953508
0.928913
0.9958
1.0
0.0134972
0.568834
0.826733
0.667365
0.965092
1.0
0.0133986
0.565441
0.447873
0.60515
0.514588
1.0
0.0133962
0.711618
0.67819
0.811925
0.805589
1.0
0.0133476
0.65714
0.880741
0.755099
0.999199
1.0
0.0133455
0.258453
0.284343
0.474267
0.588073
1.0
0.0132782
0.967299
0.823734
0.998165
0.876805
1.0
0.0132109
0.963954
0.719837
0.997536
0.777863
1.0
0.0132031
0.743331
0.518034
0.784167
0.576325
1.0
0.0132025
0.0897376
0.953645
0.13162
0.997774
1.0
0.0131866
0.347956
0.467952
0.713632
1.02049
1.0
0.0131611
0.786804
0.585379
0.834429
0.647195
1.0
0.0130942
0.269265
0.377944
0.374558
0.533568
1.0
0.0130711
0.558562
0.670237
0.666296
0.820668
1.0
0.013056
0.339136
0.252282
0.474613
0.418366
1.0
0.0129566
0.863007
0.608484
1.0103
0.900868
1.0
0.0129266
0.789794
0.456461
0.828908
0.51029
1.0
0.0128704
0.664912
0.529848
0.779205
0.675334
1.0
0.0128609
0.530826
0.907672
0.61975
1.00474
1.0
0.012841
0.638197
0.95237
0.683452
1.00228
1.0
0.0128317
0.505551
0.637914
0.561096
0.721942
1.0
0.0128206
0.0626034
0.356917
0.197455
0.504661
1.0
0.0128054
0.204087
0.453186
0.320197
0.591155
1.0
0.012699
0.714206
0.953871
0.756907
0.999844
1.0
0.0126334
0.471208
0.151128
0.714851
0.483658
1.0
0.0125772
0.613861
0.854733
0.660351
0.922267
1.0
0.0125687
0.507229
0.708693
0.558609
0.775977
1.0
0.01254
0.605948
0.785993
0.707132
0.929413
1.0
0.0125205
0.803176
0.9162
0.884176
1.00288
1.0
0.0124923
0.558109
0.407713
0.660331
0.561244
1.0
0.0124899
0.535504
0.643211
0.582808
0.71437
1.0
0.0123362
0.965385
0.790133
0.997766
0.845109
1.0
0.0123311
0.142477
0.957476
0.182923
0.999301
1.0
0.0123036
0.788226
0.520729
0.830521
0.579586
1.0
0.0122957
0.232938
0.474868
0.447112
0.764113
1.0
0.0122829
0.00110501
0.728184
0.069718
0.854492
1.0
0.0122561
0.692746
0.518292
0.732346
0.57526
1.0
0.0122243
0.667539
0.44841
0.709523
0.512852
1.0
0.0121981
0.50608
0.362888
0.718337
0.646416
1.0
0.0121832
0.528268
0.595455
0.628306
0.760615
1.0
0.0120731
0.670368
0.484672
0.712192
0.549572
1.0
0.0120618
0.310971
0.603379
0.425476
0.755781
1.0
0.012031
0.00130288
0.662327
0.0658345
0.781344
1.0
0.0119992
0.53412
0.578905
0.582434
0.652223
1.0
0.0119981
0.76565
0.662042
0.868971
0.784366
1.0
0.0119818
0.668201
0.660492
0.712007
0.718554
1.0
0.0119627
0.484058
0.253996
0.607046
0.415289
1.0
0.0119288
0.0329241
0.321456
0.276809
0.605775
1.0
0.0119137
0.605814
0.902642
0.697828
1.00669
1.0
0.0118682
0.842073
0.487566
0.884096
0.546336
1.0
0.0118669
0.590163
0.248987
0.950769
0.782595
1.0
0.0118515
0.81431
0.463841
0.941375
0.609809
1.0
0.011833
0.753913
0.915217
0.841817
1.0065
1.0
0.0118119
0.962902
0.687795
0.996479
0.745214
1.0
0.0117874
0.789417
0.489309
0.830471
0.546334
1.0
0.0117428
0.86207
0.835639
0.991073
1.0113
1.0
0.0117363
0.242827
0.718154
0.34114
0.857585
1.0
0.0117103
0.641755
0.714488
0.689303
0.779532
1.0
0.0116959
0.814971
0.589461
0.861231
0.649166
1.0
0.0116799
0.568822
0.855216
0.613343
0.915971
1.0
0.0116728
0.571253
0.887662
0.616999
0.953164
1.0
0.0116569
0.66419
0.952779
0.707658
1.0014
1.0
0.0115882
0.691993
0.447688
0.733149
0.509857
1.0
0.0115854
0.115908
0.957592
0.154619
0.997509
1.0
0.0115745
0.540432
0.950889
0.589389
1.00157
1.0
0.0115266
0.719802
0.520256
0.759294
0.577621
1.0
0.0114826
0.538759
0.745397
0.640473
0.890742
1.0
0.0114752
0.188185
0.449516
0.237248
0.511605
1.0
0.0114724
0.916283
0.957881
0.954399
0.997009
1.0
0.0114428
0.473882
0.906263
0.565073
1.00732
1.0
0.0113856
0.21615
0.724908
0.260806
0.78125
1.0
0.0113597
0.717639
0.450279
0.756319
0.510367
1.0
0.0113519
0.715971
0.583824
0.760725
0.647606
1.0
0.0113189
0.192605
0.692279
0.291754
0.820935
1.0
0.011308
0.119826
0.916569
0.200968
1.00677
1.0
0.0112936
0.643752
0.657363
0.688667
0.714939
1.0
0.0112906
0.715256
0.754037
0.807692
0.881594
1.0
0.0112111
0.917047
0.752962
1.00052
0.882728
1.0
0.0112079
0.818271
0.659001
0.86035
0.71033
1.0
0.0112017
0.0879189
0.483226
0.338767
0.779533
1.0
0.0111936
0.743735
0.453826
0.784173
0.51302
1.0
0.0111804
0.742911
0.958221
0.785696
1.00191
1.0
0.0111047
0.646086
0.451942
0.685924
0.512924
1.0
0.0110969
0.968243
0.890742
0.997897
0.942779
1.0
0.0110611
0.171364
0.394698
0.284334
0.527917
1.0
0.0110129
0.616649
0.453651
0.659105
0.516238
1.0
0.0110084
8.35955e-05
0.618484
0.0361982
0.681457
1.0
0.0109883
0.789936
0.425975
0.829803
0.480816
1.0
0.0109703
0.967365
0.858401
0.997865
0.910947
1.0
0.0109492
0.156654
0.368745
0.376903
0.64977
1.0
0.0109284
0.279084
0.6795
0.393885
0.827216
1.0
0.0109254
0.767449
0.718867
0.81049
0.77498
1.0
0.0109185
0.209175
0.543376
0.323496
0.681615
1.0
0.0108657
0.612942
0.568966
0.719602
0.711244
1.0
0.0108613
0.785812
0.430402
0.892898
0.553746
1.0
0.010807
0.658227
0.372096
0.760709
0.505717
1.0
0.0107875
0.216004
0.756068
0.260938
0.814453
1.0
0.0107754
0.243158
0.723188
0.287869
0.78091
1.0
0.0107426
0.559955
0.387341
0.602776
0.456912
1.0
0.0106409
0.818668
0.488742
0.860209
0.544543
1.0
0.0106333
0.738339
0.685648
0.783471
0.742761
1.0
0.0106189
0.458137
0.744782
0.562201
0.88345
1.0
0.010583
0.941023
0.92846
0.985381
0.985613
1.0
0.0105411
0.0998696
-0.00783843
0.535438
0.704707
1.0
0.0105228
0.535936
0.51077
0.583434
0.585114
1.0
0.0104481
0.19826
0.894878
0.288131
1.00309
1.0
0.0104458
0.0931332
0.482237
0.142489
0.543091
1.0
0.0104009
0.815972
0.754203
0.856831
0.80259
1.0
0.010382
0.518265
0.952487
0.56196
0.998292
1.0
0.0103561
0.839221
0.722715
0.881255
0.772549
1.0
0.0103394
0.618418
0.485843
0.660856
0.550976
1.0
0.0103245
0.716091
0.662478
0.758834
0.716572
1.0
0.0102732
0.793932
0.81083
0.882011
0.923715
1.0
0.0102639
0.532625
0.340704
0.588884
0.422299
1.0
0.010227
0.69161
0.584096
0.73568
0.646746
1.0
0.0102268
0.615352
0.821275
0.659771
0.882823
1.0
0.0102268
0.818556
0.83337
0.859385
0.884395
1.0
0.0101663
0.768032
0.615054
0.81305
0.671094
1.0
0.0101632
0.865265
0.724048
0.906272
0.772862
1.0
0.0101221
0.213566
0.352364
0.320488
0.491196
1.0
0.010051
0.961944
0.485335
0.998847
0.551947
1.0
0.0100465
0.441951
0.715676
0.485789
0.777823
1.0
0.0100464
0.713536
0.756152
0.756842
0.817138
1.0
0.0100374
0.741086
0.584475
0.787299
0.647773
1.0
0.0100319
0.817014
0.458607
0.857598
0.513399
