1.0
0.976287
0.494448
0.325314
0.673052
0.636864
1.0
0.0510962
0.723972
0.560493
0.996866
1.11573
1.0
0.0369269
0.619022
0.334185
0.717021
0.502706
1.0
0.032045
0.635694
0.343789
0.689734
0.425989
1.0
0.030484
0.294985
0.37238
0.720974
0.926062
1.0
0.0289466
0.46253
0.338027
0.581494
0.523821
1.0
0.0269938
0.0175364
0.459203
0.488582
1.04061
1.0
0.025255
0.465206
0.380397
0.518171
0.459697
1.0
0.0250646
0.817381
0.950423
0.864097
0.996053
1.0
0.0227379
0.642756
0.909311
0.69093
0.977392
1.0
0.022537
0.661567
0.377228
0.704178
0.451834
1.0
0.0224676
0.964848
0.952173
0.998592
0.997209
1.0
0.0222459
0.613486
0.542161
0.66101
0.618637
1.0
0.0220555
0.641519
0.481578
0.682629
0.548157
1.0
0.021765
0.634753
0.514626
0.676235
0.582531
1.0
0.0216716
0.0117567
0.477251
0.0626898
0.550057
1.0
0.0208415
0.588143
0.453068
0.68913
0.630826
1.0
0.020051
0.666345
0.453531
0.704832
0.518438
1.0
0.0200067
0.00455137
0.46656
0.11353
0.612674
1.0
0.018986
0.00976412
0.463494
0.243362
0.764673
1.0
0.0189335
0.861504
0.949071
0.906751
0.994618
1.0
0.0184928
0.670749
0.887883
0.775972
0.994439
1.0
0.0183626
0.546774
0.269313
0.669518
0.429222
1.0
0.0180059
0.711387
0.950222
0.756688
0.999624
1.0
0.0179889
0.050181
0.452958
0.197908
0.590911
1.0
0.0172909
0.586679
0.314632
0.64112
0.395753
1.0
0.0164829
0.653111
0.405214
0.745283
0.560767
1.0
0.0163937
0.767599
0.95448
0.811913
0.999757
1.0
0.016305
0.792702
0.457598
0.830443
0.512588
1.0
0.0161282
0.661425
0.941853
0.709106
0.996757
1.0
0.0161277
0.640331
0.411341
0.687497
0.487264
1.0
0.0160149
0.712054
0.41629
0.813461
0.558917
1.0
0.0157724
0.657651
0.325844
0.703574
0.398469
1.0
0.0157087
0.803011
0.9157
0.888459
1.00295
1.0
0.0155576
0.000532836
0.819532
0.154274
1.01889
1.0
0.0155556
0.818931
0.859292
0.862251
0.9113
1.0
0.0155244
0.482173
0.267736
0.603177
0.434916
1.0
0.0154369
0.467209
0.593518
0.57493
0.756001
1.0
0.0153568
0.116656
0.952313
0.157303
0.994733
1.0
0.0152727
0.750065
0.913509
0.845094
1.00463
1.0
0.0149158
0.26667
0.721962
0.312448
0.779128
1.0
0.0147085
0.0913549
0.92708
0.134779
0.985244
1.0
0.0144894
0.963967
0.751962
0.998355
0.809563
1.0
0.0144596
0.710346
0.76044
0.80221
0.884733
1.0
0.0143518
0.609877
0.2864
0.658363
0.356617
1.0
0.014333
0.859966
0.623162
1.01186
0.905917
1.0
0.0140449
0.789593
0.488969
0.899429
0.629024
1.0
0.0140141
0.35112
0.358095
0.549665
0.651623
1.0
0.0139969
0.24673
0.728992
0.338961
0.855858
1.0
0.0139685
0.536993
0.344785
0.591774
0.425721
1.0
0.0139593
0.620601
0.949642
0.661875
0.997538
1.0
0.0137919
0.359665
0.479588
0.463221
0.632681
1.0
0.0137522
0.773833
0.471446
1.02032
0.779672
1.0
0.0136662
0.908905
0.909936
0.992719
1.00369
1.0
0.0136238
0.967681
0.825825
0.999238
0.880601
1.0
0.0136111
0.684516
0.470305
0.783603
0.616808
1.0
0.0135196
0.667276
0.354181
0.882489
0.655322
1.0
0.0135064
0.266956
0.488275
0.376734
0.631692
1.0
0.0134981
0.558814
0.239288
0.788093
0.554511
1.0
0.0134412
0.137266
0.449467
0.260827
0.582084
1.0
0.0134298
0.913235
0.684124
0.999965
0.809501
1.0
0.0134022
0.741882
0.955733
0.786656
1.00142
1.0
0.0133778
0.885941
0.952444
0.930043
0.996653
1.0
0.0133571
0.0017754
0.50918
0.0413468
0.581702
1.0
0.0132808
0.675749
0.349189
0.774916
0.501443
1.0
0.0132751
0.966989
0.889604
0.997858
0.944851
1.0
0.0132235
0.636781
0.290973
0.685643
0.35956
1.0
0.0131786
0.807207
0.686975
0.909423
0.80966
1.0
0.0131779
0.509712
0.313548
0.565561
0.397405
1.0
0.0131222
0.685824
0.452605
0.726197
0.513749
1.0
0.0129704
0.114246
0.615484
0.216
0.740798
1.0
0.0128844
0.966756
0.858874
0.997843
0.913024
1.0
0.0128785
0.662152
0.512352
0.702588
0.576774
1.0
0.0128763
0.416335
0.534812
0.523151
0.69256
1.0
0.012865
0.242409
0.719747
0.286261
0.774587
1.0
0.0128528
0.738837
0.482089
0.838763
0.619989
1.0
0.012847
0.0469804
0.522208
0.172142
0.671755
1.0
0.0128142
0.319469
0.456121
0.361145
0.517902
1.0
0.0126583
0.783366
0.426577
0.880314
0.550427
1.0
0.0124757
0.791869
0.520682
0.82958
0.575963
1.0
0.01247
0.685559
0.388101
0.726846
0.453936
1.0
0.012467
0.962813
0.687124
0.997442
0.74552
1.0
0.0124349
-0.00162778
0.577714
0.0646107
0.704911
1.0
0.012384
0.659843
0.784567
0.758824
0.92773
1.0
0.0123118
0.266467
0.752783
0.31343
0.815448
1.0
0.0121614
0.7692
0.421285
0.809559
0.481288
1.0
0.0121339
0.00172048
0.454751
0.0438572
0.524232
1.0
0.0121223
0.292327
0.426743
0.396453
0.57198
1.0
0.0120291
0.562148
0.287073
0.612385
0.357142
1.0
0.0120228
0.216057
0.717621
0.259811
0.773386
1.0
0.0120182
0.816993
0.693286
0.861409
0.751045
1.0
0.0119763
0.0627685
0.906915
0.151055
1.00265
1.0
0.0119736
0.663356
0.859575
0.706869
0.925734
1.0
0.0119333
0.481844
0.346853
0.539523
0.439039
1.0
0.01189
0.215398
0.617541
0.317348
0.737451
1.0
0.0118873
0.769295
0.762652
0.866582
0.885794
1.0
0.0118812
0.610581
0.374217
0.662252
0.456039
1.0
0.0118737
0.528616
0.573262
0.638548
0.742296
1.0
0.0118638
0.68298
0.833143
0.870283
1.01874
1.0
0.0118385
0.790525
0.425736
0.83091
0.484473
1.0
0.0118173
0.568149
0.956393
0.606669
0.999455
1.0
0.0118164
0.965498
0.788162
0.999207
0.845488
1.0
0.0117659
0.140011
0.951719
0.181792
0.996571
1.0
0.0116675
0.0131777
0.943199
0.0590179
0.995148
1.0
0.0116356
0.167834
0.953885
0.206699
0.996826
1.0
0.0116221
-0.0034123
0.362471
0.0935025
0.508086
1.0
0.0116189
0.769841
0.519364
0.807574
0.578232
1.0
0.0115792
0.00130257
0.667068
0.0649086
0.793048
1.0
0.0115722
0.91483
0.95771
0.954073
0.998095
1.0
0.0115406
0.771058
0.484841
0.809788
0.544893
1.0
0.011535
0.741712
0.684145
0.840168
0.818917
1.0
0.0114694
0.59581
0.954937
0.637012
1.00188
1.0
0.0114565
0.764686
0.625459
0.867972
0.752345
1.0
0.0114298
0.0945469
0.39787
0.223934
0.538403
1.0
0.0113856
0.717125
0.785853
0.7618
0.85406
1.0
0.0113659
0.743129
0.45471
0.783359
0.514323
1.0
0.01129
0.20833
0.45536
0.318807
0.585558
1.0
0.0112623
0.357519
0.613607
0.46378
0.755168
1.0
0.0112115
0.791305
0.793001
0.834256
0.845109
1.0
0.0111907
0.152089
0.551105
0.263009
0.686594
1.0
0.0111476
0.816136
0.830911
0.85933
0.884874
1.0
0.0110613
0.913378
0.753502
1.00101
0.882891
1.0
0.0110139
0.632673
0.573681
0.679125
0.645301
1.0
0.0109813
0.742623
0.515371
0.782029
0.575437
1.0
0.0109578
0.814358
0.459211
0.854125
0.515631
1.0
0.0108459
0.64836
0.266614
0.750693
0.41007
1.0
0.010793
0.447006
0.463813
0.639717
0.787413
1.0
0.0107621
0.166837
0.65396
0.265316
0.778657
1.0
0.0107335
0.514522
0.613073
0.561838
0.683964
1.0
0.0106742
0.111188
0.46456
0.160432
0.522415
1.0
0.0106674
0.660551
0.683021
0.761163
0.830496
1.0
0.0106609
0.787082
0.837895
0.964208
1.03593
1.0
0.0105734
0.441992
0.580121
0.487286
0.6507
1.0
0.0105435
0.599337
0.547044
0.698706
0.706329
1.0
0.010516
0.2324
0.367975
0.44383
0.654045
1.0
0.0104819
0.00969301
0.539597
0.0596068
0.616087
1.0
0.0104797
0.737215
0.917899
0.785797
0.981433
1.0
0.010412
0.421262
0.637091
0.526418
0.788011
1.0
0.0103962
0.66177
0.549594
0.704244
0.616392
1.0
0.0103817
0.742611
0.419529
0.785338
0.481557
1.0
0.0103769
0.791097
0.756884
0.834322
0.810298
1.0
0.0103463
0.618231
0.834874
0.712964
0.972933
1.0
0.0103016
0.310016
0.533705
0.42095
0.677951
1.0
0.0102898
0.610369
0.747596
0.712288
0.899677
1.0
0.0102893
0.218284
0.654492
0.262712
0.713003
1.0
0.0102806
0.0680889
0.952322
0.108779
0.996938
1.0
0.0102447
0.563777
0.576502
0.613685
0.649525
1.0
0.0102354
0.767774
0.788293
0.810159
0.845494
1.0
0.010227
0.796524
0.857228
0.839782
0.908456
1.0
0.0102221
0.81483
0.752769
0.857415
0.80492
1.0
0.0102175
0.713559
0.419279
0.754839
0.482451
1.0
0.0102175
0.624534
0.888738
0.662584
0.948954
1.0
0.0101901
0.669549
0.563152
0.888762
0.857463
1.0
0.0101897
0.690505
0.857499
0.732393
0.917759
1.0
0.010187
0.110985
0.69672
0.209272
0.818525
1.0
0.0101841
0.712703
0.453583
0.753904
0.515579
1.0
0.0101424
0.505731
0.377836
0.562082
0.458675
1.0
0.0101288
0.175893
0.394946
0.281696
0.527917
1.0
0.0101202
0.941665
0.718854
0.989768
0.78104
1.0
0.010106
0.366274
0.332411
0.472226
0.500021
1.0
0.0101011
0.196258
0.800152
0.301283
0.943413
1.0
0.0100944
0.761251
0.356979
0.857661
0.491848
1.0
0.0100916
0.0560062
0.72761
0.16147
0.85953
1.0
0.0100785
0.71387
0.352273
0.75547
0.417277
1.0
0.0100764
0.488565
0.580373
0.53902
0.654069
1.0
0.0100484
0.0902683
0.484233
0.139407
0.545193
1.0
0.0100235
0.813005
0.423478
0.852612
0.480351
