1.0
0.561095
0.457792
0.28778
0.628651
0.586356
1.0
0.0439968
0.710556
0.513957
1.01095
1.14788
1.0
0.033064
0.0198722
0.403433
0.427984
1.03872
1.0
0.0317694
0.369148
0.308176
0.788959
0.895511
1.0
0.0276777
0.436871
0.257896
0.557898
0.449511
1.0
0.0260048
0.542427
0.337421
0.639137
0.509422
1.0
0.0234971
0.599508
0.345579
0.70206
0.499519
1.0
0.0233114
0.613691
0.448429
0.723193
0.594226
1.0
0.0219177
0.579607
0.376761
0.629688
0.463597
1.0
0.020679
0.540506
0.355101
0.780625
0.646597
1.0
0.0205841
0.533877
0.279711
0.59143
0.364043
1.0
0.0205394
0.00836489
0.419449
0.257895
0.675054
1.0
0.0204498
0.191912
0.956789
0.23244
0.995629
1.0
0.0202324
0.522795
0.682043
0.924995
1.01263
1.0
0.0188055
0.768756
0.958031
0.807839
0.997101
1.0
0.0186614
0.663935
0.487249
0.709901
0.554358
1.0
0.0183627
0.718195
0.452895
0.759421
0.514142
1.0
0.0179815
0.819416
0.954901
0.858171
0.995258
1.0
0.0178679
0.214244
0.957233
0.254142
0.995946
1.0
0.0178513
0.664886
0.426447
0.771908
0.552745
1.0
0.0174635
0.763224
0.617536
0.856518
0.724344
1.0
0.0173018
0.487546
0.277689
0.54336
0.36301
1.0
0.0170674
0.554167
0.502556
0.673993
0.66127
1.0
0.0167772
0.719035
0.957408
0.757873
0.997342
1.0
0.0165764
0.440157
0.335507
0.490331
0.4234
1.0
0.0163784
0.569323
0.277695
0.671848
0.446929
1.0
0.0162712
0.711072
0.550212
0.812335
0.678078
1.0
0.0162459
0.740473
0.456498
0.782174
0.513949
1.0
0.0160076
0.564695
0.616026
0.667362
0.757974
1.0
0.015809
0.632058
0.538433
0.736365
0.684139
1.0
0.0158022
0.965027
0.952606
0.997507
0.996465
1.0
0.0157653
0.508921
0.250224
0.564209
0.335316
1.0
0.0155462
0.666801
0.41934
0.709481
0.482344
1.0
0.0154851
-0.00086119
0.585903
0.063379
0.701946
1.0
0.0154816
0.563239
0.256747
0.608878
0.328255
1.0
0.0154334
0.495883
0.236672
0.613826
0.409968
1.0
0.0153417
0.710093
0.463175
0.810359
0.589813
1.0
0.0152597
0.690617
0.5153
0.732073
0.575024
1.0
0.0149905
0.559136
0.315102
0.61223
0.402776
1.0
0.0149259
0.72256
0.655172
0.811689
0.770699
1.0
0.0149131
0.743649
0.958894
0.782672
0.998245
1.0
0.014909
0.0120538
0.459633
0.0562585
0.520298
1.0
0.0148793
0.00242056
0.465279
0.102362
0.608193
1.0
0.0146048
0.66374
0.689319
0.75594
0.813658
1.0
0.0145874
-0.000128709
0.666599
0.0665879
0.789242
1.0
0.0145088
0.638101
0.417906
0.683674
0.483213
1.0
0.0144765
0.640349
0.510108
0.689748
0.579377
1.0
0.0144364
0.79257
0.630964
0.829987
0.675512
1.0
0.0143997
0.492856
0.468952
0.614599
0.640968
1.0
0.0143518
0.770938
0.628102
0.809883
0.675843
1.0
0.0143149
0.768785
0.458968
0.807021
0.511612
1.0
0.0142085
0.7003
0.916807
0.783016
1.00521
1.0
0.0141639
0.71981
0.625305
0.761693
0.681414
1.0
0.014132
0.00142847
0.511623
0.0371315
0.580222
1.0
0.0140898
0.672338
0.607685
0.767873
0.735526
1.0
0.0139911
0.171577
0.957842
0.209688
0.99556
1.0
0.013953
0.265183
0.960932
0.303388
0.999018
1.0
0.0138169
0.0675244
0.356099
0.203038
0.50715
1.0
0.0137577
0.607406
0.410558
0.654345
0.484653
1.0
0.0137473
0.719071
0.514292
0.76128
0.575802
1.0
0.0137042
0.793461
0.957179
0.833378
0.997337
1.0
0.0135093
0.00172148
0.620337
0.0362484
0.678487
1.0
0.0134841
0.608107
0.713592
0.700545
0.846588
1.0
0.0131222
0.74024
0.653965
0.779105
0.702017
1.0
0.0131181
0.46409
0.25317
0.513598
0.329522
1.0
0.0130972
0.769137
0.724318
0.806877
0.768607
1.0
0.0129904
0.561729
0.425568
0.616985
0.513946
1.0
0.0129313
0.316928
0.440494
0.417618
0.58054
1.0
0.0128236
0.882732
0.459419
1.00138
0.61749
1.0
0.0127402
0.300953
0.332277
0.509493
0.639988
1.0
0.0127363
0.439573
0.283792
0.490313
0.367874
1.0
0.0127103
0.24993
0.477308
0.362123
0.616995
1.0
0.0126496
0.739427
0.488065
0.780346
0.549112
1.0
0.0126473
0.792657
0.522839
0.82829
0.573235
1.0
0.0126432
0.773464
0.914366
0.859241
1.00695
1.0
0.0126266
0.695282
0.424279
0.736576
0.483598
1.0
0.0126241
0.869824
0.955824
0.906579
0.995706
1.0
0.0125658
0.768971
0.652942
0.807272
0.699622
1.0
0.0125498
0.636597
0.586121
0.683486
0.653472
1.0
0.0125173
0.665419
0.651867
0.705441
0.708817
1.0
0.0124415
0.817875
0.63154
0.855207
0.675026
1.0
0.0124327
0.765574
0.691413
0.857666
0.803444
1.0
0.0124019
0.819263
0.697921
0.853854
0.74025
1.0
0.0123932
0.0521822
0.534488
0.171212
0.669751
1.0
0.0123851
0.790786
0.462333
0.827997
0.511247
1.0
0.0123574
0.613647
0.479625
0.830414
0.764615
1.0
0.0123568
0.959867
0.484617
0.998426
0.551864
1.0
0.0122975
0.240381
0.960178
0.279185
0.998769
1.0
0.0122561
0.740907
0.594261
0.780462
0.645692
1.0
0.0121521
0.127078
0.447257
0.268751
0.589924
1.0
0.0121173
0.00168648
0.585474
0.0363898
0.647183
1.0
0.0120502
0.717808
0.590264
0.760924
0.649277
1.0
0.0120228
0.111386
0.459003
0.158994
0.515545
1.0
0.0118844
0.692071
0.954872
0.734392
0.997545
1.0
0.0118704
0.558135
0.513883
0.610438
0.588633
1.0
0.0117955
0.632151
0.272383
0.736174
0.428132
1.0
0.0117475
0.00915893
0.544404
0.055574
0.614778
1.0
0.0117392
0.786018
0.556912
0.887726
0.679061
1.0
0.0116726
0.373311
0.328486
0.477925
0.500093
1.0
0.011662
0.418445
0.455438
0.545633
0.627877
1.0
0.0116464
0.63961
0.724861
0.678032
0.775889
1.0
0.0116295
0.818895
0.655971
0.853796
0.698156
1.0
0.0115931
0.758438
0.485139
0.867071
0.614745
1.0
0.0115649
0.693066
0.825856
0.865864
1.02509
1.0
0.0115119
0.69727
0.652825
0.734616
0.702347
1.0
0.0114966
0.71939
0.435073
0.951458
0.699628
1.0
0.0114559
0.817962
0.728998
0.852982
0.769761
1.0
0.0114382
0.112837
0.624818
0.214352
0.744386
1.0
0.0114272
0.719254
0.721441
0.756034
0.769612
1.0
0.0113778
0.507904
0.306635
0.568709
0.39949
1.0
0.0113472
0.79165
0.490485
0.830315
0.54467
1.0
0.0113471
0.649753
0.908246
0.732136
1.0004
1.0
0.0112683
-0.000197724
0.815741
0.132012
1.00182
1.0
0.0112679
0.793786
0.726346
0.829905
0.767541
1.0
0.0112241
0.718944
0.550892
0.761318
0.610869
1.0
0.0112037
0.76821
0.486332
0.807626
0.544514
1.0
0.0111901
0.768519
0.520701
0.805604
0.574164
1.0
0.0111524
0.0865346
0.000120759
0.56085
0.703587
1.0
0.0111522
0.55538
0.707538
0.651499
0.848342
1.0
0.0111144
0.148922
0.535708
0.267503
0.674393
1.0
0.0111113
0.770217
0.597008
0.808032
0.646365
1.0
0.0110363
0.766423
0.427145
0.805617
0.481873
1.0
0.011036
0.585929
0.286266
0.631788
0.354767
1.0
0.0109963
0.693353
0.589754
0.735246
0.648157
1.0
0.0109963
0.791095
0.600862
0.827046
0.647231
1.0
0.0109962
0.610193
0.691098
0.654242
0.749901
1.0
0.0109962
0.668204
0.951508
0.710124
0.996221
1.0
0.0108517
0.665497
0.546456
0.712667
0.616273
1.0
0.0108242
0.84081
0.954771
0.87972
0.996065
1.0
0.0107799
0.366032
0.469701
0.477062
0.622842
1.0
0.010723
0.96189
0.718024
0.996506
0.778064
1.0
0.0106609
0.860205
0.828154
0.989954
1.00764
1.0
0.0106555
0.464875
0.222907
0.510989
0.286354
1.0
0.0106506
0.766863
0.695179
0.806055
0.744133
1.0
0.0106459
0.640278
0.652073
0.684862
0.715335
1.0
0.0106022
0.608805
0.349191
0.652313
0.421082
1.0
0.0105844
0.521332
0.90756
0.605706
1.0049
1.0
0.0105147
0.962956
0.654008
0.997016
0.712719
1.0
0.0105011
0.613098
0.478063
0.66484
0.553279
1.0
0.0104979
0.664852
0.72417
0.703215
0.777829
1.0
0.0104692
0.170983
0.922093
0.249829
1.00176
1.0
0.0104192
0.662584
0.585129
0.70891
0.652325
1.0
0.0104144
0.265483
0.385779
0.373268
0.529503
1.0
0.0103978
0.0610178
0.663738
0.163471
0.78911
1.0
0.0103489
0.719874
0.689139
0.759022
0.741927
1.0
0.0102846
0.724017
0.790932
0.757345
0.834806
1.0
0.0102124
0.692888
0.79077
0.786125
0.918576
1.0
0.010185
0.594121
0.717611
0.637932
0.777066
1.0
0.0101337
0.148584
0.361634
0.266923
0.493542
1.0
0.0101336
0.0889862
0.627184
0.129522
0.677515
1.0
0.0101331
0.720667
0.723035
0.812819
0.846908
1.0
0.0101321
0.529388
0.160292
0.759635
0.481075
1.0
0.0101108
0.612074
0.286784
0.655908
0.353706
1.0
0.0101105
0.741961
0.691391
0.78262
0.742375
1.0
0.010081
0.744527
0.721985
0.783145
0.768025
1.0
0.0100328
0.00134269
0.65211
0.0344362
0.71185
