1.0
0.981526
0.442409
0.257913
0.660051
0.574487
1.0
0.0548773
0.0344038
0.606041
0.392176
1.0643
1.0
0.0497005
0.00176682
0.767133
0.251029
1.00318
1.0
0.0378256
0.444495
0.441523
0.648862
0.760858
1.0
0.0290333
0.760287
0.736373
1.00381
1.01665
1.0
0.0277141
0.0127519
0.927237
0.066883
0.990491
1.0
0.0256374
0.236166
0.715335
0.652043
1.01526
1.0
0.0253972
0.0182354
0.702422
0.110886
0.835426
1.0
0.0252039
0.152109
0.590043
0.261883
0.728595
1.0
0.0236561
0.938585
0.945244
0.987602
0.998297
1.0
0.0232234
0.00145754
0.946063
0.0394794
0.995296
1.0
0.0222555
-0.000417121
0.0723487
0.0693004
0.208487
1.0
0.022202
0.657409
-0.0184491
0.887185
0.293275
1.0
0.0216504
0.659707
0.0845553
0.779162
0.255551
1.0
0.0214479
0.820319
0.876527
0.861292
0.943678
1.0
0.0213902
0.00287504
0.184151
0.0362964
0.251929
1.0
0.0211818
0.959272
0.920201
0.997977
0.987027
1.0
0.0210151
0.073081
0.592649
0.170184
0.729536
1.0
0.0210072
0.0589095
0.952795
0.106971
0.997823
1.0
0.020734
0.116187
0.957948
0.159993
0.99834
1.0
0.0207193
0.840472
0.95058
0.88339
0.998089
1.0
0.0202344
0.864082
0.952262
0.907217
0.998437
1.0
0.0201145
0.0611362
0.715848
0.106671
0.782766
1.0
0.0199605
0.117164
0.632847
0.226721
0.787749
1.0
0.0193888
0.835442
0.918075
0.879379
0.97816
1.0
0.0191578
0.00298291
0.24794
0.0357863
0.313081
1.0
0.0191229
0.162365
0.956502
0.208562
0.999886
1.0
0.0190161
0.867061
0.147395
1.004
0.445638
1.0
0.0183139
0.00019623
0.20306
0.0579791
0.328982
1.0
0.018288
0.211393
0.588721
0.258036
0.654937
1.0
0.0182191
0.568499
0.952314
0.609308
0.995477
1.0
0.0179201
0.57924
0.20886
0.685717
0.369624
1.0
0.0178876
0.926668
0.209239
0.999494
0.349676
1.0
0.0177952
0.112808
0.618525
0.161474
0.689157
1.0
0.0175825
0.0389061
0.899419
0.15426
1.00235
1.0
0.0174477
0.924259
0.33944
1.00036
0.534901
1.0
0.0174433
0.24489
0.716448
0.350549
0.863681
1.0
0.0173059
0.904123
0.883019
0.994488
0.994845
1.0
0.0171152
0.0124531
0.744682
0.0628646
0.816971
1.0
0.016991
0.00211243
0.894983
0.0366737
0.951635
1.0
0.0169835
0.0268432
0.629857
0.119686
0.771129
1.0
0.0169135
0.166383
0.586315
0.215691
0.652101
1.0
0.0168836
0.0900161
0.619076
0.134448
0.684461
1.0
0.0168382
0.52007
0.95677
0.558366
0.997885
1.0
0.0167889
0.544389
0.790187
0.584855
0.843041
1.0
0.0166481
0.816179
0.869327
0.907787
0.984961
1.0
0.0166092
0.434039
0.503626
0.830567
1.06676
1.0
0.0164757
0.463532
0.951273
0.505278
0.995318
1.0
0.0163686
0.525684
0.0918461
0.724045
0.443636
1.0
0.0163479
0.059809
0.0880024
0.158901
0.252773
1.0
0.0163418
0.00919492
0.680411
0.0560031
0.750667
1.0
0.016014
0.0677709
0.648606
0.110658
0.716468
1.0
0.0159463
0.913848
0.949979
0.960697
0.999417
1.0
0.0159307
0.265493
0.652226
0.30858
0.714914
1.0
0.015924
0.140378
0.0965031
0.246069
0.258509
1.0
0.0158593
0.136152
0.891082
0.234584
0.99624
1.0
0.015784
0.621157
0.128066
0.724635
0.280572
1.0
0.0157018
0.173862
0.66884
0.275104
0.819555
1.0
0.0156769
0.0564987
0.738935
0.158543
0.870794
1.0
0.0155879
0.441716
0.905805
0.525781
1.00115
1.0
0.0155105
0.23641
0.622636
0.333954
0.755442
1.0
0.0154719
0.767578
0.206808
0.864126
0.340545
1.0
0.015436
0.665477
0.00112655
0.709148
0.0517742
1.0
0.0154297
0.0883895
0.9585
0.133926
0.99983
1.0
0.0154157
0.590689
0.952687
0.631527
0.995995
1.0
0.0153847
0.766966
0.956584
0.8085
1.00172
1.0
0.0153254
0.966296
0.817809
0.999086
0.881631
1.0
0.0152835
0.782605
0.820614
0.873145
0.958562
1.0
0.0152251
0.00211095
0.787655
0.0364909
0.845155
1.0
0.0152238
0.520304
0.787425
0.562815
0.843823
1.0
0.0150701
0.962816
0.885192
0.997818
0.949755
1.0
0.014859
0.500534
0.75394
0.592271
0.884671
1.0
0.0148426
0.614581
0.952423
0.656573
0.995898
1.0
0.0147828
0.0417086
0.44817
0.226337
0.730978
1.0
0.0146078
0.786869
0.0965887
0.886607
0.252446
1.0
0.0145875
0.0119448
0.0608009
0.0564078
0.125744
1.0
0.0145651
0.0659489
0.202565
0.163423
0.342027
1.0
0.0145352
0.742679
0.870324
0.842419
0.997509
1.0
0.0144817
0.113664
0.530113
0.217454
0.677482
1.0
0.0143814
0.139712
0.590382
0.187904
0.654478
1.0
0.0143782
0.00277967
0.118529
0.0379684
0.183188
1.0
0.0143518
0.664437
0.952551
0.707476
0.998163
1.0
0.0143351
0.23667
0.617553
0.283503
0.684389
1.0
0.0142533
0.268943
0.720748
0.310829
0.781413
1.0
0.014177
0.135348
0.645514
0.186173
0.715726
1.0
0.0141575
0.713431
0.951229
0.75575
0.997876
1.0
0.0141384
0.640946
0.0021958
0.683811
0.0515847
1.0
0.0140315
0.66801
0.902847
0.75806
1.00113
1.0
0.0138831
0.115336
0.738561
0.215047
0.877212
1.0
0.0138521
0.00115986
0.652963
0.0375535
0.720497
1.0
0.0138456
0.010186
0.817108
0.0554275
0.875634
1.0
0.013839
0.0574892
0.816727
0.162129
0.948922
1.0
0.0138043
0.500519
0.867515
0.597017
0.988793
1.0
0.0137634
0.00128315
0.775096
0.0839657
0.901022
1.0
0.0137479
0.639453
0.952011
0.683926
0.998292
1.0
0.013658
0.00972032
0.146796
0.0527804
0.215668
1.0
0.0136545
0.544042
0.953761
0.587184
0.997986
1.0
0.0136458
0.63974
0.245365
0.686423
0.31232
1.0
0.0135863
0.188405
0.611187
0.242368
0.685761
1.0
0.0135838
0.00148078
0.716716
0.0378023
0.782389
1.0
0.013491
0.115295
0.820856
0.214902
0.9513
1.0
0.0134117
0.217966
0.955248
0.260895
0.998467
1.0
0.0133086
0.739908
0.00323158
0.783898
0.0540338
1.0
0.0133056
0.24389
0.720679
0.283919
0.777338
1.0
0.0132838
0.943687
0.617706
0.985663
0.682896
1.0
0.0132712
0.212226
0.643944
0.258945
0.714685
1.0
0.0132139
0.712723
0.113873
0.75943
0.181061
1.0
0.0131519
0.26797
0.684978
0.310576
0.748092
1.0
0.0130743
0.0113339
0.278856
0.0512195
0.344859
1.0
0.0130734
0.614397
0.32024
0.658783
0.386662
1.0
0.0130184
0.0474802
0.153599
0.479914
0.832662
1.0
0.0129702
0.241506
0.685273
0.284796
0.748559
1.0
0.0128855
0.888763
0.92144
0.941101
0.987895
1.0
0.0128619
0.113607
0.554634
0.156555
0.614581
1.0
0.0128522
0.817375
0.251151
0.857566
0.308449
1.0
0.0128304
0.263437
0.567125
0.498284
0.877615
1.0
0.0127996
0.764453
0.00357345
0.810197
0.0558971
1.0
0.0127685
0.268161
0.754353
0.310341
0.813948
1.0
0.0127653
0.590119
0.0194977
0.639585
0.0886861
1.0
0.0127537
0.793857
0.95339
0.836684
1.00156
1.0
0.0127484
0.537225
0.254391
0.583105
0.32071
1.0
0.0127368
0.692079
0.00425053
0.735431
0.0535171
1.0
0.0127328
0.0643551
0.782711
0.107501
0.838442
1.0
0.0126068
0.516882
0.284444
0.561549
0.353248
1.0
0.0125896
0.558515
0.285543
0.611343
0.357684
1.0
0.0125782
0.815223
0.827585
0.859515
0.892743
1.0
0.0124894
0.592602
0.0707359
0.69363
0.22796
1.0
0.0124831
0.915559
0.243755
0.966162
0.319909
1.0
0.0124326
0.0905614
0.554077
0.132548
0.612477
1.0
0.0124019
0.960235
0.214757
0.998532
0.287006
1.0
0.0123626
0.00233752
0.318569
0.0331763
0.378576
1.0
0.0123227
0.673056
0.733124
0.78335
0.908587
1.0
0.0122695
0.0877851
0.683084
0.132338
0.75041
1.0
0.0122634
0.9643
0.310843
0.999179
0.383599
1.0
0.0122472
0.488247
0.640288
0.59628
0.795219
1.0
0.012166
0.513928
0.320306
0.562445
0.390114
1.0
0.0121614
0.662369
0.146009
0.71284
0.2191
1.0
0.0121494
0.611025
0.00469757
0.657994
0.0583818
1.0
0.0121107
0.0678174
0.110021
0.107356
0.177063
1.0
0.0120792
0.773415
-0.000756726
0.983122
0.383485
1.0
0.0120545
0.622708
0.804397
0.809733
1.02476
1.0
0.0120425
0.483628
0.232354
0.593935
0.402756
1.0
0.0120291
0.963882
0.414694
0.998951
0.491132
1.0
0.0120173
0.0658311
0.247582
0.105448
0.308078
1.0
0.0119605
0.840669
0.198632
0.941098
0.347674
1.0
0.0119464
0.522005
0.919631
0.562984
0.97661
1.0
0.0119257
0.582889
0.31332
0.639072
0.387719
1.0
0.0119246
0.71168
0.0509239
0.758964
0.12009
1.0
0.011909
0.0657159
0.495652
0.1566
0.635252
1.0
0.0118954
0.00372977
0.00892347
0.0687577
0.103088
1.0
0.0118926
0.192552
0.753112
0.286481
0.887492
1.0
0.01189
0.616414
0.887123
0.712908
0.995415
1.0
0.0118661
0.00164529
0.857185
0.0342196
0.910612
1.0
0.0118551
0.114645
0.676895
0.163156
0.749045
1.0
0.0118094
0.0928598
0.251485
0.133346
0.308822
1.0
0.0117673
0.664454
0.401962
0.973723
0.983226
1.0
0.0117268
0.255791
-0.0355465
0.502842
0.311563
1.0
0.0117183
0.791967
0.251487
0.834065
0.310667
1.0
0.0117023
0.841627
0.251032
0.88119
0.30827
1.0
0.0116894
0.516542
0.812115
0.699813
1.02061
1.0
0.0116757
0.137903
0.92797
0.18749
0.986554
1.0
0.0116427
0.166668
0.855512
0.208723
0.907668
1.0
0.0115961
0.58731
0.252085
0.636176
0.319478
1.0
0.011546
0.893533
0.250297
0.937866
0.316177
1.0
0.0115397
0.399618
0.780045
0.506783
0.936841
1.0
0.0115187
0.961207
0.112944
0.997935
0.182445
1.0
0.011482
0.216548
0.719145
0.255956
0.777638
1.0
0.0114569
0.0921349
0.115877
0.130781
0.177969
1.0
0.0114376
0.117057
0.790192
0.157261
0.841553
1.0
0.0113767
0.557756
0.625559
0.77058
0.929232
1.0
0.0113707
0.308969
0.625065
0.427131
0.779972
1.0
0.0113675
0.114725
0.717428
0.159751
0.782331
1.0
0.0113292
0.492087
0.956883
0.53287
0.99883
1.0
0.0112982
0.190892
0.757739
0.232499
0.817996
1.0
0.011291
0.29009
0.657503
0.334081
0.717883
1.0
0.0112699
0.789744
0.0247999
0.83663
0.0914821
1.0
0.0112592
0.118817
0.253717
0.158614
0.311196
1.0
0.0112315
0.741233
0.955228
0.785486
1.00212
1.0
0.0112166
0.738277
0.115912
0.781409
0.178468
1.0
0.0112054
0.561488
0.720111
0.606806
0.781934
1.0
0.0111626
0.698233
0.00180265
0.790597
0.110769
1.0
0.0111474
0.116429
0.213537
0.214091
0.347755
1.0
0.0110918
0.314297
0.684835
0.361195
0.751588
1.0
0.0110817
0.818112
0.219382
0.85941
0.275596
1.0
0.0110565
0.967532
0.75369
0.999099
0.818625
1.0
0.0110305
0.867088
0.253833
0.907319
0.313369
1.0
0.0110288
0.267891
0.954681
0.310605
0.998091
1.0
0.011028
0.117887
0.185617
0.157721
0.247363
1.0
0.0110109
0.244441
0.758306
0.285414
0.815982
1.0
0.0109857
0.632271
0.237945
0.732468
0.390901
1.0
0.0109808
0.734824
0.749271
0.832012
0.904337
1.0
0.0109478
0.169127
0.120304
0.206989
0.179711
1.0
0.0109413
0.092428
0.183986
0.132069
0.245443
1.0
0.0109329
0.817527
0.118793
0.858255
0.178617
1.0
0.0109214
0.495952
0.785492
0.538336
0.843635
1.0
0.0109168
0.159549
0.516196
0.361234
0.809596
1.0
0.0108965
0.640866
0.121089
0.685089
0.185643
1.0
0.0108763
0.555577
0.884888
0.648917
0.993894
1.0
0.0108484
0.615076
0.250318
0.660321
0.31488
1.0
0.010841
0.0727877
0.589296
0.112887
0.653506
1.0
0.0107898
0.428085
0.277879
0.542839
0.457532
1.0
0.0107651
0.189264
0.956606
0.23418
1.00033
1.0
0.0106897
0.689814
0.178458
0.735583
0.244191
1.0
0.0106604
0.815538
0.284956
0.856478
0.343228
1.0
0.0106557
0.54296
0.911911
0.588655
0.974296
1.0
0.0105995
0.807129
0.759453
0.907243
0.911176
1.0
0.0105796
0.766644
0.116563
0.80689
0.176243
1.0
0.0105535
0.33306
0.106922
0.446163
0.258763
1.0
0.0105513
0.61294
-0.00172025
0.699931
0.0938328
1.0
0.0105348
0.792973
0.189235
0.835365
0.247453
1.0
0.0105347
0.51356
0.674859
0.571999
0.752606
1.0
0.0105225
0.565401
0.146351
0.668559
0.291405
1.0
0.0105147
0.118178
0.116568
0.155225
0.176448
1.0
0.0105127
0.792252
0.286446
0.834023
0.344889
1.0
0.0105036
0.143311
0.1852
0.182246
0.244101
1.0
0.0105011
0.169375
0.8266
0.210022
0.877382
1.0
0.0104644
0.0703725
0.182244
0.108602
0.245631
1.0
0.0104534
0.292976
0.718551
0.336194
0.779586
1.0
0.0104007
0.574251
0.604494
0.688548
0.777612
1.0
0.0103962
0.16155
0.678785
0.211331
0.749474
1.0
0.0103936
0.537637
0.0627723
0.636454
0.209922
1.0
0.0103907
0.207296
0.0957513
0.319723
0.255185
1.0
0.0103599
0.617489
0.119425
0.658943
0.180399
1.0
0.010325
0.188862
0.679902
0.236569
0.750346
1.0
0.0102775
0.610555
0.0462952
0.651842
0.106294
1.0
0.0102662
0.892728
0.219846
0.935243
0.279545
1.0
0.0101734
0.490327
0.719822
0.540436
0.783123
1.0
0.0101549
0.534949
0.714105
0.585148
0.777141
1.0
0.0101475
0.936767
0.758549
1.00508
0.891157
1.0
0.010141
0.0365054
0.777149
0.0845721
0.835479
1.0
0.0101104
0.535996
0.794033
0.629418
0.929434
1.0
0.0101062
0.519123
0.223203
0.560944
0.283756
1.0
0.0100969
0.868479
0.285608
0.9086
0.345652
1.0
0.0100967
0.78552
0.27096
0.878655
0.411093
1.0
0.0100875
0.934777
0.550733
0.999426
0.694608
1.0
0.010086
0.0845872
0.0209044
0.292623
0.373415
1.0
0.0100824
0.96407
0.646554
0.99673
0.710438
1.0
0.0100548
0.561451
0.703828
0.671942
0.86209
1.0
0.0100479
0.0192877
0.230108
0.100985
0.378789
1.0
0.0100098
0.965363
0.47543
0.999051
0.547835
