1.0
0.0685711
0.312157
0.329291
0.624457
0.810441
1.0
0.0567451
0.00659128
0.762368
0.269762
1.00879
1.0
0.0376555
0.313194
0.462719
0.418504
0.624449
1.0
0.0365998
0.50907
0.383318
0.585631
0.531145
1.0
0.0335241
0.268544
0.453633
0.464387
0.767821
1.0
0.0329807
0.25883
0.403548
0.376153
0.564019
1.0
0.029861
0.317905
0.593603
0.423143
0.744341
1.0
0.0296663
0.0495844
0.70198
0.150381
0.83548
1.0
0.0287437
0.0923221
0.542673
0.539025
1.09306
1.0
0.0270632
0.0125871
0.927586
0.0641304
0.989328
1.0
0.0268347
0.381688
0.415924
0.494604
0.579575
1.0
0.0254587
0.634691
0.712182
0.985362
1.01881
1.0
0.0238971
0.103171
0.679874
0.205348
0.822945
1.0
0.0237617
0.362156
0.623616
0.46996
0.774574
1.0
0.0228351
0.355009
0.478195
0.410551
0.558207
1.0
0.0219603
0.0623775
0.718605
0.110201
0.786437
1.0
0.02167
0.511624
0.924401
0.557342
0.983353
1.0
0.0216651
0.908068
0.900149
0.994902
0.997607
1.0
0.0215634
0.094631
0.595313
0.189131
0.729112
1.0
0.0212642
0.526336
0.0439449
0.635589
0.219713
1.0
0.0212296
0.65295
0.0836056
0.780362
0.259559
1.0
0.021183
0.278672
0.53287
0.38233
0.689244
1.0
0.0206966
0.16223
0.955896
0.208034
0.999097
1.0
0.0204829
0.382049
0.374684
0.87337
1.02089
1.0
0.0204443
0.0118931
0.188976
0.0546209
0.254624
1.0
0.0203904
0.0619043
0.955243
0.10663
0.997372
1.0
0.0203889
0.361109
0.643987
0.410555
0.716208
1.0
0.0202204
0.00227826
0.69604
0.0733445
0.807068
1.0
0.0200157
0.931764
0.21999
0.999176
0.349937
1.0
0.0196977
0.961885
0.947412
0.999703
0.998813
1.0
0.0195498
0.158599
0.581862
0.258443
0.719199
1.0
0.018788
0.327699
0.349676
0.451346
0.522741
1.0
0.0187037
0.116107
0.616734
0.162456
0.684235
1.0
0.018434
0.377404
0.495471
0.500238
0.690454
1.0
0.0181817
0.0694162
0.213826
0.170472
0.343407
1.0
0.0181735
0.225178
0.471609
0.331031
0.612889
1.0
0.0180382
0.0320264
0.633975
0.123538
0.769045
1.0
0.0177617
0.313531
0.509729
0.365372
0.58282
1.0
0.0177225
0.416208
0.205647
0.512637
0.341053
1.0
0.0175985
0.41178
0.761966
0.522063
0.894153
1.0
0.0174512
0.188702
0.523575
0.285858
0.657166
1.0
0.0173883
0.00352306
0.212001
0.0389347
0.274853
1.0
0.0173347
0.86217
0.139832
1.00715
0.446571
1.0
0.0172791
0.00318545
0.250104
0.0362093
0.312339
1.0
0.0172554
0.31494
0.548967
0.364383
0.621166
1.0
0.0172267
0.115609
0.526458
0.213692
0.667165
1.0
0.0171691
0.340672
0.613387
0.392185
0.686302
1.0
0.0170842
0.117446
0.9588
0.160163
0.998354
1.0
0.0170767
0.00188732
0.718589
0.0375748
0.781235
1.0
0.0168751
0.541671
0.0495555
0.952349
0.759272
1.0
0.0167912
0.114108
0.107271
0.218764
0.268774
1.0
0.0167077
0.264491
0.443237
0.32074
0.525069
1.0
0.01669
0.0130477
0.227919
0.291084
0.756783
1.0
0.0166858
0.137568
0.888074
0.231469
0.994994
1.0
0.0166699
0.162648
0.585353
0.212544
0.652067
1.0
0.0165806
0.0718076
0.621426
0.111063
0.681833
1.0
0.0165464
0.838169
0.864468
0.945149
0.992079
1.0
0.0165206
0.215566
0.953081
0.259913
0.997745
1.0
0.0164342
0.0029141
0.895961
0.0365347
0.950632
1.0
0.016426
0.0703483
0.654808
0.112325
0.717418
1.0
0.0163599
0.440722
0.349109
0.546961
0.510543
1.0
0.0162502
0.0665037
0.62561
0.266235
0.897532
1.0
0.0162383
0.415987
0.419622
0.462853
0.488957
1.0
0.0161902
0.411528
0.284969
0.516052
0.435419
1.0
0.0161489
0.271089
0.655632
0.377136
0.803037
1.0
0.0161161
0.115548
0.251113
0.159678
0.30945
1.0
0.0159669
0.35692
0.580473
0.407334
0.658365
1.0
0.0158305
0.000942543
0.680486
0.0376668
0.746021
1.0
0.0157066
0.439707
0.0288477
0.629008
0.368084
1.0
0.0156768
0.0887772
0.958885
0.13294
0.999556
1.0
0.015574
0.192679
0.87979
0.29245
0.993924
1.0
0.0155253
0.440198
0.448726
0.485118
0.515317
1.0
0.0154579
0.041786
0.893872
0.154195
1.00095
1.0
0.0154262
0.542812
0.220615
0.586988
0.278722
1.0
0.015415
0.264455
0.508294
0.316771
0.579294
1.0
0.015288
0.706337
0.013619
0.942821
0.366414
1.0
0.0152726
0.737164
0.332538
1.00484
0.969323
1.0
0.0152387
0.418778
0.956391
0.45742
0.996214
1.0
0.0152111
0.965304
0.815191
0.998786
0.881317
1.0
0.0151774
0.377057
0.178482
0.576825
0.489473
1.0
0.0151384
0.924256
0.402857
0.99634
0.573541
1.0
0.0150765
0.387598
0.684456
0.439313
0.750112
1.0
0.0150436
0.284186
0.265375
0.508389
0.586297
1.0
0.0150191
0.388709
0.447594
0.437974
0.522823
1.0
0.0148828
0.212148
0.620778
0.310459
0.75528
1.0
0.0148287
0.131357
0.745315
0.223561
0.872346
1.0
0.0148058
0.690247
0.00368305
0.738126
0.0526026
1.0
0.0147954
0.11451
0.557784
0.157053
0.615883
1.0
0.0147581
0.495586
0.94775
0.539234
0.995282
1.0
0.0147447
0.336161
0.203938
0.445508
0.341847
1.0
0.0147217
0.213264
0.553542
0.261424
0.62127
1.0
0.014648
0.261498
0.056055
0.365394
0.214371
1.0
0.0146279
0.0849429
0.748077
0.130223
0.810247
1.0
0.0146217
0.36819
0.956607
0.406861
0.996042
1.0
0.0145974
0.0543833
0.777391
0.162683
0.914278
1.0
0.0145914
0.0916332
0.620001
0.135398
0.683413
1.0
0.0145782
0.579146
0.0670885
0.690561
0.230922
1.0
0.0144398
0.137681
0.207646
0.238035
0.339337
1.0
0.0143583
0.865405
0.952147
0.910198
1.00042
1.0
0.0143091
0.484398
0.207186
0.582946
0.350678
1.0
0.0142701
0.442795
0.955684
0.48304
0.997452
1.0
0.0142616
0.138279
0.425763
0.331577
0.712757
1.0
0.0141826
0.00233046
0.774272
0.0892773
0.902738
1.0
0.0141661
0.318281
0.647544
0.366402
0.715087
1.0
0.0141026
0.306036
0.277764
0.426709
0.433471
1.0
0.0140676
0.470558
0.955044
0.509823
0.996235
1.0
0.0140576
0.0917798
0.555494
0.134467
0.612891
1.0
0.0140283
0.869384
0.119269
0.909597
0.180039
1.0
0.0140219
0.563757
0.247863
0.605666
0.306384
1.0
0.0140102
0.962253
0.882342
0.998667
0.949819
1.0
0.0140066
0.0404697
0.741886
0.0935558
0.812584
1.0
0.0139911
0.263613
0.548319
0.31092
0.614314
1.0
0.013985
0.00189853
0.787515
0.0353988
0.842451
1.0
0.0139013
0.066541
0.777907
0.109147
0.832449
1.0
0.0139013
0.819996
0.909008
0.86291
0.97319
1.0
0.01388
0.114882
0.816656
0.213225
0.95359
1.0
0.0138393
0.36265
0.416615
0.414199
0.493709
1.0
0.013789
0.314254
0.68642
0.362608
0.753343
1.0
0.013686
0.413474
0.54933
0.461487
0.61781
1.0
0.0136795
0.76637
0.213564
0.865545
0.340081
1.0
0.0136731
0.795793
0.818305
0.884256
0.958559
1.0
0.0136639
0.368097
0.878788
0.464735
0.996696
1.0
0.0135651
0.768536
0.959916
0.807129
1.00093
1.0
0.0135493
0.341539
0.681556
0.390675
0.749478
1.0
0.0135487
0.509236
0.721112
0.560623
0.783347
1.0
0.0135271
0.815472
0.0939097
0.918864
0.25367
1.0
0.0135149
0.0672718
0.250429
0.109095
0.310697
1.0
0.0135026
0.664421
0.000614168
0.711165
0.0518526
1.0
0.0135007
0.290733
0.652169
0.33764
0.717537
1.0
0.0134974
0.961398
0.220724
0.997912
0.289951
1.0
0.013494
0.190364
0.67715
0.287131
0.817396
1.0
0.0133995
0.912217
0.947699
0.962208
1.00076
1.0
0.0133687
0.00691505
0.195259
0.0768054
0.323334
1.0
0.013356
0.118776
0.785195
0.159175
0.83435
1.0
0.0133508
0.316602
0.954635
0.357575
0.995589
1.0
0.013311
0.285902
0.475995
0.342813
0.554067
1.0
0.0132808
0.487254
0.221359
0.531133
0.28162
1.0
0.0132477
0.494117
0.893792
0.581301
0.998145
1.0
0.0132235
0.589117
0.0179486
0.640816
0.0902601
1.0
0.0132234
0.432203
0.634545
0.55058
0.782024
1.0
0.0132179
0.118003
0.220331
0.160248
0.277996
1.0
0.0131519
0.113595
0.680667
0.160923
0.748601
1.0
0.013127
0.464535
0.38428
0.507138
0.453177
1.0
0.0131222
0.135093
0.647961
0.184248
0.714598
1.0
0.0131197
0.333851
0.79698
0.517589
1.0177
1.0
0.0130448
0.14034
0.188083
0.18207
0.249952
1.0
0.0130437
0.00859303
0.65224
0.0520799
0.717575
1.0
0.013033
0.139807
0.926992
0.187449
0.985871
1.0
0.0130175
0.392262
0.956346
0.432261
0.997395
1.0
0.0129584
0.839092
0.951283
0.88477
1.00146
1.0
0.0129264
0.464495
0.224924
0.506709
0.283081
1.0
0.0129208
0.00309829
0.121985
0.0359383
0.178227
1.0
0.0129205
0.566989
0.954687
0.60942
0.998789
1.0
0.0129147
0.515673
0.222082
0.558055
0.279334
1.0
0.0128679
0.191362
0.648984
0.239572
0.716126
1.0
0.0128328
0.390149
0.386559
0.438025
0.457462
1.0
0.0128146
0.050122
0.519897
0.139382
0.656056
1.0
0.0128113
0.418979
0.924103
0.460101
0.978834
1.0
0.0128025
0.213925
0.0986272
0.32175
0.250656
1.0
0.0127976
0.817292
0.952018
0.858329
0.999769
1.0
0.0127862
0.294947
0.580039
0.34161
0.64786
1.0
0.0127746
0.638366
0.00116329
0.684767
0.0528777
1.0
0.0127618
0.467908
0.452491
0.509234
0.518171
1.0
0.0127538
0.706599
0.874895
0.810155
0.999656
1.0
0.0127306
0.759711
0.755272
0.859213
0.907816
1.0
0.0127189
0.293066
0.616474
0.340454
0.683239
1.0
0.0126836
0.161708
0.791264
0.257597
0.919173
1.0
0.0126813
0.00218919
0.15823
0.0368062
0.216021
1.0
0.0126701
0.414641
0.478964
0.462998
0.553557
1.0
0.0126375
0.866074
0.184798
0.908116
0.246847
1.0
0.0125841
0.737339
0.00285444
0.784722
0.0504455
1.0
0.0125663
0.187884
0.612794
0.23743
0.682335
1.0
0.0125601
0.163234
0.786244
0.205177
0.838651
1.0
0.0125493
0.566995
0.208716
0.666011
0.343251
1.0
0.0125412
0.587527
0.114036
0.634028
0.181521
1.0
0.0125207
0.00126753
0.821756
0.0337307
0.872252
1.0
0.0124247
0.442177
0.922695
0.483644
0.977852
1.0
0.0124245
0.418135
0.349043
0.46391
0.416294
1.0
0.0124219
0.541503
0.185143
0.587326
0.247568
1.0
0.0124132
0.0711841
0.55834
0.109857
0.61235
1.0
0.0124094
0.96382
0.44755
0.998282
0.521054
1.0
0.0123906
0.461546
0.819906
0.508988
0.879111
1.0
0.0123626
0.00261487
0.319907
0.0326199
0.378251
1.0
0.0122857
0.11292
0.717841
0.158505
0.782744
1.0
0.0122773
0.466449
0.655455
0.511322
0.712909
1.0
0.0122727
0.866094
0.153787
0.906911
0.211323
1.0
0.0122466
0.31086
0.313598
0.362924
0.384189
1.0
0.0122355
0.962679
0.309247
0.998891
0.382773
1.0
0.0122076
0.712381
0.113208
0.761763
0.18216
1.0
0.0121833
0.310295
0.880209
0.412988
0.996953
1.0
0.0121771
0.963701
0.647376
0.997113
0.714684
1.0
0.0121664
0.249197
0.324075
0.354941
0.484263
1.0
0.0121638
0.490728
0.745944
0.535472
0.799081
1.0
0.0121614
0.267767
0.954347
0.311159
0.997313
1.0
0.0121537
0.466741
0.321198
0.618723
0.594524
1.0
0.0121527
0.13849
0.755552
0.186377
0.817888
1.0
0.0121362
-0.00138991
0.555538
0.0595768
0.67238
1.0
0.0121284
0.00253914
0.859484
0.0336699
0.910127
1.0
0.012114
0.191349
0.955769
0.236491
0.999808
1.0
0.0121091
0.388373
0.517674
0.435718
0.586031
1.0
0.0121085
0.839961
0.197207
0.940659
0.345337
1.0
0.0121006
0.0117729
0.281523
0.0511401
0.342535
1.0
0.0120678
0.439398
0.796427
0.485515
0.851897
1.0
0.0120566
0.364862
0.349476
0.412248
0.415762
1.0
0.0120348
0.233804
0.648225
0.284099
0.717662
1.0
0.0120288
0.430411
0.453575
0.547288
0.642956
1.0
0.0119665
0.0924811
0.782566
0.132019
0.831819
1.0
0.0119524
0.616375
0.198075
0.722683
0.341234
1.0
0.0119474
0.0926877
0.19012
0.133388
0.249156
1.0
0.0119355
0.614731
0.181466
0.663425
0.250444
1.0
0.0119246
0.818969
0.856487
0.860964
0.92561
1.0
0.011911
0.963993
0.115769
0.997779
0.178996
1.0
0.0118812
0.957199
0.00546816
0.995916
0.058963
1.0
0.0118245
0.610372
0.00268491
0.66016
0.0590644
1.0
0.0118119
0.116768
0.283569
0.159253
0.34178
1.0
0.0117949
0.407213
0.102733
0.504763
0.248575
1.0
0.0117933
0.139712
0.250291
0.183771
0.308977
1.0
0.0117743
0.167969
0.221352
0.211776
0.280034
1.0
0.0117659
0.834464
0.881644
0.878454
0.945665
1.0
0.0117654
0.469197
0.7232
0.5173
0.780875
1.0
0.0117627
0.41012
0.71076
0.459407
0.772732
1.0
0.0117343
0.33846
0.386034
0.389541
0.457507
1.0
0.0117286
0.613608
-0.00231912
0.705353
0.093858
1.0
0.0116569
0.308112
0.411204
0.364511
0.49344
1.0
0.011648
0.168316
0.855087
0.209155
0.906716
1.0
0.0116136
0.817541
0.121471
0.858073
0.179387
1.0
0.011603
0.226508
0.716191
0.330529
0.855613
1.0
0.0115956
0.291712
0.954254
0.333939
0.996216
1.0
0.0115845
0.918579
0.24546
0.966311
0.317919
1.0
0.0115818
0.460488
0.707557
0.566345
0.827009
1.0
0.0115687
0.066616
0.188204
0.106356
0.247269
1.0
0.0115666
0.0939183
0.222673
0.136077
0.279616
1.0
0.0115141
0.271468
0.216666
0.379805
0.353117
1.0
0.0115035
0.139499
0.558926
0.186788
0.621332
1.0
0.01146
0.854164
0.00558977
0.99205
0.244942
1.0
0.011459
0.34219
0.955849
0.382851
0.996674
1.0
0.0113994
0.16705
0.824674
0.207481
0.874935
1.0
0.011389
0.714946
0.953421
0.755795
0.99685
1.0
0.0113523
0.686036
0.0124839
0.791767
0.132008
1.0
0.0113003
0.42004
0.905964
0.509695
1.005
1.0
0.0112966
0.190525
0.556345
0.390976
0.845519
1.0
0.0112361
0.918485
0.282325
1.00208
0.469628
1.0
0.0111926
0.262764
0.651319
0.311622
0.718661
1.0
0.0111829
0.391684
0.352152
0.437908
0.417882
1.0
0.0111402
0.291931
0.716487
0.33896
0.782523
1.0
0.0111366
0.614169
0.119264
0.658568
0.182471
1.0
0.0111096
0.0132974
0.0771003
0.0614033
0.142944
1.0
0.0110971
0.00166989
0.58393
0.0345996
0.648276
1.0
0.0110034
0.00169883
0.620813
0.0356525
0.686044
1.0
0.0109979
0.167299
0.186125
0.210622
0.249418
1.0
0.0109917
0.531475
0.132177
0.735032
0.44232
1.0
0.0109863
0.844261
0.253873
0.882249
0.307616
1.0
0.0109803
0.496902
0.648183
0.595486
0.794116
1.0
0.0109753
-0.000646118
0.123009
0.0651094
0.240974
1.0
0.0109717
0.281709
0.0367501
0.483719
0.400925
1.0
0.0109461
0.966722
0.682325
0.99814
0.746512
1.0
0.0109442
0.0858571
0.0553013
0.276087
0.381845
1.0
0.0109413
0.234048
0.57998
0.284729
0.650201
1.0
0.0109254
0.215848
0.517948
0.261527
0.584737
1.0
0.0108665
0.565814
0.286469
0.607088
0.346316
1.0
0.0108444
0.588704
0.247984
0.633576
0.308122
1.0
0.0108316
0.00116461
0.351501
0.0320547
0.410894
1.0
0.010804
0.267968
0.118809
0.31105
0.184083
1.0
0.0107728
0.967108
0.75121
0.999118
0.819596
1.0
0.010763
0.466044
0.687164
0.512235
0.743637
1.0
0.0107239
0.00203332
0.520704
0.0355128
0.584712
1.0
0.0107019
0.888889
0.187715
0.929587
0.249076
1.0
0.0106986
0.868328
0.252505
0.908123
0.310857
1.0
0.0106877
0.858177
0.701847
1.00178
0.978721
1.0
0.0106771
0.239408
0.95412
0.285493
0.998623
1.0
0.0106669
0.410066
0.654761
0.458706
0.720866
1.0
0.0106532
0.285768
0.383481
0.339802
0.458845
1.0
0.010628
0.966418
0.38749
0.999865
0.457268
1.0
0.0106193
0.641182
0.1207
0.687715
0.185035
1.0
0.010612
0.49248
0.192621
0.532728
0.24994
1.0
0.0106003
0.878404
0.337601
1.00502
0.690571
1.0
0.0105999
0.690887
0.0501765
0.740434
0.11724
1.0
0.0105821
0.817645
0.255612
0.856003
0.308515
1.0
0.0105806
0.138426
0.717534
0.185042
0.781992
1.0
0.0105777
0.92966
0.0703908
1.00011
0.208951
1.0
0.0105637
0.00179942
0.38676
0.0324913
0.446592
1.0
0.0105505
0.105784
0.0709401
0.543906
0.708346
1.0
0.0105493
0.394104
0.582242
0.43868
0.64684
1.0
0.0105099
0.420242
0.119306
0.460977
0.178956
1.0
0.0105099
0.168411
0.448129
0.266185
0.597857
1.0
0.010506
0.24156
0.720648
0.284094
0.779337
1.0
0.0105008
0.84253
0.154671
0.885239
0.214615
1.0
0.0104463
0.4431
0.244302
0.487422
0.306699
1.0
0.0104459
0.216426
0.205891
0.314677
0.335642
1.0
0.0104053
0.0101603
0.0191171
0.0919352
0.126756
1.0
0.0104005
0.53865
0.254338
0.628928
0.396344
1.0
0.0103978
0.707727
0.772505
0.8159
0.937245
1.0
0.0103911
0.0876353
0.687241
0.131877
0.752346
1.0
0.0103788
0.218328
0.719492
0.259921
0.779138
1.0
0.0103765
0.215745
0.856155
0.255879
0.910312
1.0
0.0103746
0.677829
0.195912
0.784108
0.337521
1.0
0.0103623
0.117519
0.856188
0.158038
0.90583
1.0
0.0103608
0.143148
0.115257
0.182673
0.176836
1.0
0.0103536
0.216881
0.679839
0.261854
0.744682
1.0
0.0103481
0.168078
0.114116
0.207892
0.176374
1.0
0.010334
0.366679
0.712141
0.41148
0.775175
1.0
0.0103206
0.966392
0.150862
0.998611
0.210358
1.0
0.010316
0.892556
0.116574
0.933705
0.179852
1.0
0.0103085
0.539228
0.366885
0.581636
0.437828
1.0
0.0102991
0.793144
0.955058
0.834801
1.00141
1.0
0.0102569
0.790796
0.271188
0.884895
0.403788
1.0
0.0102457
0.590213
0.186483
0.633897
0.248261
1.0
0.0102268
0.819111
0.152084
0.862385
0.211418
1.0
0.0102079
0.0851991
0.272826
0.185953
0.415007
1.0
0.0101827
0.792327
0.255205
0.831467
0.309132
1.0
0.0101725
0.0250978
0.237612
0.109666
0.370674
1.0
0.0101387
0.843439
0.124315
0.882512
0.181705
1.0
0.0101385
0.363682
0.284539
0.410796
0.350284
1.0
0.0101339
0.665916
0.0823358
0.716359
0.150118
1.0
0.0101248
0.190819
0.718543
0.2329
0.778991
1.0
0.0101216
0.119232
0.119326
0.158018
0.176464
1.0
0.0101077
0.117074
0.320415
0.156792
0.376636
1.0
0.0101017
0.142568
0.856115
0.184112
0.906985
1.0
0.0100847
0.916665
0.189372
0.957876
0.251897
1.0
0.0100764
0.893506
0.250317
0.935506
0.313317
1.0
0.0100739
0.709242
0.0182011
0.763666
0.0837639
1.0
0.0100484
0.542396
0.286439
0.584659
0.34383
1.0
0.0100392
0.190744
0.222595
0.236396
0.283683
