1.0
0.940995
0.382335
0.233793
0.524825
0.457453
1.0
0.0542524
0.00193574
0.769238
0.25573
1.01642
1.0
0.0488287
0.513385
0.257517
0.556818
0.325886
1.0
0.0408274
0.604436
0.558002
0.952724
1.05877
1.0
0.0328786
0.00979852
0.943207
0.0630637
0.995499
1.0
0.032638
0.387295
0.312506
0.442665
0.397594
1.0
0.0309131
0.0751123
0.730114
0.186234
0.853926
1.0
0.0306302
0.276574
0.311731
0.719451
1.00247
1.0
0.0302695
0.367072
0.253459
0.40958
0.322015
1.0
0.0289033
0.385456
0.0571894
0.579787
0.355062
1.0
0.0276979
0.036168
0.434639
0.354761
0.965094
1.0
0.0257072
0.156583
0.729279
0.256224
0.866336
1.0
0.0241078
0.903992
0.11597
0.995535
0.274876
1.0
0.0239936
0.488566
0.100159
0.584655
0.239227
1.0
0.0239238
0.489817
0.276368
0.544909
0.354687
1.0
0.0239187
0.906876
0.309693
0.993091
0.492538
1.0
0.0232817
0.458797
0.215616
0.506243
0.282959
1.0
0.0227013
0.00557614
0.537277
0.0881725
0.685292
1.0
0.022385
0.176292
0.516212
0.272473
0.65326
1.0
0.0221872
0.679139
0.0956458
1.00878
0.743483
1.0
0.0218486
0.435582
0.246729
0.491324
0.322977
1.0
0.0217248
0.0847998
0.756904
0.137131
0.81943
1.0
0.0214866
0.0122371
0.54228
0.0575432
0.618212
1.0
0.0210389
0.0648126
0.648985
0.10611
0.712016
1.0
0.0210247
0.0106771
0.641875
0.0581932
0.715667
1.0
0.0209063
0.707515
0.71456
0.815319
0.849324
1.0
0.0206033
0.957572
0.0170122
0.997792
0.0850686
1.0
0.0204223
0.0478184
0.884834
0.172879
0.99991
1.0
0.0203731
0.0350298
0.555761
0.219647
0.82201
1.0
0.0202247
0.135298
0.759194
0.186751
0.821187
1.0
0.0200112
0.0910144
0.610042
0.181998
0.74139
1.0
0.019902
0.00449196
0.914462
0.108501
1.00401
1.0
0.0197642
0.422518
0.0780593
0.521705
0.21402
1.0
0.0197151
0.122617
0.553258
0.208472
0.683953
1.0
0.0195778
0.0137304
0.750507
0.056884
0.807112
1.0
0.0195642
0.400844
0.176472
0.510527
0.334123
1.0
0.019481
0.937782
0.00399057
0.987828
0.0571782
1.0
0.0194643
0.133677
0.689192
0.589204
1.03704
1.0
0.0193844
0.439308
0.194474
0.487366
0.259361
1.0
0.0192792
0.717751
0.953073
0.760199
0.996305
1.0
0.0191578
0.00229181
0.580002
0.0382749
0.652498
1.0
0.0191575
0.41258
0.217166
0.461845
0.286324
1.0
0.0190535
0.454856
0.159586
0.555325
0.310381
1.0
0.0190232
0.531206
0.215325
0.62357
0.359298
1.0
0.018886
0.0344611
0.613124
0.127458
0.748014
1.0
0.0188775
0.0791626
0.809008
0.196243
0.949567
1.0
0.0188697
0.387392
0.24887
0.440742
0.327554
1.0
0.0186952
0.958781
0.749511
0.995749
0.819013
1.0
0.0185758
0.0735087
0.512529
0.165918
0.655861
1.0
0.0184434
0.0913889
0.648549
0.133527
0.710835
1.0
0.0184293
0.956143
0.112538
0.998936
0.190218
1.0
0.0182852
0.121829
0.554423
0.161888
0.618702
1.0
0.0182425
0.123739
0.588398
0.165222
0.651234
1.0
0.0182194
0.392313
0.191164
0.43884
0.258628
1.0
0.0181899
0.170518
0.610509
0.263858
0.753313
1.0
0.0181163
0.96398
0.950776
0.999311
0.998435
1.0
0.0180021
0.3909
0.0053969
0.433566
0.0517444
1.0
0.0179965
0.109933
0.779102
0.163327
0.839687
1.0
0.017968
0.960713
0.175444
1.00038
0.2526
1.0
0.0178059
0.324619
0.518129
0.440312
0.669706
1.0
0.0177697
0.440809
0.342176
0.552125
0.51448
1.0
0.0176654
0.511119
0.302393
0.555842
0.381757
1.0
0.0174598
0.518842
0.148507
0.561024
0.204913
1.0
0.0174546
0.114033
0.644983
0.158617
0.708772
1.0
0.0174282
0.112908
0.683529
0.159036
0.746159
1.0
0.0170065
0.335647
0.0757775
0.43375
0.223613
1.0
0.0168917
0.161529
0.757805
0.215199
0.825328
1.0
0.0168599
0.512716
0.00392572
0.56291
0.0564346
1.0
0.0168453
0.48886
0.221102
0.53543
0.287491
1.0
0.0167889
0.184899
0.779899
0.235211
0.847669
1.0
0.0167705
0.83467
0.132235
1.00599
0.486213
1.0
0.0167401
0.635644
0.799346
0.816813
1.02409
1.0
0.0166668
0.00132597
0.892268
0.0380275
0.949063
1.0
0.0165124
0.0967467
0.452249
0.18523
0.595448
1.0
0.0164633
0.407322
0.363338
0.468441
0.449477
1.0
0.0164605
-0.000958357
0.683104
0.0685433
0.792928
1.0
0.0163302
0.238776
0.0642174
0.336617
0.218745
1.0
0.0162777
0.116791
0.248089
0.157217
0.308577
1.0
0.016204
0.216696
0.64915
0.259503
0.709657
1.0
0.0161967
0.415978
0.00593207
0.460005
0.0532873
1.0
0.0161502
0.0664381
0.684831
0.108663
0.745002
1.0
0.0161161
0.166134
0.649913
0.206342
0.708588
1.0
0.0160977
0.0209941
0.714549
0.126667
0.834328
1.0
0.0160844
0.166817
0.688625
0.207902
0.746992
1.0
0.0160618
0.486353
0.00984836
0.5916
0.132177
1.0
0.0160322
0.217313
0.521993
0.263302
0.587368
1.0
0.0159895
0.56359
0.0730741
0.663067
0.218145
1.0
0.0159777
0.364004
0.00479249
0.40886
0.0541106
1.0
0.0159169
0.0891098
0.686693
0.133333
0.748119
1.0
0.0158874
0.120061
0.520463
0.158219
0.581449
1.0
0.0158774
0.118413
0.208778
0.215045
0.34767
1.0
0.0157624
0.00211251
0.682952
0.0363899
0.745018
1.0
0.0156568
0.242764
0.365241
0.442222
0.642939
1.0
0.0156343
0.20405
0.691535
0.300705
0.835781
1.0
0.0156063
0.260326
0.952787
0.304475
0.99803
1.0
0.0156023
0.73595
0.875973
0.836603
0.999413
1.0
0.0155815
0.817122
0.956464
0.859789
1.00006
1.0
0.0155596
0.851754
0.906235
0.939108
1.00725
1.0
0.0155071
0.272936
0.544598
0.385883
0.688148
1.0
0.0154409
0.189478
0.724105
0.235119
0.789117
1.0
0.0153836
0.213062
0.719807
0.260031
0.785251
1.0
0.015373
0.122604
0.0913751
0.21854
0.242811
1.0
0.0153422
0.038379
0.448794
0.131184
0.600127
1.0
0.015322
0.215476
0.686214
0.259299
0.748902
1.0
0.0153069
0.0675416
0.782373
0.11568
0.837023
1.0
0.0152419
0.923211
0.704724
1.00021
0.845568
1.0
0.0152418
0.5371
0.143785
0.625185
0.280646
1.0
0.0152272
0.318601
0.00418686
0.36313
0.0547969
1.0
0.0152015
0.869543
0.818829
0.997304
1.00665
1.0
0.0151006
0.0667522
0.350088
0.160667
0.49463
1.0
0.0150055
0.00151143
0.720113
0.037788
0.781034
1.0
0.0150014
0.0405395
0.756549
0.0881223
0.812638
1.0
0.0149918
0.038372
0.645012
0.0846029
0.711475
1.0
0.0149871
0.964624
0.58582
0.997478
0.644502
1.0
0.0149769
0.109346
0.725412
0.161062
0.789762
1.0
0.0148966
0.765035
0.957719
0.8089
1.00045
1.0
0.0148726
0.0660739
0.207464
0.158561
0.347611
1.0
0.0148434
0.135242
0.373338
0.327273
0.66201
1.0
0.0148253
0.2294
0.484626
0.328432
0.613665
1.0
0.0148223
0.207844
0.754516
0.25772
0.823962
1.0
0.0147784
0.549587
0.487518
0.654721
0.64027
1.0
0.0147013
0.668234
0.887595
0.762657
0.999464
1.0
0.0146891
0.507958
0.493464
0.70908
0.793189
1.0
0.0146483
0.166356
0.550962
0.206704
0.614776
1.0
0.014635
0.31861
0.954084
0.358469
0.997188
1.0
0.0146173
0.164677
0.724373
0.21094
0.787572
1.0
0.0145821
0.192976
0.650342
0.235211
0.709411
1.0
0.0145643
0.465785
0.0045992
0.511131
0.0521988
1.0
0.0145577
0.517626
0.190543
0.557817
0.248985
1.0
0.014555
0.782019
0.800533
0.880073
0.94803
1.0
0.014551
0.359036
0.131954
0.464114
0.292689
1.0
0.0145422
0.219462
0.95333
0.263284
0.997511
1.0
0.0145188
0.338983
0.214803
0.429895
0.367423
1.0
0.01451
0.653126
-0.00746934
0.86677
0.224116
1.0
0.0144894
0.057581
0.954849
0.110076
1.00133
1.0
0.0144434
0.565185
0.22025
0.606592
0.281236
1.0
0.0144063
0.118489
0.188359
0.156294
0.246804
1.0
0.01439
0.0654983
0.723983
0.114316
0.787421
1.0
0.0143453
0.1637
0.617618
0.204887
0.678055
1.0
0.0143122
0.835496
0.114955
0.945004
0.247523
1.0
0.0142673
0.96766
0.691454
0.999064
0.751186
1.0
0.014228
0.883454
0.0172045
0.941078
0.0902641
1.0
0.0142248
0.142768
0.557086
0.183894
0.621345
1.0
0.0142151
0.192817
0.690189
0.235401
0.750315
1.0
0.014208
0.897211
0.00554758
0.990117
0.116707
1.0
0.0141639
0.566058
0.150181
0.604882
0.205603
1.0
0.0141635
0.373434
0.471111
0.491623
0.626948
1.0
0.0141376
0.1395
0.658032
0.232766
0.800223
1.0
0.0141229
0.250918
0.0415672
0.450847
0.389841
1.0
0.0141057
0.139634
0.614781
0.182793
0.677152
1.0
0.0140933
0.371181
0.339872
0.419911
0.412534
1.0
0.0140415
0.143519
0.459916
0.237844
0.597603
1.0
0.0139965
0.562209
0.00337941
0.606233
0.0532418
1.0
0.0139657
0.16541
0.811421
0.216022
0.873417
1.0
0.0139526
0.140059
0.687996
0.184876
0.748474
1.0
0.0139397
0.035641
0.777514
0.15227
0.902142
1.0
0.0138897
0.265003
0.755816
0.306048
0.816028
1.0
0.0138678
0.888387
0.120858
0.940373
0.188531
1.0
0.0138582
0.268762
0.151181
0.305691
0.205595
1.0
0.0138458
0.00345641
0.521166
0.039796
0.592878
1.0
0.0138324
0.203975
0.910937
0.292282
1.00398
1.0
0.013789
0.165503
0.490385
0.205979
0.547286
1.0
0.013783
0.0941634
0.247983
0.133611
0.307979
1.0
0.0137673
0.238912
0.719485
0.282212
0.781612
1.0
0.0137667
0.0890632
0.277992
0.184656
0.431593
1.0
0.0137514
0.963966
0.814314
0.99907
0.881765
1.0
0.0137454
0.138099
0.725175
0.186109
0.787638
1.0
0.0137452
0.117218
0.284012
0.15712
0.343416
1.0
0.0137334
0.465993
0.00303885
0.658597
0.274086
1.0
0.0137255
0.959547
0.375039
0.998554
0.454936
1.0
0.0137005
0.0158785
0.788142
0.0577045
0.839192
1.0
0.0136642
0.112745
0.953964
0.161615
1.0008
1.0
0.0136642
0.16491
0.957829
0.209214
1.00063
1.0
0.0136512
0.46939
0.241616
0.565832
0.397598
1.0
0.0136455
0.866487
0.951909
0.910787
0.998542
1.0
0.0136393
0.66705
0.95699
0.707087
0.997783
1.0
0.0136329
0.618013
0.0571582
0.72128
0.213078
1.0
0.0135769
0.797377
0.907938
0.883874
1.0088
1.0
0.0135468
0.00184507
0.859912
0.0358708
0.912188
1.0
0.0134878
0.694165
0.957196
0.73764
0.999661
1.0
0.013423
0.467988
0.115072
0.513362
0.176605
1.0
0.0133256
0.2666
0.716868
0.3589
0.857367
1.0
0.0133147
0.0930207
0.45272
0.135355
0.516962
1.0
0.0133141
0.131816
0.876444
0.244985
0.997212
1.0
0.013308
0.536067
0.0195027
0.585048
0.0887555
1.0
0.0132689
0.0117846
0.198301
0.100734
0.347117
1.0
0.0132688
0.584394
0.210942
0.680284
0.354149
1.0
0.0132663
0.00271126
0.185072
0.0370741
0.253662
1.0
0.0132026
0.273758
0.210111
0.361982
0.343989
1.0
0.0131959
0.324345
0.188222
0.357934
0.240719
1.0
0.0131696
0.219338
0.211543
0.312458
0.340291
1.0
0.0131539
0.716845
0.775319
0.765732
0.845322
1.0
0.0131479
0.264964
0.72022
0.306223
0.781168
1.0
0.0131402
0.0937153
0.386318
0.135749
0.449307
1.0
0.0131103
0.194337
0.52505
0.238051
0.584856
1.0
0.0130954
0.484183
0.376037
0.537862
0.452073
1.0
0.0130862
0.119249
0.487764
0.158267
0.547146
1.0
0.0130537
0.146262
0.52105
0.185732
0.57929
1.0
0.0130389
0.0942349
0.589712
0.135558
0.649902
1.0
0.0130377
0.966114
0.520708
0.997972
0.579964
1.0
0.0130088
0.915319
0.546843
0.991469
0.67814
1.0
0.0129172
0.790616
0.958297
0.834465
1.00115
1.0
0.0128268
0.112003
0.814849
0.163339
0.878588
1.0
0.0128118
0.338807
0.0194318
0.386739
0.0863461
1.0
0.0127775
0.441676
0.00573906
0.485751
0.05263
1.0
0.0127769
0.0944076
0.552567
0.136412
0.61603
1.0
0.0127627
0.411581
0.478714
0.463253
0.550028
1.0
0.0127595
0.344181
0.157239
0.382199
0.211427
1.0
0.0127589
0.0666926
0.58773
0.104357
0.647425
1.0
0.0127444
0.616768
0.119142
0.658377
0.180476
1.0
0.0127241
0.167894
0.25166
0.208904
0.307853
1.0
0.0126847
0.591878
0.00263814
0.633183
0.0503859
1.0
0.0126528
0.0131849
0.822402
0.0551848
0.87519
1.0
0.0126289
0.909322
0.00250607
0.960531
0.0558452
1.0
0.0125782
0.465719
0.153385
0.509184
0.212068
1.0
0.0125407
0.929325
0.202013
1.00417
0.35915
1.0
0.0125372
0.565273
0.186151
0.603783
0.244924
1.0
0.0125258
0.202231
0.565839
0.300314
0.708179
1.0
0.0125007
0.390778
0.15631
0.434331
0.214861
1.0
0.0124984
0.03853
0.724071
0.0865253
0.783338
1.0
0.0124814
0.539221
0.11973
0.583081
0.184124
1.0
0.0124757
0.00146426
0.244533
0.0355005
0.312623
1.0
0.0124723
0.239145
0.756002
0.283264
0.819167
1.0
0.0124377
0.369398
0.192119
0.41064
0.255057
1.0
0.0124264
0.909815
0.173461
0.962571
0.250003
1.0
0.0124245
0.617863
0.951385
0.657945
0.99458
1.0
0.0124241
0.776935
0.741617
0.834275
0.819529
1.0
0.0124123
0.31785
0.724734
0.356344
0.781473
1.0
0.0123987
0.038313
0.684263
0.0833885
0.745667
1.0
0.0123819
0.81252
0.205375
0.911346
0.342334
1.0
0.0123772
0.0931339
0.19937
0.468706
0.748754
1.0
0.012298
0.387088
0.514907
0.439303
0.587174
1.0
0.012295
0.316183
0.551362
0.36652
0.622706
1.0
0.0122919
0.00246731
0.139578
0.0739176
0.286309
1.0
0.0122838
0.0108907
0.486333
0.0545584
0.559911
1.0
0.0122807
0.237819
0.615614
0.334629
0.754536
1.0
0.0122522
0.967962
0.65479
0.999591
0.714711
1.0
0.0122503
0.914534
0.952234
0.959426
0.999739
1.0
0.0122445
0.60633
0.877479
0.700466
0.996371
1.0
0.0122389
0.56377
0.667653
0.676528
0.829412
1.0
0.0122338
0.541323
0.187853
0.579606
0.244511
1.0
0.0122271
0.960201
0.316996
0.999494
0.395982
1.0
0.0121891
0.968062
0.620081
0.998846
0.675506
1.0
0.0121588
0.0947696
0.18992
0.13174
0.246519
1.0
0.0121498
0.00929925
0.0137321
0.0874357
0.138775
1.0
0.012103
0.00109051
0.834129
0.0950059
0.95106
1.0
0.0120942
0.862773
0.123359
0.910891
0.18222
1.0
0.012081
0.889719
0.950297
0.936113
0.999101
1.0
0.0120572
0.512359
0.160138
0.709726
0.460328
1.0
0.0120243
0.0387897
0.204234
0.231848
0.530252
1.0
0.0120201
0.116698
0.320307
0.156814
0.380567
1.0
0.0119801
0.346325
0.190002
0.382515
0.244672
1.0
0.0119522
0.290718
0.108954
0.38773
0.25316
1.0
0.0119202
0.292797
0.125628
0.32997
0.18162
1.0
0.0119148
0.0952439
0.517238
0.135132
0.579647
1.0
0.011904
0.0375655
0.581175
0.0780739
0.643785
1.0
0.0118948
0.113065
0.854163
0.163426
0.915817
1.0
0.0118628
0.640778
0.953904
0.681866
0.996907
1.0
0.0118359
0.434235
0.538073
0.536024
0.681059
1.0
0.0118164
0.194981
0.763643
0.303874
0.918535
1.0
0.0118114
0.373655
0.5592
0.487561
0.715231
1.0
0.0118009
0.865063
0.188811
0.968644
0.354962
1.0
0.0117922
0.215692
0.579086
0.262529
0.650905
1.0
0.0117797
0.322359
0.155963
0.35746
0.207481
1.0
0.0117636
0.171846
0.149382
0.210569
0.207622
1.0
0.0117552
0.841102
0.955202
0.884782
1.00004
1.0
0.0117493
0.332826
0.299003
0.435279
0.458862
1.0
0.0117263
0.295326
0.00417847
0.337248
0.0514871
1.0
0.0116863
0.838191
0.121078
0.883903
0.177204
1.0
0.0116516
0.36757
0.414613
0.414922
0.480899
1.0
0.0116459
0.628047
0.540632
0.724341
0.677475
1.0
0.0116411
0.00121634
0.387364
0.0326907
0.448207
1.0
0.0116136
0.321118
0.124471
0.357956
0.18012
1.0
0.0115856
0.343704
0.124895
0.383584
0.181881
1.0
0.0115792
0.616723
0.00300888
0.659533
0.0524311
1.0
0.011572
-0.00325102
0.760299
0.069154
0.860393
1.0
0.0115429
0.760618
0.694705
0.872753
0.835648
1.0
0.011483
0.389234
0.443791
0.440091
0.516507
1.0
0.0114721
0.441893
0.158668
0.48463
0.214396
1.0
0.0114678
0.123463
0.132636
0.343479
0.487581
1.0
0.0113579
0.116609
0.354147
0.157304
0.416568
1.0
0.0113519
0.220665
0.251495
0.258127
0.304381
1.0
0.0113318
0.782255
0.0681611
0.891643
0.206584
1.0
0.0112879
0.233454
0.545694
0.281861
0.619062
1.0
0.0112746
0.413147
0.578046
0.459825
0.644558
1.0
0.011272
0.368496
0.125143
0.408802
0.182061
1.0
0.0112572
0.11677
0.346947
0.21375
0.496216
1.0
0.0112571
0.842154
0.745031
0.942478
0.893629
1.0
0.011252
0.00231197
0.419886
0.0814301
0.57305
1.0
0.0112468
0.434786
0.548156
0.488159
0.62204
1.0
0.0112463
0.271097
0.184723
0.304443
0.236055
1.0
0.0112239
0.763376
0.154345
0.865624
0.281286
1.0
0.0112166
0.141765
0.249585
0.183982
0.307253
1.0
0.0112054
0.261937
0.513785
0.305169
0.57664
1.0
0.0111952
0.963898
0.244185
1.00178
0.319264
1.0
0.0111824
0.269052
0.655438
0.309656
0.714211
1.0
0.0111783
0.839159
0.00407004
0.888516
0.0513816
1.0
0.0111732
0.194093
0.251897
0.231893
0.304035
1.0
0.0111656
0.443262
0.119401
0.486503
0.177277
1.0
0.0111625
0.492082
0.0175258
0.540235
0.0814271
1.0
0.0111519
0.068785
0.187402
0.104872
0.246897
1.0
0.0111324
0.0608884
0.553127
0.100781
0.614694
1.0
0.0111042
0.194307
0.957959
0.23743
1.00053
1.0
0.0111021
0.429935
0.308876
0.490947
0.394775
1.0
0.011091
0.165566
0.172564
0.261484
0.315914
1.0
0.0110716
0.812616
0.821847
0.859753
0.88641
1.0
0.0110642
0.24641
0.123937
0.284951
0.183274
1.0
0.0110516
0.592496
0.122244
0.633062
0.181441
1.0
0.0110431
0.665537
0.758852
0.775495
0.910693
1.0
0.0110112
0.00972584
0.21118
0.0526632
0.282158
1.0
0.0109913
0.389345
0.126142
0.431816
0.184144
1.0
0.0109761
0.0647933
0.816917
0.112121
0.873779
1.0
0.0109661
0.267289
0.688436
0.308321
0.747652
1.0
0.0109563
0.290113
0.654834
0.33381
0.716431
1.0
0.0109409
0.914708
0.614362
0.996919
0.770369
1.0
0.0109353
0.221291
0.184867
0.256065
0.237717
1.0
0.0109313
0.347926
0.31753
0.389643
0.378478
1.0
0.0109125
0.427065
0.0706291
0.825205
0.631866
1.0
0.010894
0.0952035
0.318745
0.134276
0.379024
1.0
0.0108856
0.667282
0.00468184
0.711113
0.0535919
1.0
0.0108519
0.693179
0.720161
0.744315
0.788476
1.0
0.0108444
0.295739
0.72038
0.33654
0.778761
1.0
0.0108441
0.364972
0.372909
0.478848
0.546549
1.0
0.0108365
0.346551
0.351379
0.390348
0.414815
1.0
0.0108114
0.262483
0.583126
0.305179
0.645303
1.0
0.0107769
0.265563
0.908584
0.35727
1.00661
1.0
0.0107411
0.193639
0.182181
0.228803
0.234077
1.0
0.0107308
0.433851
0.40262
0.491518
0.482782
1.0
0.010721
0.529781
0.281077
0.575963
0.345344
1.0
0.0107088
0.0340377
0.266908
0.134311
0.423694
1.0
0.0107042
0.116379
0.4175
0.15848
0.480504
1.0
0.0106946
0.592899
0.247631
0.63241
0.306495
1.0
0.0106888
0.764725
0.123623
0.806471
0.176901
1.0
0.0106824
0.293719
0.583077
0.339627
0.646186
1.0
0.0106547
0.658241
0.579937
0.758869
0.731806
1.0
0.0106499
0.170483
0.181388
0.208559
0.236463
1.0
0.0106426
0.615295
0.654848
0.657758
0.71555
1.0
0.0106062
0.269828
0.316557
0.364458
0.461489
1.0
0.0105906
0.236272
0.544183
0.440094
0.854307
1.0
0.0105878
0.243236
0.251026
0.280259
0.303488
1.0
0.0105584
0.490359
0.148655
0.536045
0.208473
1.0
0.0105531
0.669813
0.11851
0.71046
0.178487
1.0
0.0105483
0.466199
0.0575741
0.506811
0.111513
1.0
0.010544
0.53857
0.221822
0.579752
0.28167
1.0
0.0105171
0.764926
0.00382762
0.814523
0.0522759
1.0
0.010506
0.00184496
0.452839
0.0335642
0.516578
1.0
0.0104988
0.0862275
0.918955
0.142083
0.986085
1.0
0.0104984
0.0951949
0.285408
0.134335
0.344878
1.0
0.0104979
0.965783
0.451678
0.998787
0.51626
1.0
0.010484
0.296154
0.756814
0.336337
0.813712
1.0
0.0104692
0.0745655
0.106616
0.164043
0.25234
1.0
0.0104533
0.0136693
0.418715
0.0520744
0.479678
1.0
0.0104525
0.359231
0.574995
0.413084
0.650805
1.0
0.0104272
0.791466
0.122274
0.835065
0.176136
1.0
0.0104249
0.938572
0.923779
0.988337
0.988529
1.0
0.0104078
0.35053
0.28468
0.38974
0.345489
1.0
0.0103703
0.141893
0.18697
0.17991
0.241268
1.0
0.0103437
0.825712
-0.00260413
0.94576
0.114361
1.0
0.0103302
0.741179
0.12379
0.783671
0.177944
1.0
0.0103184
0.893009
0.320239
0.938421
0.388956
1.0
0.0103159
0.211755
0.813195
0.255177
0.86992
1.0
0.010308
0.0677236
0.451189
0.108802
0.514384
1.0
0.0102737
0.642852
0.00472515
0.685192
0.0523015
1.0
0.0102525
0.457295
0.279803
0.512758
0.359055
1.0
0.0101804
0.340225
0.51764
0.39283
0.589799
1.0
0.0101776
0.234001
0.615919
0.279407
0.679876
1.0
0.010157
0.810683
0.750071
0.857262
0.815911
1.0
0.0100511
0.244487
0.184046
0.280525
0.237536
1.0
0.010051
0.0667207
0.487512
0.106247
0.550598
1.0
0.0100393
0.474043
0.596348
0.570484
0.738843
1.0
0.0100388
0.815789
0.188272
0.85891
0.242625
1.0
0.0100098
0.920889
0.750188
0.962474
0.812388
