1.0
0.953137
0.332554
0.291287
0.55464
0.664839
1.0
0.0490685
0.000818387
0.74863
0.25839
0.999047
1.0
0.0308441
0.0471864
0.599237
0.419504
1.07896
1.0
0.0284056
0.382276
0.249039
0.521769
0.435855
1.0
0.0268053
0.011849
0.944826
0.0621014
0.994971
1.0
0.0264223
0.75424
0.734965
0.999489
1.01572
1.0
0.0257476
0.158404
0.58121
0.264169
0.715957
1.0
0.0256111
0.82167
0.879242
0.862295
0.945808
1.0
0.0254829
0.0243774
0.698521
0.110994
0.837211
1.0
0.0253004
0.0710956
0.592226
0.166669
0.721658
1.0
0.0244472
0.540637
0.378554
0.582906
0.45118
1.0
0.0234324
0.906411
0.899907
0.993591
0.996733
1.0
0.0233449
0.24428
0.676557
0.697042
1.01318
1.0
0.022964
0.962347
0.947997
0.999517
0.998498
1.0
0.0218676
0.110062
0.61345
0.215968
0.749149
1.0
0.0213652
0.0851963
0.680985
0.186917
0.823705
1.0
0.0209933
0.833789
0.915582
0.880253
0.979749
1.0
0.0207559
0.0599707
0.717112
0.103598
0.783279
1.0
0.0207164
0.0825788
0.43497
0.271738
0.719342
1.0
0.0201336
0.29322
0.279994
0.421833
0.455163
1.0
0.0199526
0.503215
0.345079
0.595091
0.509866
1.0
0.019899
0.0611279
0.956422
0.106758
0.997895
1.0
0.0193967
0.798224
0.826344
0.885143
0.960192
1.0
0.018975
0.00253466
0.0220974
0.0785157
0.136473
1.0
0.0189579
0.861564
0.917888
0.911864
0.984669
1.0
0.0188737
0.114361
0.617958
0.161134
0.685218
1.0
0.0186567
0.345056
0.427929
0.465793
0.623856
1.0
0.0185856
0.070603
0.622324
0.110419
0.685184
1.0
0.0184511
0.114305
0.742514
0.208581
0.876292
1.0
0.0183442
0.863599
0.0955308
1.00431
0.37748
1.0
0.0182095
0.961141
0.248984
0.999175
0.322621
1.0
0.0180879
0.00346489
0.250199
0.0357717
0.312307
1.0
0.0180062
0.191415
0.584206
0.241351
0.650365
1.0
0.0179647
0.00751464
0.633372
0.0848814
0.772734
1.0
0.017814
0.0595526
0.780401
0.163833
0.921405
1.0
0.0177148
0.961969
0.882592
0.998386
0.94906
1.0
0.017683
0.0020237
0.713866
0.0393522
0.785242
1.0
0.017555
0.31741
0.410394
0.365243
0.475677
1.0
0.0173481
0.919919
0.238248
0.999144
0.378198
1.0
0.0172163
0.0127364
0.739299
0.0615302
0.813814
1.0
0.0171527
0.525103
0.414788
0.925349
1.02165
1.0
0.0171074
0.965884
0.818878
0.999047
0.88291
1.0
0.0169646
0.679865
0.046207
1.00473
0.742516
1.0
0.0169211
0.111146
0.527325
0.214403
0.671531
1.0
0.0168761
0.77155
0.209329
0.870602
0.339628
1.0
0.0168687
0.767782
0.959665
0.808786
1.00182
1.0
0.0167544
0.818276
0.947385
0.861357
0.997103
1.0
0.0167312
0.531339
0.0429399
0.637512
0.2072
1.0
0.0166711
0.712704
0.95416
0.757488
0.999165
1.0
0.0163442
0.656179
0.100249
0.778293
0.258972
1.0
0.016313
0.656396
0.0137699
0.904953
0.313143
1.0
0.0163047
0.211564
0.610617
0.26008
0.681402
1.0
0.0162089
0.116972
0.958892
0.160454
0.998786
1.0
0.0161124
0.165057
0.588464
0.214274
0.65144
1.0
0.0160336
0.1384
0.592276
0.186004
0.654639
1.0
0.0158982
0.963847
0.185523
0.999213
0.252827
1.0
0.0158226
0.963778
0.11585
0.998194
0.18235
1.0
0.0157517
0.841144
0.871181
0.941163
0.991971
1.0
0.0157483
0.0454637
0.889684
0.161499
0.999443
1.0
0.0157481
0.0016805
0.892342
0.0353616
0.949022
1.0
0.0155815
0.664315
0.953992
0.712035
0.999472
1.0
0.0155706
-0.000757478
0.210022
0.0571617
0.328932
1.0
0.0154894
0.00494468
0.897803
0.091678
0.995046
1.0
0.0154731
0.665311
0.686567
0.874992
0.968272
1.0
0.0154369
0.203123
0.610097
0.302668
0.748731
1.0
0.015346
0.923444
0.391501
0.996495
0.578903
1.0
0.0153187
0.088912
0.644513
0.135433
0.710047
1.0
0.0151906
0.00102564
0.651944
0.036753
0.721347
1.0
0.0151582
0.163951
0.784267
0.259099
0.918639
1.0
0.015135
0.159605
0.677027
0.258984
0.824237
1.0
0.0150094
0.403394
0.0656883
0.623342
0.422155
1.0
0.0150007
0.667406
0.915105
0.759222
1.00682
1.0
0.0148659
0.707047
0.876817
0.811492
1.0006
1.0
0.0148226
0.738522
0.00368207
0.784183
0.0528144
1.0
0.0148024
0.133239
0.645231
0.184267
0.71214
1.0
0.0147686
0.163666
0.95837
0.207215
0.999859
1.0
0.0146657
0.573795
0.809577
0.769298
1.02733
1.0
0.0145226
0.00212268
0.784667
0.0366093
0.845295
1.0
0.0145088
0.0918183
0.555937
0.131914
0.611101
1.0
0.0144983
0.916424
0.248802
0.962572
0.318558
1.0
0.0143488
0.69123
0.00373751
0.736334
0.052421
1.0
0.0142636
0.0882782
0.96
0.133665
1.00043
1.0
0.0142278
0.00303203
0.764669
0.0848374
0.902271
1.0
0.0142217
0.502119
0.861187
0.61918
0.992073
1.0
0.0142028
0.00259015
0.188014
0.0351443
0.249753
1.0
0.0142015
0.961908
0.30922
0.998745
0.383669
1.0
0.0140549
0.363223
0.47701
0.419542
0.559429
1.0
0.0139975
0.91149
0.94757
0.960938
1.00048
1.0
0.0139945
0.0913379
0.591361
0.132738
0.652532
1.0
0.0139939
0.794295
0.953715
0.837442
1.00107
1.0
0.0138958
0.618207
0.1457
0.725043
0.284971
1.0
0.0138873
0.124836
0.567197
0.319795
0.851781
1.0
0.0138834
0.113529
0.556538
0.154298
0.613429
1.0
0.0137636
0.532375
0.293519
0.626977
0.454642
1.0
0.013698
0.738423
0.956246
0.783762
1.0014
1.0
0.0136787
0.0652495
0.781075
0.10798
0.838223
1.0
0.0136517
0.0115142
0.816126
0.0551224
0.875434
1.0
0.013645
0.086422
0.0991707
0.189416
0.262447
1.0
0.0135487
0.863849
0.120413
0.904965
0.182083
1.0
0.0135153
0.695654
0.0149484
0.793329
0.128617
1.0
0.0135125
0.111676
0.811012
0.211049
0.953224
1.0
0.0135117
0.778171
0.900847
0.86453
1.00633
1.0
0.0135032
0.244973
0.683936
0.355068
0.83958
1.0
0.0135026
0.118605
0.787202
0.158968
0.838312
1.0
0.0133323
0.134151
0.880917
0.230757
0.995597
1.0
0.0132603
0.00189898
0.855938
0.0341078
0.910771
1.0
0.0131851
0.436916
0.251429
0.488812
0.324615
1.0
0.0131809
0.460203
0.3141
0.512946
0.389268
1.0
0.0131753
0.053246
0.521494
0.1428
0.661975
1.0
0.0131459
0.515937
0.817093
0.563136
0.882181
1.0
0.0131276
0.932669
0.158274
1.00237
0.292796
1.0
0.0130502
0.194499
0.874399
0.295974
0.994345
1.0
0.012988
0.387842
0.281074
0.439992
0.35621
1.0
0.0129677
0.217688
0.95255
0.262162
0.997277
1.0
0.012959
0.588183
0.00327684
0.634788
0.0572284
1.0
0.0129531
0.639761
0.00135899
0.683853
0.0519255
1.0
0.0129531
0.190259
0.646206
0.239502
0.713938
1.0
0.0128791
0.29975
0.392096
0.410064
0.55373
1.0
0.0127828
0.0652815
0.199961
0.167662
0.345176
1.0
0.0127741
0.657418
0.192443
0.765239
0.333339
1.0
0.0127734
0.465485
0.0980431
0.572497
0.242088
1.0
0.0127618
0.118029
0.722299
0.161196
0.783375
1.0
0.0126928
0.138112
0.754057
0.184876
0.81687
1.0
0.0126583
0.728753
0.750321
0.835739
0.904858
1.0
0.0126161
0.503247
-0.00600888
0.731363
0.277396
1.0
0.0125429
0.480317
0.790704
0.584081
0.921784
1.0
0.0123453
0.715369
0.20055
0.819944
0.335311
1.0
0.012325
0.818417
0.253472
0.857941
0.309162
1.0
0.0122863
0.139709
0.956608
0.184718
0.998845
1.0
0.0122589
0.0933945
0.789639
0.131776
0.838074
1.0
0.0122473
0.64923
0.675809
0.759438
0.838585
1.0
0.0122416
0.83818
0.199837
0.938578
0.345254
1.0
0.0122392
0.815361
0.825911
0.861423
0.89297
1.0
0.0122387
0.299015
0.49003
0.406698
0.65358
1.0
0.0122275
0.582962
0.357473
0.688405
0.53461
1.0
0.0122115
0.00237628
0.319564
0.033112
0.378854
1.0
0.0121503
0.0105036
0.623135
0.0497586
0.686284
1.0
0.0121251
0.942555
0.145697
0.988777
0.214152
1.0
0.0121171
0.116153
0.82374
0.158114
0.876043
1.0
0.0121056
0.785914
0.0883218
0.896856
0.248162
1.0
0.012076
0.0849678
0.722468
0.128368
0.782717
1.0
0.0120392
0.6659
0.000751903
0.710222
0.0513149
1.0
0.012037
0.487075
0.349238
0.537255
0.421855
1.0
0.0119852
0.567062
0.207743
0.667724
0.345554
1.0
0.0119747
0.893647
0.251943
0.935801
0.314924
1.0
0.0119518
0.363542
0.246542
0.417848
0.326807
1.0
0.011911
0.865023
0.182791
0.906849
0.244671
1.0
0.0118983
0.362912
0.535441
0.419388
0.619127
1.0
0.0118018
0.228572
-0.016829
0.430544
0.257609
1.0
0.0118014
0.00160587
0.585531
0.0343544
0.649139
1.0
0.0117953
0.467913
0.254776
0.578198
0.415004
1.0
0.0117607
0.269379
0.217077
0.380747
0.363322
1.0
0.0117472
0.135276
0.682264
0.184023
0.749278
1.0
0.0117146
0.614155
0.240359
0.714384
0.387554
1.0
0.0116189
0.866842
0.253788
0.907482
0.313542
1.0
0.0116136
0.316333
0.513172
0.363897
0.581506
1.0
0.0115412
0.288496
0.115079
0.499677
0.483981
1.0
0.0115323
0.483108
0.283805
0.534322
0.355665
1.0
0.0114951
0.205958
0.526959
0.302161
0.665159
1.0
0.0114794
0.71295
0.113021
0.760187
0.178627
1.0
0.0114742
0.916764
0.118972
0.956865
0.178744
1.0
0.011473
0.563461
0.626718
0.778727
0.933381
1.0
0.0114619
0.511155
0.94828
0.557475
0.997006
1.0
0.011435
0.166769
0.785871
0.20802
0.838031
1.0
0.0114246
0.962545
0.646632
0.996953
0.715465
1.0
0.0114046
0.21415
0.561658
0.257128
0.621922
1.0
0.0113918
0.233001
0.584162
0.280735
0.652918
1.0
0.01134
0.89026
0.120276
0.931624
0.180986
1.0
0.0113275
0.202299
0.411682
0.3937
0.695438
1.0
0.0113267
0.510098
0.215371
0.612676
0.361109
1.0
0.0112983
0.00522234
0.549889
0.0818349
0.696957
1.0
0.01129
0.615808
0.184696
0.664766
0.253956
1.0
0.0112857
0.963941
0.41274
0.99906
0.488485
1.0
0.0112852
0.936858
0.309366
1.00373
0.460081
1.0
0.0112694
0.96684
0.713583
0.999552
0.778627
1.0
0.0112499
0.841463
0.253456
0.881025
0.309946
1.0
0.0112188
-0.00058312
0.134913
0.0630408
0.268318
1.0
0.0112139
0.96844
0.752151
0.999877
0.816869
1.0
0.011185
0.918081
0.18683
0.959659
0.249747
1.0
0.0111824
0.264712
0.581209
0.36896
0.731783
1.0
0.0111316
0.814672
0.00461372
0.858666
0.0504635
1.0
0.0111219
0.926695
0.832114
1.00306
0.956812
1.0
0.0110809
0.411152
0.320348
0.461938
0.39235
1.0
0.0110767
0.614686
0.954356
0.661844
0.999331
1.0
0.0110758
0.204928
0.0862176
0.315673
0.254384
1.0
0.0110567
0.889137
0.186421
0.929984
0.247844
1.0
0.0109888
0.0907516
0.249742
0.132822
0.308881
1.0
0.0109658
0.0872853
0.683777
0.131254
0.747414
1.0
0.0109613
0.789102
0.182435
0.832748
0.240747
1.0
0.0109317
0.273607
0.502275
0.50307
0.824634
1.0
0.0109312
0.0103597
0.278749
0.0505257
0.343532
1.0
0.0109264
0.00176555
0.519359
0.0337971
0.581502
1.0
0.010893
0.858297
0.854735
0.904528
0.920669
1.0
0.0108665
0.557989
0.358911
0.599827
0.423689
1.0
0.0108222
0.383947
0.499213
0.441769
0.586167
1.0
0.0107976
0.794522
0.254171
0.834648
0.309595
1.0
0.010748
0.606913
0.885889
0.715769
1.00041
1.0
0.0107337
0.540394
0.329638
0.582733
0.397766
1.0
0.0107239
0.00252594
0.117267
0.0383709
0.18056
1.0
0.0107063
0.139688
0.55846
0.184429
0.617573
1.0
0.0106888
0.611447
0.114239
0.656782
0.180245
1.0
0.0106625
0.0918104
0.824632
0.133841
0.8764
1.0
0.0106547
0.217013
0.72173
0.258979
0.78081
1.0
0.0106409
0.217191
0.82216
0.257106
0.875993
1.0
0.0106362
0.190943
0.790529
0.230023
0.843046
1.0
0.0106221
0.869631
0.58195
1.00808
0.918192
1.0
0.0105941
0.315375
0.564304
0.427369
0.72658
1.0
0.0105826
0.937221
0.757659
1.00547
0.893287
1.0
0.0105732
0.3142
0.282823
0.365644
0.355175
1.0
0.01054
0.0882809
0.04722
0.292774
0.386288
1.0
0.0105348
0.789476
0.0035
0.833236
0.0498217
1.0
0.0105344
0.337585
0.160238
0.444604
0.311477
1.0
0.0104911
0.52835
0.412768
0.621662
0.590697
1.0
0.0104883
0.664344
0.114391
0.713002
0.183785
1.0
0.0104819
0.566224
0.955225
0.610607
1.00001
1.0
0.0104746
0.164095
0.21163
0.263869
0.346223
1.0
0.0104597
0.217854
0.791536
0.255816
0.845673
1.0
0.0104104
0.410633
0.219089
0.459959
0.286431
1.0
0.0103931
0.565339
0.184741
0.607178
0.246549
1.0
0.0103916
0.340773
0.505303
0.394439
0.581793
1.0
0.0103888
0.89059
0.886513
0.939389
0.954789
1.0
0.0103552
0.768237
0.851532
0.8099
0.91162
1.0
0.0103441
0.868015
0.286119
0.908171
0.345141
1.0
0.010308
0.564335
0.9094
0.662188
1.00716
1.0
0.0102667
0.585107
0.107794
0.6335
0.179574
1.0
0.0102476
0.498481
0.53361
0.601543
0.705015
1.0
0.010227
0.00158355
0.451594
0.0340651
0.514817
1.0
0.0102144
0.0672817
0.444982
0.159886
0.599376
1.0
0.0101962
0.192304
0.682562
0.238503
0.74843
1.0
0.0101934
0.466453
0.119931
0.508919
0.181742
1.0
0.0101661
0.517543
0.125114
0.617391
0.273148
1.0
0.0101156
0.591227
0.187191
0.635109
0.248984
1.0
0.0100971
0.539848
0.00331711
0.586082
0.0544226
1.0
0.0100969
0.0108362
0.552579
0.0483098
0.613709
1.0
0.0100824
0.308211
0.656238
0.426993
0.819554
1.0
0.0100309
0.191213
0.76839
0.404724
1.01788
1.0
0.0100119
0.418974
0.878556
0.521348
0.993433
1.0
0.0100067
0.817936
0.117447
0.861342
0.179013
