1.0
0.983789
0.524882
0.292811
0.75097
0.627037
1.0
0.0955144
0.043674
0.607826
0.372139
1.07914
1.0
0.0411061
0.632715
0.251004
0.744071
0.407879
1.0
0.030919
0.632103
0.345358
0.756695
0.538151
1.0
0.0285469
0.123609
0.588948
0.245321
0.748037
1.0
0.0285191
0.244726
0.651135
0.711594
1.01839
1.0
0.0284969
0.816814
0.873346
0.861346
0.94757
1.0
0.0278919
0.409166
0.357415
0.77884
0.902978
1.0
0.0276421
0.683004
0.378284
0.741211
0.460673
1.0
0.0273949
0.665141
0.276502
0.720349
0.356862
1.0
0.0267552
0.0238148
0.70757
0.116356
0.836066
1.0
0.0267192
0.0727814
0.584679
0.177236
0.726816
1.0
0.0253144
0.751953
0.738974
0.994411
1.01764
1.0
0.0243912
0.938264
0.944658
0.987154
0.998028
1.0
0.0241191
0.0123206
0.945202
0.0631149
0.995687
1.0
0.022921
0.0573947
0.715553
0.107454
0.785474
1.0
0.022086
0.110753
0.616288
0.1636
0.692122
1.0
0.0212132
0.0322145
0.669172
0.217749
0.932075
1.0
0.0205618
0.684335
0.301729
0.738271
0.37938
1.0
0.0202879
0.959553
0.919402
0.998289
0.987298
1.0
0.019935
0.862209
0.949413
0.907193
0.998163
1.0
0.0197824
0.0589581
0.954316
0.107843
0.998491
1.0
0.0195808
0.161637
0.584961
0.216417
0.656754
1.0
0.0194451
0.907856
0.885403
0.993554
0.992519
1.0
0.0193533
0.0124145
0.230775
0.277128
0.755875
1.0
0.0191308
0.930209
0.252355
0.997331
0.379245
1.0
0.0190973
0.637697
0.314773
0.691064
0.389491
1.0
0.0189545
0.501622
0.579212
0.640126
0.762538
1.0
0.0185772
0.616773
0.278977
0.663413
0.349753
1.0
0.0184149
0.588435
0.151621
0.773832
0.473201
1.0
0.0182274
0.965659
0.816805
0.998661
0.881324
1.0
0.018226
0.565412
0.255087
0.6877
0.439314
1.0
0.0178921
0.159508
0.954158
0.207817
0.999536
1.0
0.0177496
0.194228
0.58648
0.295456
0.726926
1.0
0.0177103
0.246193
0.683082
0.348261
0.831893
1.0
0.0173967
0.564897
0.947028
0.609022
0.993992
1.0
0.017318
0.0124143
0.743356
0.0646458
0.816574
1.0
0.0172016
0.652806
0.677696
0.867406
0.971587
1.0
0.0170765
0.0696615
0.618405
0.112954
0.683518
1.0
0.0170301
0.963359
0.884207
0.997975
0.949256
1.0
0.0168994
0.115388
0.956838
0.161619
0.998769
1.0
0.0164969
0.613374
0.321814
0.662141
0.391255
1.0
0.0163263
0.389022
0.0944518
0.494963
0.25087
1.0
0.016238
0.929277
0.400455
1.00015
0.576001
1.0
0.0161694
0.864351
0.0974242
1.00491
0.385756
1.0
0.0160883
0.68207
0.433453
0.739208
0.518552
1.0
0.0160722
0.209392
0.0975848
0.309597
0.248871
1.0
0.0160155
0.642607
0.383845
0.691811
0.453012
1.0
0.0158558
0.0274377
0.61887
0.12533
0.765034
1.0
0.0157664
0.564267
0.281151
0.607835
0.346653
1.0
0.0157409
0.0891996
0.554119
0.132669
0.613035
1.0
0.0157117
0.66558
0.0027495
0.708329
0.0498909
1.0
0.0157022
0.765942
0.956564
0.808405
1.00216
1.0
0.0156745
0.689973
0.292866
0.894276
0.595093
1.0
0.0155817
0.0908408
0.642932
0.140375
0.713249
1.0
0.0155605
0.834192
0.915882
0.881355
0.980874
1.0
0.0155182
0.888661
0.920971
0.940226
0.987728
1.0
0.0154299
0.784864
0.828426
0.874061
0.962861
1.0
0.0153626
-0.00135604
0.662831
0.068195
0.774962
1.0
0.0152944
0.0887677
0.587105
0.13533
0.655229
1.0
0.0152387
0.913526
0.947831
0.960068
0.998388
1.0
0.015194
0.637733
0.252162
0.688457
0.327321
1.0
0.015163
0.00113177
0.719532
0.03777
0.784455
1.0
0.0151215
0.264357
0.618401
0.30786
0.684655
1.0
0.0150015
0.0437446
0.898596
0.162598
1.00265
1.0
0.0149436
0.638251
0.159391
0.740807
0.300343
1.0
0.0149362
0.267559
0.716318
0.312293
0.782039
1.0
0.0148617
0.209521
0.587043
0.25871
0.658343
1.0
0.0148253
0.129083
0.891936
0.229655
0.99786
1.0
0.0147895
0.576282
0.766982
0.77584
1.01941
1.0
0.0147047
0.686427
0.282222
0.792576
0.431973
1.0
0.0146491
0.728294
-0.00822401
0.95038
0.227403
1.0
0.014608
0.168452
0.658396
0.277177
0.816589
1.0
0.0145416
0.843099
0.902194
0.928801
1.00339
1.0
0.0144818
0.115488
0.101783
0.219245
0.256321
1.0
0.0144686
0.963888
0.188272
0.998575
0.251959
1.0
0.0144568
0.639711
0.00337702
0.682891
0.0507973
1.0
0.0144135
0.689459
0.0602733
0.795632
0.20937
1.0
0.0143453
0.818774
0.945158
0.862695
0.997362
1.0
0.0142481
0.00150495
0.784892
0.0371526
0.844462
1.0
0.014151
0.519595
0.957325
0.558969
0.996955
1.0
0.0141253
0.818667
0.289346
0.859106
0.348003
1.0
0.0140386
0.0647446
0.497905
0.157329
0.641019
1.0
0.0139685
0.594297
0.284416
0.638426
0.350317
1.0
0.0139184
0.69244
0.00558163
0.735468
0.0511908
1.0
0.0138452
0.237652
0.617098
0.285596
0.688647
1.0
0.0137823
0.185043
0.609826
0.242853
0.690012
1.0
0.0137202
0.567926
0.151708
0.61109
0.209987
1.0
0.0136857
0.0629036
0.210961
0.157949
0.346644
1.0
0.0136701
0.820392
0.270587
0.912006
0.399872
1.0
0.0136482
0.0867558
0.957761
0.134546
1.00011
1.0
0.013595
0.963057
0.115362
0.998474
0.179382
1.0
0.0135672
0.417827
0.116004
0.459266
0.176421
1.0
0.0134915
0.541471
0.320003
0.588337
0.389457
1.0
0.0134504
0.714109
0.901069
0.806021
1.00733
1.0
0.0134364
0.00270874
0.322388
0.0335399
0.379155
1.0
0.0133955
0.961968
0.310597
0.997714
0.384151
1.0
0.0133752
0.665733
0.222978
0.710586
0.28482
1.0
0.0133717
0.0014696
0.893221
0.0355097
0.949768
1.0
0.013302
0.786693
0.35102
0.881972
0.496545
1.0
0.0132658
0.46842
0.214235
0.563265
0.351679
1.0
0.0132656
0.490453
0.115853
0.591586
0.249163
1.0
0.0131569
0.310855
0.098396
0.419357
0.252838
1.0
0.0130496
0.533792
0.910879
0.614607
1.0027
1.0
0.0129291
0.763413
0.228269
0.862171
0.349022
1.0
0.0128709
0.240419
0.715233
0.284642
0.778857
1.0
0.0128438
0.00166578
0.77142
0.0876849
0.901763
1.0
0.0128385
0.706716
0.355502
0.755446
0.430559
1.0
0.0128084
0.155158
0.643991
0.214831
0.724575
1.0
0.0128037
0.144539
0.186181
0.182094
0.24142
1.0
0.0128031
0.139344
0.556572
0.186853
0.620047
1.0
0.0127357
0.311067
0.652259
0.429644
0.8151
1.0
0.0127277
0.473061
0.293749
0.573711
0.453931
1.0
0.0127051
0.0569921
-0.010986
0.571076
0.792047
1.0
0.0126461
0.716625
0.119101
0.761069
0.1775
1.0
0.0126298
0.663123
0.354351
0.715751
0.430354
1.0
0.0126099
0.589594
0.127531
0.631207
0.184669
1.0
0.0125703
0.0853524
0.0187323
0.284181
0.36679
1.0
0.0125144
0.962432
0.44534
0.998454
0.522582
1.0
0.0124473
0.737139
0.319679
0.780485
0.383989
1.0
0.0124466
0.722595
0.369216
0.827373
0.532705
1.0
0.0123546
0.320466
0.550721
0.551213
0.884511
1.0
0.0123537
0.0629116
0.283363
0.158406
0.425938
1.0
0.0123222
0.71015
0.0525385
0.759102
0.112485
1.0
0.012309
0.609252
0.0219532
0.656489
0.0859852
1.0
0.0122557
0.057773
0.122902
0.160103
0.275682
1.0
0.0121965
0.96494
0.384226
0.999144
0.458837
1.0
0.0121505
0.138697
0.926024
0.190227
0.987454
1.0
0.0121443
0.00504157
0.579237
0.0866747
0.717318
1.0
0.0121218
0.210136
0.642603
0.260613
0.721403
1.0
0.0121091
0.633342
0.442413
0.686399
0.521336
1.0
0.0120783
0.412723
0.21451
0.510324
0.347717
1.0
0.0120315
0.793263
0.951962
0.837904
1.00194
1.0
0.011955
0.491813
0.956635
0.532103
0.997445
1.0
0.0119328
0.169599
0.185661
0.209016
0.244136
1.0
0.011923
0.394711
0.119838
0.434375
0.178692
1.0
0.0118715
0.0032234
0.252321
0.0350668
0.310916
1.0
0.0118602
0.170179
0.210589
0.264321
0.341138
1.0
0.0118164
0.917732
0.252108
0.962625
0.321026
1.0
0.0118065
0.713894
0.951919
0.758153
0.999697
1.0
0.0117761
0.119144
0.257267
0.155586
0.308551
1.0
0.0117718
0.546927
0.255066
0.588626
0.318572
1.0
0.0117707
0.0586777
0.779634
0.163418
0.916384
1.0
0.011744
0.0633365
0.781024
0.109043
0.839877
1.0
0.0117146
0.0104355
0.649732
0.0555763
0.714627
1.0
0.0117101
0.965027
0.151194
0.999104
0.210882
1.0
0.0116974
0.156509
0.51316
0.358507
0.82047
1.0
0.0116911
0.843459
0.290159
0.882437
0.348349
1.0
0.0116888
0.266743
0.752465
0.313325
0.82066
1.0
0.0116675
0.966553
0.751092
0.999132
0.818664
1.0
0.0116675
0.467638
0.953672
0.507583
0.99539
1.0
0.0116613
0.517776
0.121814
0.558877
0.177767
1.0
0.011648
0.71594
0.00478135
0.763841
0.0543171
1.0
0.0116459
0.929537
0.165676
1.00275
0.29682
1.0
0.0116407
0.165129
0.13051
0.263691
0.272952
1.0
0.0116036
0.0654572
0.410853
0.158762
0.564842
1.0
0.0115272
0.525933
0.225939
0.621403
0.371227
1.0
0.011525
0.440562
0.116875
0.482069
0.176897
1.0
0.0114672
0.814755
0.829097
0.860042
0.897171
1.0
0.0114431
0.514965
0.536465
0.9213
1.08356
1.0
0.0114408
0.467028
0.654495
0.585008
0.811433
1.0
0.0114408
0.384323
0.612785
0.496347
0.767361
1.0
0.0114254
0.616441
0.228198
0.661481
0.292254
1.0
0.0114095
0.590551
0.347085
0.63935
0.417568
1.0
0.0113991
0.844089
0.217154
0.940587
0.349549
1.0
0.0113839
0.113621
0.672618
0.166028
0.750134
1.0
0.0113576
0.536506
0.0716284
0.63877
0.21293
1.0
0.011339
0.665999
0.120725
0.707984
0.178005
1.0
0.0113168
0.00224208
0.450938
0.0363016
0.515701
1.0
0.0113166
0.31522
0.684388
0.361825
0.752647
1.0
0.0113106
0.213822
0.711321
0.259014
0.778475
1.0
0.0112525
0.742023
0.257146
0.781966
0.311445
1.0
0.0112335
0.668224
0.189173
0.710928
0.249016
1.0
0.011231
0.369733
0.120322
0.407648
0.177858
1.0
0.011211
0.665544
0.437414
0.778467
0.621572
1.0
0.0112085
0.560326
0.149758
0.6567
0.278507
1.0
0.0112033
0.00159833
0.285635
0.0331232
0.342947
1.0
0.0111934
0.662969
0.401224
0.718968
0.482416
1.0
0.0111576
0.267269
0.221321
0.362085
0.346123
1.0
0.0111527
0.71428
0.224647
0.755228
0.27824
1.0
0.0111474
0.110502
0.492091
0.212452
0.65363
1.0
0.0111123
0.000983024
0.581804
0.0356562
0.647918
1.0
0.0110668
0.291694
0.716588
0.336831
0.781379
1.0
0.0110615
0.961639
0.615265
0.996448
0.684496
1.0
0.0110213
0.515366
0.3542
0.557763
0.418822
1.0
0.0109933
0.74107
0.955045
0.78628
1.00233
1.0
0.0109863
0.292915
0.121309
0.331518
0.179763
1.0
0.0109857
0.940253
0.30714
1.00341
0.459802
1.0
0.0109828
0.709449
0.259445
0.751525
0.319994
1.0
0.0109538
0.14421
0.256693
0.180085
0.307098
1.0
0.0109483
0.698951
0.00445665
0.79484
0.104369
1.0
0.0109461
0.518527
0.154579
0.560697
0.210428
1.0
0.0109409
0.0173547
0.479998
0.111397
0.633776
1.0
0.0109353
0.26249
0.587877
0.360058
0.73459
1.0
0.0109112
0.171871
0.219273
0.208364
0.271469
1.0
0.0108936
0.111985
0.820249
0.217009
0.956843
1.0
0.0108814
0.516787
0.224186
0.554782
0.277366
1.0
0.0108742
0.192408
0.18613
0.231894
0.243885
1.0
0.0108566
0.664994
0.155124
0.707995
0.212379
1.0
0.0108465
0.620064
0.0818987
0.716278
0.212545
1.0
0.0108444
0.342312
0.118422
0.381373
0.176698
1.0
0.0108415
0.693876
0.0247175
0.741758
0.0875423
1.0
0.0108311
0.419552
0.258366
0.457072
0.31061
1.0
0.0107946
0.000816675
0.817841
0.0345187
0.872336
1.0
0.0107826
0.0151798
0.351289
0.0554781
0.41232
1.0
0.0107401
0.917521
0.190781
0.960849
0.251116
1.0
0.0107303
0.467462
0.189465
0.505938
0.245359
1.0
0.0107287
0.615134
0.95511
0.656745
0.998723
1.0
0.0107259
0.73167
0.74913
0.832524
0.906735
1.0
0.0107184
0.236016
0.774701
0.349526
0.92641
1.0
0.0106532
0.79163
0.258957
0.830421
0.313668
1.0
0.0106435
0.0927084
0.25503
0.130384
0.30791
1.0
0.0106409
0.220395
0.220969
0.257347
0.273617
1.0
0.0106366
0.850862
0.00978383
0.98557
0.185817
1.0
0.0106217
0.00139091
0.857223
0.0339532
0.911367
1.0
0.0105951
0.394993
0.257271
0.432202
0.308913
1.0
0.0105893
0.267189
0.121238
0.305352
0.179641
1.0
0.010585
0.461729
0.884849
0.562497
0.998839
1.0
0.0105828
0.469826
0.222374
0.506682
0.273184
1.0
0.0105754
-0.00406055
0.285044
0.0619956
0.408813
1.0
0.0105732
0.00986776
0.552792
0.0499418
0.616654
1.0
0.0105679
0.788383
0.436588
0.886289
0.600849
1.0
0.0105656
0.240812
0.754823
0.28634
0.819626
1.0
0.0105589
0.289941
0.654663
0.333505
0.717367
1.0
0.0104674
-0.00272664
0.205811
0.0631536
0.33196
1.0
0.0104628
0.421047
0.223197
0.457889
0.273068
1.0
0.0104533
0.668313
0.0865518
0.711962
0.142682
1.0
0.0104434
0.0865006
0.681852
0.134531
0.752555
1.0
0.0104104
0.719238
0.151639
0.762293
0.207522
1.0
0.0103812
0.767468
0.258652
0.806512
0.313618
1.0
0.0103707
0.338991
-0.00383073
0.545561
0.23564
1.0
0.0103694
0.738237
0.169118
1.00334
0.791646
1.0
0.0103558
-0.00270195
0.424529
0.0596797
0.542873
1.0
0.0103481
0.319269
0.117016
0.358065
0.175393
1.0
0.010341
0.960534
0.00441571
0.998666
0.0565709
1.0
0.0102991
0.144916
0.220535
0.181575
0.272725
1.0
0.0102835
0.874935
0.600871
1.01109
0.931018
1.0
0.0102761
0.947394
0.857794
0.989287
0.919552
1.0
0.0102097
0.765768
0.124591
0.806572
0.177333
1.0
0.0102012
0.218461
0.956244
0.263234
0.999881
1.0
0.0102004
0.818638
0.259536
0.857726
0.315802
1.0
0.0101942
0.119468
0.289527
0.156249
0.341691
1.0
0.0101911
0.171897
0.257887
0.208157
0.309956
1.0
0.0101897
0.587823
0.0055819
0.636516
0.0569479
1.0
0.0101841
0.518002
0.186692
0.558933
0.244568
1.0
0.0101802
0.967139
0.680861
0.998836
0.746934
1.0
0.0101772
0.169542
0.12281
0.205914
0.178032
1.0
0.0101734
0.241595
0.121313
0.281495
0.182107
1.0
0.0101424
0.466827
0.119183
0.50556
0.176417
1.0
0.0101174
0.792882
0.287354
0.833824
0.345746
1.0
0.0101108
0.42052
0.290063
0.456829
0.34111
1.0
0.0100739
0.32168
0.225235
0.358053
0.275325
1.0
0.0100732
0.419612
0.187494
0.45842
0.243882
1.0
0.0100603
0.732832
0.380872
0.778564
0.448102
1.0
0.0100601
0.866227
0.288105
0.905138
0.346511
1.0
0.0100388
0.220356
0.255398
0.256061
0.307303
1.0
0.0100227
0.670815
0.0560683
0.711685
0.111568
