1.0
0.989849
0.415293
0.24496
0.574343
0.530162
1.0
0.0487812
0.275272
-0.0100714
0.496109
0.240955
1.0
0.0481144
-0.00327278
0.762913
0.252985
1.01467
1.0
0.042202
0.620951
0.551676
0.954873
1.06893
1.0
0.040617
0.221378
0.466996
0.767505
1.1003
1.0
0.0342392
0.00988168
0.943402
0.0614024
0.994526
1.0
0.0320187
0.68001
0.113553
1.01078
0.759815
1.0
0.0289849
0.0807452
0.734495
0.187869
0.853786
1.0
0.0282223
0.0219026
0.449076
0.340392
0.967192
1.0
0.025353
0.899077
0.125797
0.993831
0.275102
1.0
0.0244175
0.15936
0.728896
0.256553
0.865173
1.0
0.0234232
0.723065
0.707662
0.822944
0.844656
1.0
0.0227986
0.611954
0.0609175
0.716122
0.224118
1.0
0.0225183
0.110552
0.763122
0.16013
0.819921
1.0
0.0219404
0.577393
0.10243
0.667757
0.241636
1.0
0.021707
0.85131
0.147039
0.999167
0.451881
1.0
0.021428
0.537778
0.138735
0.628711
0.283837
1.0
0.0200158
0.357298
0.484976
0.470834
0.639836
1.0
0.0200072
0.016381
0.754293
0.0570206
0.805906
1.0
0.0197638
0.431691
0.186908
0.546398
0.372639
1.0
0.0192874
0.477909
0.154253
0.581796
0.304622
1.0
0.019269
0.182751
0.5145
0.275017
0.649649
1.0
0.0190161
0.699169
-0.0123723
0.945884
0.204871
1.0
0.0189846
0.0521105
0.883248
0.175538
0.998761
1.0
0.0189579
0.00959275
0.643626
0.0555726
0.71337
1.0
0.0188433
0.00227838
0.894177
0.037182
0.946943
1.0
0.0184594
0.242031
0.682035
0.332339
0.823978
1.0
0.0182104
0.0918446
0.613397
0.181539
0.744591
1.0
0.0178025
0.0094732
0.0149465
0.0908536
0.129046
1.0
0.0177184
0.55763
0.213177
0.65376
0.365221
1.0
0.0175188
0.0849747
0.810838
0.199527
0.948721
1.0
0.0175004
0.682992
0.802205
0.863959
1.02254
1.0
0.0174512
0.385537
0.117327
0.492117
0.25694
1.0
0.0173765
0.0982332
0.479809
0.185915
0.620682
1.0
0.0172319
0.511524
0.217218
0.560154
0.286582
1.0
0.0172049
0.0884539
0.77838
0.136853
0.833169
1.0
0.0171355
0.0321413
0.646304
0.222076
0.88886
1.0
0.0171155
0.0934059
0.64915
0.133237
0.707857
1.0
0.0170916
0.907693
0.320482
0.993924
0.48685
1.0
0.0169756
0.0407797
0.759272
0.0842764
0.810019
1.0
0.0168417
-0.00152655
0.89871
0.105283
0.99933
1.0
0.0167629
0.525488
0.0534282
0.715435
0.386
1.0
0.0167392
0.961314
0.751425
0.99629
0.81917
1.0
0.0166774
0.268363
0.0891649
0.37941
0.245699
1.0
0.016544
0.588882
0.684626
0.789208
0.975058
1.0
0.0164978
0.00618843
0.60111
0.0970722
0.743375
1.0
0.0163863
0.570256
0.149251
0.610317
0.209501
1.0
0.016253
0.115811
0.687482
0.158583
0.745646
1.0
0.0162519
0.0661734
0.650968
0.10625
0.709526
1.0
0.0161937
0.533482
0.286985
0.583861
0.360022
1.0
0.0160043
0.614995
0.144838
0.659551
0.211248
1.0
0.0159355
0.955193
0.0157372
0.998737
0.0851489
1.0
0.0159018
0.218556
0.524201
0.263326
0.588439
1.0
0.0158564
0.294684
0.715173
0.333791
0.776474
1.0
0.0157953
0.00246359
0.860643
0.0351918
0.910052
1.0
0.0157617
0.958197
0.175777
0.99948
0.252842
1.0
0.0157161
0.210616
0.615482
0.30207
0.753524
1.0
0.0156832
0.566671
0.181002
0.606443
0.244764
1.0
0.0156524
0.120307
0.553043
0.160411
0.618193
1.0
0.0156122
0.115491
0.649822
0.157434
0.709427
1.0
0.0155945
0.112059
0.726496
0.160052
0.787214
1.0
0.0155462
0.0591247
0.956607
0.10869
1.00121
1.0
0.0155109
0.0127049
0.545273
0.0573639
0.617517
1.0
0.0154894
0.7916
0.874983
0.891439
0.99766
1.0
0.0153836
0.017188
0.787831
0.0567732
0.835716
1.0
0.0153043
0.122743
0.545971
0.210182
0.681831
1.0
0.0152411
0.166652
0.723213
0.208943
0.781812
1.0
0.0152211
0.276301
0.624375
0.368381
0.766649
1.0
0.0151559
0.0658361
0.760148
0.111013
0.812953
1.0
0.0151548
0.410938
0.312382
0.464127
0.385161
1.0
0.0151513
0.21521
0.72038
0.259316
0.784587
1.0
0.0151384
0.71373
0.883236
0.809485
0.99643
1.0
0.0151286
0.135453
0.778162
0.188589
0.83922
1.0
0.0150393
0.717643
0.95429
0.759737
0.996446
1.0
0.0150287
0.228251
0.542725
0.323536
0.682632
1.0
0.015005
0.113454
0.0276238
0.562338
0.640675
1.0
0.0149973
0.167741
0.655304
0.205659
0.710344
1.0
0.0149573
0.375903
0.221514
0.481869
0.380174
1.0
0.0149237
0.463555
0.214325
0.512023
0.285784
1.0
0.0149104
0.541649
0.18525
0.585509
0.249234
1.0
0.0147753
0.363155
0.541492
0.420233
0.619927
1.0
0.0147686
0.968233
0.691615
0.999151
0.750567
1.0
0.0147675
0.0209504
0.725688
0.118997
0.837244
1.0
0.0147453
0.191197
0.722354
0.233765
0.783803
1.0
0.0147052
0.487624
0.251772
0.538588
0.325661
1.0
0.0147016
0.815625
0.956068
0.858865
0.999718
1.0
0.0146749
0.617032
0.0810753
0.661913
0.147969
1.0
0.0146683
0.212811
0.758676
0.258594
0.824655
1.0
0.0146447
0.61425
0.861615
0.709566
0.990423
1.0
0.0146247
0.363864
0.609967
0.469626
0.776748
1.0
0.0146014
0.295848
0.543649
0.406388
0.692986
1.0
0.0145921
0.0862325
0.729626
0.133946
0.789387
1.0
0.0145488
0.964405
0.94998
0.999677
0.998174
1.0
0.01445
0.168585
0.69035
0.207948
0.74647
1.0
0.0143839
0.289676
0.7068
0.376501
0.852933
1.0
0.014261
0.00135139
0.24643
0.0350809
0.313145
1.0
0.0142377
0.00179643
0.683183
0.0357712
0.742443
1.0
0.0142349
0.161661
0.760034
0.211319
0.824277
1.0
0.0142177
0.219246
0.654599
0.260147
0.71157
1.0
0.0142028
0.00294172
0.185106
0.0366065
0.250304
1.0
0.0141762
0.0361444
0.781115
0.150687
0.902187
1.0
0.0141693
0.11674
0.0937447
0.216988
0.2467
1.0
0.0141499
0.748819
0.755889
0.857334
0.916235
1.0
0.0140674
-0.000628218
0.687957
0.0662522
0.793514
1.0
0.014064
0.0915349
0.68945
0.133906
0.746801
1.0
0.0140354
0.00036151
0.150429
0.0616467
0.27338
1.0
0.0140322
0.141204
0.617494
0.23086
0.753838
1.0
0.0140092
0.269705
0.717655
0.309914
0.779425
1.0
0.0139977
0.00275895
0.791742
0.0347965
0.839382
1.0
0.0139837
0.118866
0.518027
0.158295
0.581702
1.0
0.0139784
0.0664917
0.690218
0.10673
0.745399
1.0
0.0139361
0.168487
0.521857
0.206975
0.581771
1.0
0.0138982
0.961576
0.379071
0.999165
0.453211
1.0
0.0138708
0.113883
0.955238
0.161614
1.00126
1.0
0.0137888
0.0652573
0.41357
0.16156
0.559852
1.0
0.0137454
0.00253863
0.722863
0.0373886
0.778837
1.0
0.0137417
0.539394
0.218593
0.585516
0.286271
1.0
0.0137389
0.76523
0.958454
0.80935
1.00007
1.0
0.0137366
0.867488
0.816622
0.999304
0.999997
1.0
0.0137111
0.485373
0.179207
0.536271
0.251833
1.0
0.0136768
0.141283
0.584965
0.180353
0.643194
1.0
0.0136725
0.670266
0.910918
0.755234
1.00521
1.0
0.0136396
0.294463
0.65839
0.33625
0.720394
1.0
0.0136331
0.216281
0.68805
0.258448
0.74884
1.0
0.0135895
0.520467
0.0692824
0.61683
0.206369
1.0
0.0135678
0.0018518
0.825823
0.0339626
0.873345
1.0
0.0135371
0.490318
0.224585
0.600218
0.396351
1.0
0.0135284
0.440349
0.181694
0.489596
0.251893
1.0
0.0134272
0.239993
0.719097
0.281655
0.781429
1.0
0.0133997
0.00241918
0.583729
0.038273
0.652904
1.0
0.0133901
0.614929
0.747733
0.718877
0.906079
1.0
0.0133742
0.966249
0.5869
0.9977
0.643667
1.0
0.0132989
0.193322
0.691622
0.234196
0.749506
1.0
0.0132621
0.115002
0.247645
0.158271
0.310769
1.0
0.0132427
0.317319
0.154514
0.528199
0.466547
1.0
0.0132179
0.317745
0.147406
0.362136
0.207629
1.0
0.0131821
0.197175
0.52625
0.238675
0.584259
1.0
0.0131815
0.836963
0.186653
0.942467
0.336966
1.0
0.013128
0.267079
0.753671
0.305575
0.812583
1.0
0.013116
0.116981
0.617785
0.158411
0.678116
1.0
0.0131158
0.606636
0.532487
0.700283
0.672356
1.0
0.0130864
0.194112
0.658004
0.232695
0.71186
1.0
0.0130478
0.538108
0.00358097
0.584569
0.057439
1.0
0.013009
0.313049
0.685146
0.353427
0.745399
1.0
0.0130087
0.0894501
0.347279
0.184511
0.496987
1.0
0.0129933
0.170253
0.102192
0.270029
0.253797
1.0
0.012962
0.382672
0.514422
0.43772
0.595926
1.0
0.012952
0.217828
0.577472
0.263608
0.647129
1.0
0.0129382
0.315537
0.754331
0.353195
0.811978
1.0
0.0129284
0.263044
0.51629
0.30339
0.576226
1.0
0.0128997
0.921304
0.701203
0.998673
0.850213
1.0
0.0128675
0.0120129
0.488809
0.0987507
0.634539
1.0
0.0128416
0.140002
0.724656
0.184228
0.783704
1.0
0.0128268
0.965871
0.489042
0.997753
0.548493
1.0
0.0127862
0.591456
0.00232333
0.635406
0.0534383
1.0
0.0127647
0.968177
0.655824
0.999432
0.715389
1.0
0.0127647
0.115939
0.905555
0.215067
1.00608
1.0
0.0127605
0.143404
0.439004
0.32019
0.717738
1.0
0.0126814
0.669836
0.733017
0.777798
0.886319
1.0
0.0126473
0.14093
0.649655
0.183285
0.708695
1.0
0.0126293
0.142818
0.458401
0.234371
0.598969
1.0
0.012598
0.0650677
0.207209
0.161185
0.347329
1.0
0.0125837
0.262154
0.488475
0.366263
0.61947
1.0
0.0125132
0.379624
0.411935
0.563407
0.72967
1.0
0.0124809
0.441675
0.599671
0.536918
0.75353
1.0
0.0124415
0.0649758
0.820204
0.110581
0.874692
1.0
0.0124349
0.50838
0.310408
0.56581
0.393658
1.0
0.0124134
0.0399292
0.732326
0.0829249
0.783293
1.0
0.0123812
0.615929
0.00245656
0.661886
0.0556405
1.0
0.0123793
0.316947
0.551867
0.362293
0.616698
1.0
0.0123399
0.114134
0.816588
0.164523
0.879226
1.0
0.0123233
0.592388
0.124173
0.633873
0.188623
1.0
0.0122947
0.23836
0.758508
0.280638
0.820455
1.0
0.0122699
0.963292
0.815224
0.9983
0.882905
1.0
0.0122555
0.295452
0.751332
0.33313
0.809554
1.0
0.0122533
0.0946985
0.591548
0.134455
0.650121
1.0
0.0122416
0.00176155
0.830577
0.0909546
0.945062
1.0
0.0122171
0.146312
0.518214
0.186079
0.579125
1.0
0.0122132
0.517939
0.655401
0.556385
0.71233
1.0
0.0122049
0.961555
0.31729
0.999829
0.392542
1.0
0.0121688
0.0673245
0.183382
0.104417
0.242253
1.0
0.0121439
0.563318
0.00272997
0.608841
0.0557887
1.0
0.0121173
0.00315553
0.121448
0.0346045
0.178342
1.0
0.0120953
0.591833
0.177448
0.631408
0.23931
1.0
0.0120841
0.166872
0.619681
0.205063
0.676125
1.0
0.0120557
0.561966
0.25159
0.604607
0.320354
1.0
0.0120509
0.209573
0.0622642
0.31704
0.225789
1.0
0.0120343
0.848665
0.745377
0.949125
0.898616
1.0
0.0120146
0.114101
0.854923
0.164625
0.916037
1.0
0.0119687
0.773861
0.738693
0.833777
0.821363
1.0
0.0119661
0.614702
0.202231
0.714074
0.354548
1.0
0.0119062
0.0115834
0.199355
0.105294
0.348328
1.0
0.0118929
0.165052
0.955933
0.209667
0.99968
1.0
0.0118359
-0.00179126
0.762233
0.0691825
0.8595
1.0
0.0117846
0.849854
0.904805
0.942837
1.00853
1.0
0.0117788
0.270197
0.656848
0.310061
0.715265
1.0
0.01176
0.166277
0.584505
0.204611
0.645585
1.0
0.0117582
0.464439
0.148609
0.512441
0.215744
1.0
0.0117504
0.480034
0.432274
0.542606
0.523849
1.0
0.0116991
0.232807
0.543412
0.280924
0.618181
1.0
0.0116883
0.777463
0.111228
0.894635
0.249935
1.0
0.0116858
0.637934
0.547071
0.687841
0.619545
1.0
0.0116708
0.23712
0.556485
0.434732
0.869041
1.0
0.0116569
0.617869
0.217899
0.658175
0.28135
1.0
0.0116516
0.116497
0.283298
0.158445
0.345026
1.0
0.0116268
0.371188
0.697357
0.458516
0.851025
1.0
0.0116167
0.236214
0.617208
0.279305
0.679835
1.0
0.011612
0.0377398
0.647549
0.0821472
0.709499
1.0
0.0115956
0.141537
0.690359
0.184232
0.748132
1.0
0.0115746
0.913366
0.617456
0.996448
0.770351
1.0
0.0115555
0.665489
0.11666
0.707722
0.181069
1.0
0.0115353
0.965972
0.555583
0.997334
0.611585
1.0
0.0115004
0.119603
0.120241
0.159247
0.181283
1.0
0.0115004
0.966337
0.521944
0.99736
0.57774
1.0
0.0114356
0.573445
0.022591
0.670071
0.163199
1.0
0.0114254
0.509664
0.149827
0.556948
0.215642
1.0
0.0114202
0.810449
0.749842
0.855487
0.81626
1.0
0.0113918
0.18819
0.780278
0.237247
0.846836
1.0
0.0113685
0.538128
0.0474566
0.584494
0.119356
1.0
0.0113631
0.163787
0.811328
0.212948
0.872713
1.0
0.0113292
0.0331089
0.547103
0.124823
0.689011
1.0
0.0113241
0.463428
0.0793823
0.560072
0.215335
1.0
0.0113224
0.244272
0.373738
0.458832
0.659543
1.0
0.0112777
0.635958
0.622159
0.736949
0.769619
1.0
0.011272
0.263476
0.583454
0.304161
0.645508
1.0
0.0112446
0.665994
0.954841
0.707882
0.998087
1.0
0.0112284
0.965984
0.453412
0.998985
0.515105
1.0
0.0112185
0.76963
0.662396
0.875886
0.807905
1.0
0.0112139
0.968644
0.621865
0.998782
0.676177
1.0
0.0111748
0.36991
0.655449
0.411731
0.718074
1.0
0.0111347
0.0634999
0.28071
0.1639
0.431336
1.0
0.0111093
0.910245
0.547393
0.989473
0.676309
1.0
0.0110532
0.115979
0.320427
0.158369
0.383403
1.0
0.011031
0.582664
0.28163
0.683224
0.444209
1.0
0.0110029
0.116365
0.454786
0.159624
0.520895
1.0
0.0110004
0.559388
0.312647
0.604227
0.384395
1.0
0.0109963
0.342377
0.656766
0.382861
0.715594
1.0
0.0109733
0.395783
0.290559
0.445913
0.358746
1.0
0.0109613
0.29061
0.518711
0.331748
0.577197
1.0
0.0109313
0.342288
0.518904
0.393904
0.590448
1.0
0.0109312
0.164597
0.489004
0.204659
0.547985
1.0
0.0108963
0.918641
0.691395
0.954829
0.746975
1.0
0.010894
0.394209
0.657368
0.437047
0.721867
1.0
0.0108864
0.412576
0.479352
0.465116
0.553135
1.0
0.0108094
0.790889
0.958164
0.834781
1.0004
1.0
0.0107573
0.718751
0.778294
0.764691
0.84699
1.0
0.010745
0.574404
0.783856
0.673871
0.935105
1.0
0.0107435
0.886974
0.176813
0.940298
0.252289
1.0
0.0106922
0.443323
0.124836
0.486358
0.184132
1.0
0.0106727
0.09522
0.515571
0.136148
0.579921
1.0
0.010648
0.657807
0.120999
0.762356
0.276022
1.0
0.0106314
0.092294
0.38361
0.137003
0.450961
1.0
0.0106164
0.294714
0.552423
0.337439
0.614805
1.0
0.0105753
0.0954013
0.55271
0.137229
0.617945
1.0
0.0105589
0.441572
0.654021
0.481614
0.713068
1.0
0.0105579
0.867353
0.923451
0.913795
0.983327
1.0
0.0104988
0.542669
0.115737
0.587353
0.178511
1.0
0.0104812
0.118425
0.185727
0.157629
0.24598
1.0
0.0104439
0.0024232
0.519375
0.038948
0.590011
1.0
0.0104342
0.412933
0.215149
0.462946
0.284501
1.0
0.0103825
0.151643
-0.0145496
0.358406
0.293295
1.0
0.0103489
0.262468
0.54797
0.303446
0.612336
1.0
0.0103203
0.927877
0.192945
1.00503
0.345919
1.0
0.0103184
0.0910126
0.450476
0.135705
0.517465
1.0
0.0102949
0.343617
0.720184
0.380043
0.774402
1.0
0.0102616
0.0378114
0.135152
0.129787
0.281384
1.0
0.0102574
0.598718
0.0520549
0.638816
0.116461
1.0
0.0102484
0.0425999
0.277015
0.23115
0.597401
1.0
0.0102406
0.318063
0.657111
0.415308
0.816738
1.0
0.0102405
0.639453
0.0205401
0.686936
0.0894502
1.0
0.0101917
0.81206
0.275104
0.912959
0.421531
1.0
0.0101849
0.265637
0.619918
0.306282
0.679658
1.0
0.0101777
0.0711244
0.0632003
0.164963
0.208921
1.0
0.0101632
0.564127
0.0524018
0.604672
0.11421
1.0
0.0101216
0.956761
0.117128
1.00125
0.193093
1.0
0.0101083
0.165025
0.203778
0.26759
0.345155
1.0
0.0100879
0.441284
0.507492
0.492722
0.586102
1.0
0.0100833
0.000876145
0.316002
0.0331169
0.378613
1.0
0.0100768
0.806788
0.0398656
1.01903
0.300738
1.0
0.0100603
0.000362786
0.386525
0.0327257
0.447401
