1.0
0.813092
0.437096
0.270049
0.581356
0.487272
1.0
0.0521063
0.309457
0.269927
0.828488
1.02046
1.0
0.0517308
0.641243
0.322787
1.02716
1.05041
1.0
0.0443758
0.735891
0.721669
1.01001
1.0249
1.0
0.0352573
0.41405
0.375876
0.461663
0.450238
1.0
0.0327401
0.525345
0.302195
0.586543
0.392239
1.0
0.0310453
0.381128
0.332125
0.473903
0.493064
1.0
0.0302857
0.0303617
0.387879
0.45752
1.05536
1.0
0.0231136
0.52622
0.35936
0.628386
0.521668
1.0
0.0224477
0.532021
0.367577
0.587473
0.452191
1.0
0.0222542
0.369887
0.426624
0.467413
0.579702
1.0
0.0213365
0.562664
0.63502
0.655162
0.762774
1.0
0.021216
0.635858
0.444219
0.751823
0.586463
1.0
0.0211351
0.58329
0.350944
0.688879
0.503814
1.0
0.0210493
0.397957
0.353864
0.443277
0.426774
1.0
0.0209451
0.591043
0.692306
0.634268
0.748045
1.0
0.0201236
0.504547
0.253468
0.567046
0.342258
1.0
0.0199801
0.720796
0.95664
0.757752
0.995299
1.0
0.0198765
0.964407
0.952091
0.997476
0.996426
1.0
0.0197854
0.423061
0.393336
0.53831
0.586525
1.0
0.0196409
0.0109824
0.421217
0.2524
0.689888
1.0
0.0186868
0.768598
0.957371
0.807005
0.996062
1.0
0.0183432
0.556667
0.34095
0.606723
0.420344
1.0
0.0181204
0.818849
0.955449
0.856068
0.994769
1.0
0.0178706
0.671458
0.653114
0.709473
0.705788
1.0
0.0177874
0.437872
0.250228
0.493282
0.330314
1.0
0.0175951
0.53558
0.444302
0.58568
0.51889
1.0
0.017515
0.325155
0.416016
0.415466
0.551279
1.0
0.0173416
0.556788
0.284732
0.604122
0.3569
1.0
0.0170413
0.613162
0.616389
0.706884
0.748633
1.0
0.0168229
0.614731
0.417456
0.664974
0.487564
1.0
0.016762
0.561947
0.410296
0.610295
0.487721
1.0
0.0166707
0.00500615
0.465984
0.107432
0.608827
1.0
0.0160043
0.0110304
0.617435
0.0555318
0.682282
1.0
0.0160031
0.714941
0.453056
0.756475
0.514733
1.0
0.0159713
0.714699
0.610285
0.810686
0.728643
1.0
0.0158276
0.695172
0.651169
0.731474
0.698918
1.0
0.0157309
0.636935
0.448938
0.686703
0.520053
1.0
0.0156355
0.535207
0.349538
0.744446
0.630946
1.0
0.0156201
0.611353
0.688753
0.699807
0.815678
1.0
0.0155358
0.436454
0.308586
0.496049
0.398435
1.0
0.0154816
0.41298
0.318424
0.463831
0.400276
1.0
0.0153104
0.412401
0.442522
0.460639
0.519344
1.0
0.0152902
0.742521
0.958381
0.780889
0.997351
1.0
0.015218
0.0116331
0.47925
0.057459
0.545759
1.0
0.0152041
0.215002
0.955887
0.255458
0.996099
1.0
0.0149101
0.504319
0.405568
0.562073
0.487931
1.0
0.014909
0.770661
0.458766
0.809386
0.512385
1.0
0.0149022
0.0406405
0.402849
0.189132
0.552986
1.0
0.0148861
0.643869
0.538195
0.742667
0.681847
1.0
0.0148752
0.665779
0.511493
0.712672
0.581098
1.0
0.0147954
0.616375
0.474303
0.668371
0.549421
1.0
0.0147373
0.568451
0.439823
0.672408
0.580906
1.0
0.0147348
0.266304
0.420744
0.368958
0.553959
1.0
0.0147152
0.47832
0.300264
0.554852
0.399564
1.0
0.014695
0.662758
0.420657
0.710083
0.486301
1.0
0.0146883
0.871505
0.957396
0.906647
0.995454
1.0
0.0145517
0.69602
0.957086
0.735308
0.997204
1.0
0.0144535
0.589869
0.447673
0.640478
0.516982
1.0
0.01439
0.771685
0.930883
0.809336
0.978842
1.0
0.0143547
0.794167
0.955793
0.833099
0.995747
1.0
0.0142967
0.436737
0.43774
0.488978
0.519949
1.0
0.0140642
0.708881
0.476726
0.817353
0.616205
1.0
0.0140545
0.399206
0.227994
0.514843
0.393184
1.0
0.0138432
0.309477
0.338994
0.500759
0.643044
1.0
0.0138351
0.00226432
0.654937
0.0635322
0.779549
1.0
0.0138018
0.00217925
0.455536
0.0394245
0.518924
1.0
0.0137598
0.314114
0.516266
0.420451
0.667899
1.0
0.0137386
0.00305634
0.535004
0.0878802
0.68283
1.0
0.0137293
0.66465
0.690391
0.758019
0.823243
1.0
0.0136773
0.629992
0.419082
0.854349
0.701399
1.0
0.0136453
0.875983
0.462827
1.00053
0.623647
1.0
0.0135214
0.577208
0.251202
0.68128
0.39609
1.0
0.0135093
0.789347
0.61766
0.884136
0.726422
1.0
0.0135062
0.79296
0.632026
0.830512
0.676547
1.0
0.0134854
0.481202
0.366468
0.546206
0.456172
1.0
0.0133474
0.390361
0.478277
0.436686
0.546672
1.0
0.01332
0.389616
0.492737
0.494401
0.655669
1.0
0.013293
0.720242
0.685249
0.817886
0.813337
1.0
0.0132905
0.00152818
0.512965
0.0372666
0.579025
1.0
0.0132603
0.58506
0.381552
0.637217
0.454408
1.0
0.013226
0.268558
0.721369
0.308352
0.773053
1.0
0.0131876
0.562266
0.548112
0.665456
0.698879
1.0
0.0131845
0.193224
0.957448
0.23368
0.997115
1.0
0.0131579
0.717303
0.626663
0.760411
0.680263
1.0
0.0130686
0.643443
0.656899
0.68431
0.713155
1.0
0.01305
0.703653
0.917628
0.782249
1.00436
1.0
0.0128885
0.74408
0.456529
0.785495
0.513413
1.0
0.0127943
0.842071
0.957549
0.879453
0.996704
1.0
0.0127746
0.244217
0.725087
0.280826
0.773591
1.0
0.0126894
0.108466
0.457658
0.157902
0.516014
1.0
0.0126183
0.266964
0.75582
0.30664
0.808901
1.0
0.012603
0.819677
0.658589
0.854898
0.700469
1.0
0.0125636
0.152155
0.545164
0.260432
0.679133
1.0
0.0125458
0.774242
0.916319
0.857768
1.00573
1.0
0.0125131
0.867403
0.829836
0.991825
1.00994
1.0
0.0124802
0.130453
0.447023
0.264836
0.587347
1.0
0.0123399
0.456599
0.331201
0.526417
0.430569
1.0
0.0123334
0.770825
0.726871
0.80654
0.769258
1.0
0.0122724
0.75852
0.542334
0.866723
0.674357
1.0
0.0122447
0.768041
0.630456
0.807075
0.677669
1.0
0.0121273
0.961948
0.655417
0.996427
0.714361
1.0
0.0121196
0.294648
0.611316
0.397376
0.749516
1.0
0.0121031
0.203776
0.479338
0.315179
0.614065
1.0
0.012092
0.248776
0.68169
0.340382
0.809036
1.0
0.0120639
0.416103
0.513796
0.458122
0.575761
1.0
0.0120612
0.666292
0.726241
0.703164
0.780144
1.0
0.0120511
0.667771
0.688398
0.704645
0.739708
1.0
0.0119963
0.563381
0.479876
0.609813
0.552669
1.0
0.0119856
0.641106
0.587597
0.684281
0.649161
1.0
0.0119801
0.584385
0.318644
0.632113
0.385612
1.0
0.0119636
0.217769
0.758788
0.254746
0.807736
1.0
0.0119304
0.682983
0.40896
0.790207
0.537433
1.0
0.0118605
0.00998661
0.546296
0.0565632
0.615168
1.0
0.0118364
0.741821
0.650184
0.780568
0.697626
1.0
0.0118299
0.765223
0.659568
0.860159
0.771908
1.0
0.0117766
0.644795
0.755472
0.686238
0.811318
1.0
0.0117317
0.742165
0.518436
0.780527
0.575823
1.0
0.0117119
0.667936
0.586517
0.710989
0.649779
1.0
0.0117101
0.219583
0.82791
0.254026
0.87198
1.0
0.0116619
0.0519221
0.537057
0.171218
0.676095
1.0
0.0115776
0.642422
0.723941
0.681073
0.775924
1.0
0.0115613
0.737431
0.434535
0.839227
0.555929
1.0
0.0115517
0.0689421
0.30026
0.330027
0.601457
1.0
0.0115406
0.269474
0.690346
0.310575
0.744209
1.0
0.0115301
0.508559
0.473892
0.55965
0.551919
1.0
0.0115113
0.243779
0.758341
0.281199
0.808506
1.0
0.011504
0.00189701
0.648975
0.0366025
0.71451
1.0
0.0114986
0.510578
0.223749
0.560548
0.290551
1.0
0.0114567
0.82166
0.696038
0.856739
0.737458
1.0
0.011397
0.344729
0.455655
0.38831
0.521716
1.0
0.0113726
0.718873
0.514978
0.759801
0.576724
1.0
0.0113519
0.217634
0.7252
0.255155
0.774361
1.0
0.0113241
0.214344
0.619094
0.311655
0.741802
1.0
0.0113168
0.691143
0.591155
0.732027
0.649157
1.0
0.0113137
0.637949
0.690353
0.67993
0.744149
1.0
0.0112977
0.264166
0.513053
0.365395
0.650169
1.0
0.0112931
0.246073
0.756362
0.339185
0.890442
1.0
0.0112725
0.000877503
0.356794
0.104101
0.496632
1.0
0.011252
0.892648
0.957224
0.929599
0.995829
1.0
0.0112236
0.934607
0.914653
0.997902
1.00058
1.0
0.0111977
0.0621147
0.656483
0.160558
0.781359
1.0
0.0111656
0.638466
0.391457
0.685309
0.457682
1.0
0.0111417
0.269057
0.656824
0.309291
0.710817
1.0
0.0111351
0.286665
0.516201
0.328745
0.577274
1.0
0.011084
0.910788
0.60947
0.995467
0.742149
1.0
0.0110506
0.611582
0.661026
0.654474
0.722072
1.0
0.011034
0.291057
0.720524
0.331967
0.77307
1.0
0.0110158
0.843917
0.910831
0.931722
1.00772
1.0
0.0110064
0.00170862
0.585878
0.036356
0.649767
1.0
0.0109988
0.78944
0.520742
0.828763
0.576684
1.0
0.0109763
0.192369
0.723769
0.231899
0.773591
1.0
0.0109659
0.164723
0.690091
0.25123
0.808346
1.0
0.0109628
0.718758
0.724513
0.755209
0.77179
1.0
0.0109533
0.638528
0.745107
0.724073
0.88207
1.0
0.0108963
0.670154
0.957921
0.707551
0.996991
1.0
0.0108765
0.817887
0.63299
0.855638
0.677049
1.0
0.0108737
0.193317
0.759922
0.232542
0.810084
1.0
0.0108459
0.519067
0.581643
0.61982
0.732985
1.0
0.0108029
0.777582
0.454985
1.01501
0.74957
1.0
0.0107433
0.460269
0.473662
0.517898
0.557816
1.0
0.0107287
0.95962
0.483695
0.998826
0.55088
1.0
0.0106864
0.774411
0.79438
0.807732
0.835674
1.0
0.0106847
0.264097
0.957355
0.305017
0.99933
1.0
0.0106561
0.577805
0.536147
0.772618
0.836598
1.0
0.0106406
0.474744
0.441661
0.580242
0.617135
1.0
0.010629
0.740865
0.593016
0.780482
0.646404
1.0
0.0106257
0.0829025
-0.00625271
0.551821
0.69113
1.0
0.010599
0.669061
0.786644
0.703338
0.836883
1.0
0.0105395
0.96349
0.82042
0.996192
0.878928
1.0
0.0105299
0.457108
0.399474
0.52039
0.487853
1.0
0.0104863
0.294871
0.712174
0.390485
0.857439
1.0
0.0104625
0.783204
0.480509
0.90513
0.621461
1.0
0.0104344
0.194373
0.793788
0.229883
0.839254
1.0
0.0104272
0.44558
0.510253
0.493278
0.579244
1.0
0.0104009
0.558663
0.220641
0.605338
0.287463
1.0
0.0103935
0.690415
0.482045
0.73537
0.548931
1.0
0.0103912
0.51257
0.227364
0.620516
0.382785
1.0
0.0103812
0.0002013
0.719846
0.0611849
0.848527
1.0
0.0103741
0.267714
0.792207
0.305788
0.842353
1.0
0.0103561
0.840246
0.929361
0.877272
0.978954
1.0
0.0103534
0.109461
0.619745
0.213016
0.741506
1.0
0.0103465
0.17171
0.959881
0.208166
0.996275
1.0
0.010297
0.768451
0.429637
0.807599
0.483754
1.0
0.0102401
0.318162
0.720646
0.359511
0.774218
1.0
0.01022
0.241746
0.656335
0.281208
0.708067
1.0
0.0101897
0.792808
0.728899
0.827504
0.7682
1.0
0.0101895
0.919652
0.958934
0.95552
0.996143
1.0
0.0101599
-0.00458124
0.816444
0.127202
1.00487
1.0
0.0101549
0.243828
0.794048
0.279587
0.840593
1.0
0.0100785
0.961996
0.688775
0.996187
0.746511
1.0
0.0100649
0.694685
0.926283
0.733526
0.979081
1.0
0.0100438
0.193829
0.828331
0.22955
0.873065
1.0
0.0100397
0.0420908
0.460486
0.0877887
0.516885
