1.0
0.300033
0.347661
0.25541
0.520341
0.524681
1.0
0.0680286
0.614093
0.533054
0.977809
1.07366
1.0
0.0512635
0.483939
0.286679
0.530293
0.349902
1.0
0.0415003
-0.00148941
0.774757
0.248158
1.01298
1.0
0.0383377
0.295673
0.283058
0.702073
0.976772
1.0
0.0347837
0.429736
0.229772
0.536623
0.373192
1.0
0.0316315
0.364315
0.378144
0.41541
0.450508
1.0
0.0304623
0.38974
0.439938
0.443867
0.517416
1.0
0.0297616
0.00908936
0.940953
0.065878
0.996697
1.0
0.0273257
0.698677
0.125057
1.0112
0.789131
1.0
0.0267742
0.010532
0.0162383
0.0906357
0.122025
1.0
0.0254772
0.109489
0.727471
0.221387
0.859587
1.0
0.0252266
0.371157
0.394505
0.478941
0.554682
1.0
0.0248049
0.00893248
0.63543
0.0597301
0.716139
1.0
0.024688
0.317055
0.243923
0.440149
0.413745
1.0
0.0233859
0.371907
0.679257
0.83613
1.02429
1.0
0.0226043
0.897654
0.129538
0.99405
0.281902
1.0
0.0224467
0.344469
0.353164
0.392874
0.417168
1.0
0.0219998
0.359876
0.183341
0.485547
0.352544
1.0
0.0219767
0.466773
0.953949
0.505019
0.996325
1.0
0.0218976
0.418034
0.950331
0.457696
0.994768
1.0
0.0216024
0.0189556
0.909269
0.132854
1.00429
1.0
0.0211691
0.035993
0.417317
0.360958
0.9635
1.0
0.0209118
0.176933
0.722341
0.268856
0.859747
1.0
0.0206121
0.296414
0.664906
0.382576
0.811773
1.0
0.0205897
0.391589
0.513112
0.43847
0.578411
1.0
0.0201611
0.907047
0.316087
0.995285
0.505663
1.0
0.0199751
0.309696
0.33607
0.410132
0.471421
1.0
0.0199076
0.719335
0.706726
0.825347
0.843541
1.0
0.0198443
0.191357
0.518079
0.27978
0.646904
1.0
0.019781
0.467858
0.261918
0.517547
0.329306
1.0
0.0197199
0.958877
0.747366
0.996499
0.82072
1.0
0.0196843
0.321917
0.351391
0.364974
0.410387
1.0
0.0194012
0.318213
0.54397
0.412659
0.691116
1.0
0.0193959
0.150871
0.717653
0.547013
1.04126
1.0
0.0193258
0.319963
0.72051
0.357427
0.778455
1.0
0.0191965
0.963788
0.948847
0.999178
0.997697
1.0
0.019183
0.095212
0.605063
0.186252
0.740069
1.0
0.0191066
0.849781
0.164236
0.999921
0.48272
1.0
0.0190883
0.618621
0.950645
0.658544
0.994479
1.0
0.01901
0.471632
0.295112
0.568836
0.454873
1.0
0.0189936
0.419111
0.548522
0.465136
0.613049
1.0
0.018831
0.321741
0.752572
0.357434
0.806221
1.0
0.018798
0.39706
0.117504
0.57842
0.420425
1.0
0.0187956
0.41251
0.24745
0.465997
0.32105
1.0
0.0187881
0.365688
0.535076
0.468024
0.679564
1.0
0.0186568
0.058463
0.700274
0.167009
0.829911
1.0
0.0185901
0.29608
0.6581
0.335189
0.716257
1.0
0.0185436
0.319069
0.953229
0.358763
0.996534
1.0
0.0185053
0.393963
0.95047
0.434268
0.996289
1.0
0.0183432
0.0131263
0.0700164
0.063416
0.138267
1.0
0.018317
0.27337
0.518809
0.370112
0.65755
1.0
0.0182572
0.262799
0.346249
0.455869
0.626612
1.0
0.0180097
0.265892
0.8883
0.361055
1.00088
1.0
0.0178503
0.0532028
0.773777
0.178181
0.908616
1.0
0.0177948
0.503958
0.221324
0.59637
0.359769
1.0
0.0177305
0.56842
0.209779
0.663637
0.350282
1.0
0.0177255
0.419351
0.908054
0.499532
1.00178
1.0
0.0175632
0.298209
0.718301
0.334985
0.774379
1.0
0.0174161
0.275032
0.743875
0.363027
0.886167
1.0
0.0173993
0.274844
0.38066
0.371
0.513986
1.0
0.0173757
0.319948
0.382712
0.362737
0.443509
1.0
0.0173373
0.439788
0.395845
0.550023
0.55575
1.0
0.0173102
0.363935
0.285137
0.413454
0.351848
1.0
0.0173023
0.566523
0.954323
0.605208
0.996034
1.0
0.0172798
0.04053
0.551048
0.223597
0.82297
1.0
0.0172668
0.0059622
0.560093
0.0880531
0.707312
1.0
0.0172316
0.565329
0.282786
0.665692
0.438503
1.0
0.0172234
0.10157
0.51876
0.19052
0.657657
1.0
0.017219
0.362007
0.324334
0.412931
0.39525
1.0
0.0171122
0.457283
0.236964
0.651024
0.527252
1.0
0.0170907
0.960345
0.178329
1.00011
0.252829
1.0
0.017089
0.130145
0.377698
0.326938
0.653218
1.0
0.0170365
0.523855
0.448898
0.620712
0.602652
1.0
0.0170288
0.375035
0.9044
0.457701
1.00047
1.0
0.0170142
0.436558
0.537237
0.536045
0.680258
1.0
0.0169915
0.319208
0.419544
0.360683
0.477824
1.0
0.0169488
0.242487
0.672176
0.333352
0.818434
1.0
0.0169457
0.00325912
0.187276
0.0369239
0.249945
1.0
0.016925
0.411105
0.31852
0.463104
0.387923
1.0
0.0169147
0.36858
0.954372
0.407445
0.997009
1.0
0.0168683
0.000875823
0.890431
0.0394822
0.949768
1.0
0.0168637
0.362562
0.517636
0.409396
0.58462
1.0
0.0168599
0.0623237
0.649713
0.10344
0.712397
1.0
0.0167229
0.0100661
0.588148
0.0545567
0.662546
1.0
0.0167122
0.442285
0.951739
0.484058
0.997007
1.0
0.0166632
0.403253
0.46002
0.511255
0.611621
1.0
0.0165164
0.542414
0.952312
0.582887
0.995979
1.0
0.0165119
0.218399
0.523614
0.258406
0.580072
1.0
0.0164978
0.446602
0.166558
0.551729
0.305046
1.0
0.0163559
0.0965462
0.097446
0.188686
0.240105
1.0
0.0163035
0.420244
0.582735
0.460488
0.641076
1.0
0.0163006
0.393198
0.549829
0.440142
0.614476
1.0
0.0162932
0.435828
0.21571
0.489637
0.286715
1.0
0.016265
0.873216
0.817329
0.996662
1.00526
1.0
0.0162162
0.014189
0.749076
0.0578919
0.808853
1.0
0.0162011
0.342164
0.458752
0.445916
0.613827
1.0
0.0161614
0.438417
0.31557
0.489444
0.381104
1.0
0.0161609
0.924835
0.702623
0.999309
0.851596
1.0
0.0161499
0.57176
0.880408
0.663732
0.995221
1.0
0.0161428
0.521338
0.954325
0.559688
0.996178
1.0
0.0161316
0.761647
0.873095
0.862672
0.995777
1.0
0.0161095
0.144075
0.49557
0.234115
0.628434
1.0
0.0161058
0.137296
0.758173
0.190789
0.822428
1.0
0.0160124
0.832887
0.0196832
1.00033
0.211982
1.0
0.0159249
0.00202762
0.247014
0.0365207
0.31409
1.0
0.0158957
0.31676
0.685487
0.356561
0.745938
1.0
0.0158413
0.341428
0.953581
0.382592
0.997724
1.0
0.0158341
0.229837
0.484949
0.32572
0.612003
1.0
0.015821
0.66974
0.599604
0.872956
0.867144
1.0
0.0158046
0.222381
0.90844
0.307012
1.00085
1.0
0.0157948
0.21184
0.611579
0.304126
0.752326
1.0
0.0157524
0.00333501
0.12349
0.0344041
0.177223
1.0
0.0156975
0.115331
0.249053
0.157235
0.311651
1.0
0.0155706
0.466982
0.884938
0.55924
0.997852
1.0
0.015408
0.40501
0.377448
0.462376
0.456925
1.0
0.0153877
0.124248
0.215999
0.509827
0.7123
1.0
0.0153731
0.0680316
0.186162
0.104038
0.243271
1.0
0.0152792
0.361919
0.57924
0.405218
0.645415
1.0
0.0152736
0.0940728
0.649501
0.134229
0.709445
1.0
0.0152733
0.0102989
0.215822
0.0536187
0.283671
1.0
0.0152419
0.321049
0.881932
0.412062
0.996518
1.0
0.0152015
0.507259
0.479141
0.71469
0.814903
1.0
0.0151624
0.0033703
0.202869
0.079048
0.33631
1.0
0.0151493
0.438661
0.526964
0.484996
0.587183
1.0
0.0151353
0.316396
0.283511
0.363504
0.348274
1.0
0.0150526
0.184853
0.759989
0.232433
0.826548
1.0
0.0150186
0.319891
0.157059
0.432008
0.297101
1.0
0.0149675
0.00733079
0.828479
0.124088
0.959353
1.0
0.014964
0.596423
0.0656428
0.694113
0.207639
1.0
0.0149576
0.0123083
0.15837
0.0513086
0.215239
1.0
0.0149266
0.299367
0.754698
0.335146
0.807924
1.0
0.0149237
0.514049
0.225129
0.5527
0.280441
1.0
0.0149031
-0.000609778
0.675142
0.0675941
0.792441
1.0
0.014849
0.514674
0.336531
0.610661
0.487757
1.0
0.0147951
0.0888326
0.211976
0.183876
0.350022
1.0
0.0147843
0.118444
0.187431
0.156847
0.244388
1.0
0.0147688
0.0844428
0.780107
0.136024
0.838358
1.0
0.0147072
0.95647
0.115634
1.00004
0.190639
1.0
0.014695
0.168353
0.690531
0.206751
0.746231
1.0
0.0146639
0.214323
0.720537
0.257856
0.781974
1.0
0.0146281
0.519338
0.880964
0.608546
0.99567
1.0
0.0146272
0.0702823
0.450527
0.16486
0.593185
1.0
0.0146084
0.210117
0.755984
0.254982
0.818583
1.0
0.0145952
0.120836
0.616563
0.161926
0.677994
1.0
0.0145885
0.120193
0.55261
0.160061
0.615298
1.0
0.0145875
0.320486
0.788242
0.354914
0.840522
1.0
0.0145755
0.298485
0.792856
0.330942
0.841351
1.0
0.014562
0.967483
0.689499
0.999145
0.751645
1.0
0.0145511
0.319781
0.582183
0.362855
0.647623
1.0
0.0145286
0.0013306
0.677732
0.0370997
0.743339
1.0
0.0145218
0.030512
0.644609
0.129923
0.782973
1.0
0.014493
0.190608
0.724523
0.232811
0.785569
1.0
0.0144765
0.292568
0.520827
0.333405
0.577859
1.0
0.0144568
0.34052
0.654634
0.379116
0.710939
1.0
0.0144325
0.563418
0.453131
0.609595
0.520855
1.0
0.0144106
0.0550444
0.952353
0.110082
1.00147
1.0
0.0143998
0.96568
0.585918
0.998403
0.645731
1.0
0.0143932
0.268509
0.718624
0.307442
0.776608
1.0
0.0143736
0.217708
0.652
0.256839
0.707311
1.0
0.0143638
0.5123
0.445942
0.557488
0.514179
1.0
0.0143572
0.753748
0.758643
0.860913
0.914151
1.0
0.014354
0.320991
0.787047
0.408738
0.930815
1.0
0.0143125
0.420197
0.603601
0.512753
0.742347
1.0
0.0142738
0.719855
0.955385
0.759728
0.996452
1.0
0.0142448
0.341881
0.724329
0.377984
0.77769
1.0
0.0142284
0.867715
0.954945
0.909141
0.999443
1.0
0.0142216
0.83137
0.151595
0.944048
0.293564
1.0
0.0141963
0.196937
0.527574
0.235674
0.580261
1.0
0.0141886
0.550974
0.50731
0.659092
0.663543
1.0
0.0141764
0.489765
0.226705
0.532653
0.285129
1.0
0.0141693
0.165774
0.723796
0.21063
0.786
1.0
0.0141243
0.616005
0.118892
0.659301
0.180631
1.0
0.0141125
0.418958
0.619728
0.458459
0.676235
1.0
0.0140933
0.816066
0.957642
0.857494
0.999949
1.0
0.0140896
0.594457
0.953384
0.63454
0.996622
1.0
0.0140647
0.488844
0.379794
0.536531
0.44622
1.0
0.0139717
0.246567
0.28857
0.349003
0.424256
1.0
0.0139241
0.339798
0.546573
0.388455
0.617914
1.0
0.0139087
0.318551
0.618438
0.361135
0.681567
1.0
0.0139045
0.462455
0.521304
0.508136
0.583105
1.0
0.0138999
0.233307
0.816763
0.406351
1.02809
1.0
0.0138861
0.775479
0.741061
0.832581
0.820057
1.0
0.013883
0.0664383
0.876124
0.191853
0.996592
1.0
0.0138678
0.239776
0.719006
0.280843
0.777878
1.0
0.0138578
0.392344
0.285635
0.441034
0.351377
1.0
0.0138458
0.239101
0.518474
0.28171
0.57841
1.0
0.0138446
0.263346
0.518929
0.303428
0.575265
1.0
0.0138446
0.167204
0.526058
0.204708
0.581882
1.0
0.0138078
0.216892
0.68927
0.25704
0.747781
1.0
0.0137105
0.49248
0.956291
0.53114
0.998126
1.0
0.0136891
0.116593
0.282336
0.157891
0.34429
1.0
0.0136793
0.638761
0.549608
0.687818
0.618232
1.0
0.0136477
0.959929
0.316868
0.998883
0.396706
1.0
0.0136143
0.510994
0.15435
0.605951
0.287218
1.0
0.013606
0.339744
0.440753
0.525337
0.748788
1.0
0.0135987
0.381954
0.350115
0.436864
0.426757
1.0
0.0135838
0.00142304
0.717671
0.0375066
0.780181
1.0
0.0135836
0.767394
0.957194
0.810218
0.99947
1.0
0.013571
0.0651931
0.3468
0.160539
0.489799
1.0
0.0135405
0.320552
0.823852
0.355544
0.876732
1.0
0.0135302
0.509334
0.261289
0.548912
0.318137
1.0
0.0134915
0.39583
0.728312
0.429554
0.776489
1.0
0.0134613
0.875362
0.576884
1.00661
0.863772
1.0
0.0134541
0.185019
0.345501
0.28883
0.491497
1.0
0.0134474
0.965929
0.519989
0.997927
0.578682
1.0
0.013418
0.0938177
0.190756
0.131405
0.245596
1.0
0.0134056
0.364635
0.213973
0.414574
0.283899
1.0
0.0134056
0.115763
0.685293
0.160265
0.746347
1.0
0.0133934
0.0647581
0.687713
0.106269
0.746672
1.0
0.0133864
0.469993
0.651794
0.506672
0.70368
1.0
0.0133772
0.272739
0.656493
0.311054
0.71293
1.0
0.0133651
0.118061
0.115843
0.158668
0.179137
1.0
0.0133329
0.336524
0.249148
0.386658
0.317099
1.0
0.0132929
0.487313
0.341359
0.534482
0.411359
1.0
0.0132905
0.0012045
0.859713
0.0370206
0.913978
1.0
0.0132842
0.26162
0.950148
0.305231
0.99647
1.0
0.0132832
0.371865
0.790154
0.403668
0.838787
1.0
0.0132598
0.0194181
0.406908
0.113414
0.550664
1.0
0.0132447
0.281966
0.218399
0.382248
0.3495
1.0
0.0132239
0.268597
0.754158
0.306566
0.809521
1.0
0.0132229
0.112226
0.721622
0.162616
0.784883
1.0
0.0132206
0.469155
0.59662
0.563566
0.740473
1.0
0.0132001
0.195729
0.653074
0.232929
0.706608
1.0
0.0131785
0.344822
0.416477
0.390906
0.479446
1.0
0.0131719
0.568418
0.787637
0.605472
0.841623
1.0
0.0131396
0.291263
0.48829
0.333831
0.544463
1.0
0.013124
0.370426
0.86265
0.402602
0.91251
1.0
0.0131215
0.140149
0.656093
0.230697
0.799177
1.0
0.0131061
0.521396
0.72494
0.557631
0.775964
1.0
0.0130563
0.0133095
0.483428
0.101764
0.634306
1.0
0.0130437
0.168185
0.651468
0.20542
0.707095
1.0
0.0130325
0.365954
0.680962
0.456349
0.825164
1.0
0.0130263
0.850942
0.905548
0.937365
1.00754
1.0
0.0130146
0.295469
0.554175
0.336733
0.612904
1.0
0.0130118
0.603776
0.49658
0.702473
0.631249
1.0
0.0129667
0.462123
0.191851
0.5081
0.254031
1.0
0.0129555
0.492136
0.535049
0.59551
0.693153
1.0
0.0129461
0.722294
0.917096
0.808055
1.00833
1.0
0.0129178
0.428986
0.444093
0.485609
0.519289
1.0
0.0129167
0.523192
0.790882
0.557363
0.841181
1.0
0.0129084
0.19406
0.692316
0.232481
0.748214
1.0
0.0128674
0.933716
0.013345
0.99214
0.0845662
1.0
0.0128538
0.446435
0.80903
0.617505
1.0295
1.0
0.0128317
0.96673
0.654658
0.999016
0.716662
1.0
0.0128299
0.141824
0.5909
0.18054
0.649433
1.0
0.0128268
0.012485
0.82135
0.0569203
0.878325
1.0
0.012821
0.966101
0.553685
0.998468
0.613566
1.0
0.0128035
0.0102667
0.550165
0.0531641
0.622043
1.0
0.012788
0.062828
0.721282
0.111164
0.785612
1.0
0.012786
0.963398
0.811853
0.999022
0.881753
1.0
0.0127705
0.718662
0.777003
0.764098
0.842956
1.0
0.0127629
0.0949687
0.58775
0.134272
0.646709
1.0
0.012756
0.419914
0.653813
0.455889
0.705895
1.0
0.0127426
0.239076
0.653915
0.277497
0.708177
1.0
0.0127395
0.569689
0.224594
0.606426
0.278557
1.0
0.0127364
0.474119
0.748278
0.563289
0.883633
1.0
0.0127154
0.0147381
0.785955
0.0588387
0.841283
1.0
0.0126928
0.395166
0.62066
0.436317
0.677859
1.0
0.0126894
0.319395
0.521252
0.36446
0.58422
1.0
0.0126874
0.364401
0.615745
0.405556
0.676501
1.0
0.0126669
0.390143
0.214528
0.443259
0.287248
1.0
0.0126358
0.344841
0.787694
0.378863
0.837919
1.0
0.0126305
0.639698
0.805636
0.819803
1.02563
1.0
0.0126116
0.567864
0.770906
0.664283
0.916811
1.0
0.0126063
0.77168
0.662169
0.874661
0.805982
1.0
0.0125784
0.396225
0.653666
0.433078
0.705743
1.0
0.0125779
0.217505
0.213512
0.313343
0.337859
1.0
0.0125667
0.166335
0.618476
0.20455
0.674861
1.0
0.0125612
0.093447
0.386557
0.135208
0.449121
1.0
0.0125429
0.203558
0.773975
0.306012
0.92182
1.0
0.012521
0.067908
0.158029
0.10346
0.211529
1.0
0.0125153
0.619378
0.223205
0.655841
0.27745
1.0
0.0125153
0.916183
0.953358
0.959888
0.999778
1.0
0.0125041
0.490121
0.194371
0.531673
0.249109
1.0
0.0125007
0.298489
0.823013
0.331614
0.873241
1.0
0.0124696
0.0107855
0.260853
0.108678
0.418288
1.0
0.012444
0.790172
0.20386
0.896451
0.338866
1.0
0.0124358
0.46047
0.481807
0.51057
0.549229
1.0
0.0124264
0.317329
0.449502
0.359593
0.510069
1.0
0.0124179
0.514255
0.383595
0.558668
0.449418
1.0
0.0124044
0.0383484
0.206025
0.134285
0.345672
1.0
0.0124038
0.619596
0.786699
0.656343
0.840502
1.0
0.0123737
0.52197
0.824647
0.555409
0.872944
1.0
0.0123671
0.514403
0.518242
0.560283
0.584985
1.0
0.0123624
0.369755
0.757983
0.403951
0.807019
1.0
0.0123511
0.619341
0.287955
0.657447
0.345656
1.0
0.0123282
0.140183
0.568387
0.228102
0.709069
1.0
0.0123222
0.116632
0.320524
0.157391
0.381223
1.0
0.0123222
0.366753
0.653325
0.403965
0.707697
1.0
0.0123069
0.0744408
0.207738
0.29394
0.539116
1.0
0.0123006
0.667069
0.958424
0.706047
0.998714
1.0
0.012292
0.667762
0.888819
0.762026
0.999144
1.0
0.0122894
0.0664768
0.21865
0.104491
0.277929
1.0
0.0122807
0.238864
0.755175
0.280153
0.813235
1.0
0.0122718
0.164681
0.250102
0.207523
0.310403
1.0
0.0122578
0.617864
0.909408
0.69883
1.00179
1.0
0.0122522
0.564054
0.383239
0.611154
0.450891
1.0
0.0122394
0.446302
0.728099
0.479466
0.775379
1.0
0.0122278
0.564096
0.68362
0.668308
0.84015
1.0
0.0122104
0.412777
0.188597
0.465448
0.259795
1.0
0.0122083
0.420211
0.745578
0.504839
0.881009
1.0
0.0121943
0.343333
0.755728
0.379178
0.806985
1.0
0.0121725
0.46799
0.759986
0.501003
0.807952
1.0
0.0121669
0.27159
0.689093
0.309364
0.745635
1.0
0.012097
0.960837
0.375843
0.99921
0.455389
1.0
0.0120859
0.369095
0.728116
0.403425
0.77874
1.0
0.0120811
0.913852
0.473979
0.99147
0.616059
1.0
0.0120646
0.526128
0.738077
0.618523
0.881921
1.0
0.0120572
0.250978
0.480921
0.4318
0.783673
1.0
0.0120392
0.423124
0.862861
0.455252
0.911476
1.0
0.0120376
0.140367
0.645409
0.182565
0.706877
1.0
0.0120233
0.0989691
0.620279
0.138389
0.680323
1.0
0.0120232
0.0437801
0.113169
0.129924
0.243868
1.0
0.0120014
0.447393
0.759633
0.481325
0.808128
1.0
0.0119856
0.446374
0.861692
0.479397
0.911107
1.0
0.0119818
0.470733
0.790952
0.501575
0.837006
1.0
0.0119763
0.909677
0.18018
0.962675
0.254301
1.0
0.0119747
0.394978
0.792297
0.425839
0.838847
1.0
0.0119659
0.141363
0.688744
0.184741
0.74828
1.0
0.0119654
0.566546
0.321829
0.607434
0.380993
1.0
0.0119361
0.605521
0.611189
0.709707
0.76415
1.0
0.0119061
0.340804
0.615756
0.38385
0.678266
1.0
0.0118821
0.121032
0.152327
0.159712
0.208897
1.0
0.0118709
0.0906071
0.688376
0.134015
0.747647
1.0
0.0118611
0.334001
0.81891
0.498886
1.02888
1.0
0.0118542
0.614399
0.245484
0.711088
0.396657
1.0
0.0118494
0.163453
0.218312
0.262875
0.352348
1.0
0.0118493
0.340138
0.689149
0.378386
0.746333
1.0
0.0118407
0.166671
0.0978948
0.265879
0.240111
1.0
0.011838
0.322289
0.856874
0.357733
0.911602
1.0
0.0118197
0.293252
0.956093
0.333444
0.99904
1.0
0.0118191
0.671485
0.6653
0.777795
0.811178
1.0
0.0117933
0.644942
0.248995
0.680842
0.304924
1.0
0.0117794
0.499728
0.674525
0.591898
0.817351
1.0
0.0117708
0.0696629
0.119327
0.106521
0.177203
1.0
0.0117681
0.115597
0.385437
0.156408
0.445671
1.0
0.0117315
0.218421
0.494508
0.25893
0.548881
1.0
0.0117199
0.507779
0.312914
0.548888
0.373786
1.0
0.0116835
0.166486
0.491544
0.205484
0.545635
1.0
0.0116805
0.928373
0.199568
1.00506
0.357585
1.0
0.011672
0.515657
0.194439
0.555297
0.248148
1.0
0.0116698
0.145382
0.552026
0.184836
0.613788
1.0
0.0116675
0.371294
0.826629
0.40291
0.875559
1.0
0.0116622
0.762055
0.693746
0.810671
0.761453
1.0
0.0116407
0.11863
0.426238
0.213123
0.566662
1.0
0.0116321
0.269653
0.791493
0.3065
0.843724
1.0
0.0116109
0.521878
0.861573
0.554616
0.910197
1.0
0.0116088
0.0391072
0.75375
0.0864077
0.813482
1.0
0.0116018
0.53396
0.79815
0.71283
1.02403
1.0
0.0115745
0.639479
0.953994
0.681525
0.997434
1.0
0.0115724
0.497847
0.794061
0.529503
0.839819
1.0
0.0115616
0.369161
0.476602
0.417201
0.545885
1.0
0.0115143
0.71839
0.691336
0.763733
0.75789
1.0
0.0115038
0.513736
0.349634
0.554854
0.41173
1.0
0.0114957
0.115664
0.277911
0.216902
0.432944
1.0
0.0114881
0.967307
0.621266
0.999007
0.678938
1.0
0.0114674
0.000410752
0.386919
0.0328964
0.447453
1.0
0.0114439
0.0951084
0.32055
0.134715
0.380241
1.0
0.0113944
0.14207
0.183901
0.180561
0.239719
1.0
0.0113758
0.65316
0.544875
0.749624
0.687193
1.0
0.0113476
0.522393
0.756339
0.55836
0.808577
1.0
0.0113424
0.118857
0.488822
0.158141
0.546907
1.0
0.01134
0.346694
0.860245
0.380523
0.91133
1.0
0.0113338
0.569959
0.194027
0.60492
0.244385
1.0
0.0113318
0.00495209
0.743388
0.0970908
0.864384
1.0
0.0113219
0.297963
0.585222
0.337577
0.645103
1.0
0.011312
0.193386
0.154575
0.419839
0.463146
1.0
0.0112777
0.839452
0.742333
0.937671
0.890656
1.0
0.0112776
0.394118
0.757923
0.428584
0.806494
1.0
0.0112754
0.26437
0.550599
0.303674
0.608922
1.0
0.0112754
0.570434
0.819876
0.605867
0.871895
1.0
0.0112395
0.472434
0.826646
0.503715
0.873344
1.0
0.0112169
0.434193
0.0379712
0.910245
0.678333
1.0
0.0112115
0.139962
0.250896
0.183397
0.310605
1.0
0.0111987
0.940829
0.922786
0.989953
0.988381
1.0
0.0111983
0.935064
0.555585
1.00367
0.683621
1.0
0.0111883
0.421795
0.691025
0.456186
0.741165
1.0
0.0111809
0.44922
0.787289
0.481704
0.834881
1.0
0.0111748
0.466764
0.586686
0.507789
0.645153
1.0
0.0111575
0.535541
0.0707385
0.634997
0.208033
1.0
0.0111574
0.096039
0.487828
0.136517
0.547861
1.0
0.0111529
0.446922
0.653479
0.484101
0.70541
1.0
0.0111473
0.296371
0.624258
0.337028
0.684616
1.0
0.0111325
0.00102141
0.315077
0.0334507
0.377909
1.0
0.0111087
0.622651
0.860087
0.65647
0.911279
1.0
0.0110991
0.842408
0.9573
0.883993
1.0007
1.0
0.0110868
0.921311
0.751384
0.96216
0.816582
1.0
0.0110767
0.813187
0.690517
0.854011
0.75049
1.0
0.0110607
0.460853
0.381144
0.510935
0.449964
1.0
0.0110039
0.541141
0.25525
0.579474
0.310906
1.0
0.0109933
0.0940058
0.220768
0.133881
0.278788
1.0
0.0109783
0.641779
0.731418
0.751119
0.879612
1.0
0.0109628
0.421863
0.727143
0.454835
0.775067
1.0
0.0109411
0.215977
0.61936
0.257382
0.678863
1.0
0.0109363
0.397006
0.865733
0.427959
0.912617
1.0
0.0109359
0.442958
0.678191
0.527884
0.81194
1.0
0.0109262
0.318757
0.225518
0.361838
0.286071
1.0
0.0109005
0.617856
0.654672
0.658657
0.712774
1.0
0.0108963
0.17054
0.149473
0.210774
0.207278
1.0
0.010896
0.498526
0.827578
0.530527
0.873942
1.0
0.010894
0.595429
0.787161
0.631781
0.840317
1.0
0.0108915
0.0935864
0.117088
0.132985
0.176887
1.0
0.0108816
0.497532
0.724862
0.531923
0.772771
1.0
0.0108811
0.787579
0.277729
0.890027
0.425556
1.0
0.0108806
0.469546
0.726491
0.502192
0.77416
1.0
0.0108657
0.55969
0.368711
0.654121
0.519304
1.0
0.0108593
0.239094
0.787828
0.279525
0.842262
1.0
0.0108583
0.560212
0.511518
0.611637
0.588273
1.0
0.0108316
0.443761
0.621433
0.485183
0.678727
1.0
0.0108163
0.616116
0.320699
0.655812
0.380069
1.0
0.0107976
0.092217
0.452689
0.133799
0.514459
1.0
0.0107971
0.886552
0.146438
0.938926
0.210649
1.0
0.0107925
0.46567
0.154963
0.510064
0.210155
1.0
0.0107925
0.523586
0.890273
0.556953
0.943058
1.0
0.010772
0.560911
0.576944
0.610139
0.64468
1.0
0.0107482
0.367358
0.689924
0.404556
0.745308
1.0
0.0107313
0.298621
0.321219
0.341887
0.380101
1.0
0.010726
-0.00608024
0.422485
0.0597755
0.54362
1.0
0.0107238
0.669215
0.288893
0.704183
0.341895
1.0
0.0107186
0.19485
0.492356
0.235793
0.544903
1.0
0.0107142
0.595025
0.248615
0.630012
0.30158
1.0
0.010714
0.00993489
0.277344
0.0530805
0.346674
1.0
0.0107117
0.541524
0.120745
0.584177
0.180414
1.0
0.0107016
0.764525
0.341714
0.860512
0.488196
1.0
0.010679
0.910068
0.118727
0.967121
0.189022
1.0
0.0106751
0.547578
0.78857
0.583741
0.839655
1.0
0.0106506
0.0657465
0.421284
0.109422
0.482505
1.0
0.0106409
0.808506
0.749428
0.853607
0.814739
1.0
0.0106361
0.422424
0.757416
0.455715
0.805308
1.0
0.010628
0.61898
0.191702
0.654281
0.243936
1.0
0.0106164
0.93566
0.625192
1.0042
0.767091
1.0
0.0106144
0.491675
0.64992
0.530323
0.703772
1.0
0.010614
0.189387
0.430036
0.288002
0.566405
1.0
0.0106139
0.888104
0.214864
0.940335
0.28177
1.0
0.0106072
0.0965028
0.519673
0.1355
0.580829
1.0
0.0105869
0.616098
0.580922
0.661227
0.645994
1.0
0.0105685
0.540054
0.320293
0.579718
0.377741
1.0
0.0105497
0.116097
0.624154
0.30259
0.906909
1.0
0.0105339
0.515213
0.585465
0.557393
0.647181
1.0
0.0105084
0.59331
0.72654
0.633178
0.78232
1.0
0.0104725
0.00185873
0.519754
0.0356804
0.58713
1.0
0.0104533
0.0629162
0.815764
0.113425
0.876618
1.0
0.010453
0.345435
0.828401
0.379377
0.879394
1.0
0.0104437
0.315273
0.487291
0.360655
0.548607
1.0
0.010443
0.168244
0.180357
0.208098
0.239039
1.0
0.010443
0.668282
0.250157
0.70385
0.305826
1.0
0.0104335
0.96395
0.244338
1.00194
0.319107
1.0
0.0104296
0.591074
0.321693
0.631377
0.380466
1.0
0.0104152
0.422196
0.829012
0.453934
0.876628
1.0
0.0104152
0.111953
0.955553
0.161442
1.00271
1.0
0.0104125
0.544051
0.482536
0.592533
0.552793
1.0
0.0104097
0.0696674
0.588087
0.107456
0.647225
1.0
0.0104079
0.665584
0.205875
0.761054
0.335996
1.0
0.0103911
0.645221
0.289096
0.68167
0.344261
1.0
0.010349
0.54274
0.727582
0.581835
0.779311
1.0
0.010341
0.669522
0.78649
0.707868
0.840112
1.0
0.0103325
0.342219
0.184231
0.389158
0.248785
1.0
0.0103274
-0.0069279
0.352784
0.058728
0.469669
1.0
0.0103273
0.195151
0.62033
0.23464
0.677151
1.0
0.0102878
0.292915
0.456026
0.33551
0.514755
1.0
0.0102873
0.39875
0.896858
0.430364
0.94759
1.0
0.0102611
0.470802
0.861039
0.502728
0.909305
1.0
0.0102544
0.00476192
0.12244
0.0760867
0.248405
1.0
0.010241
0.645331
0.321524
0.681758
0.376109
1.0
0.0102401
0.613004
0.518356
0.661205
0.587922
1.0
0.0102268
0.268973
0.822792
0.305592
0.874163
1.0
0.0102268
0.41974
0.896054
0.452468
0.947243
1.0
0.0102033
0.814313
0.614326
0.909683
0.758922
1.0
0.0101665
0.499151
0.861528
0.53014
0.907955
1.0
0.0101521
0.340706
0.486526
0.387729
0.553598
1.0
0.0101456
0.534272
0.00383059
0.585069
0.0571304
1.0
0.0101216
0.0674604
0.388029
0.111077
0.451119
1.0
0.0101077
0.616535
0.724837
0.658818
0.784339
1.0
0.0100948
0.042457
0.183265
0.0814449
0.241831
1.0
0.010076
0.266841
0.14233
0.371138
0.279519
1.0
0.0100714
0.790161
0.406463
0.886832
0.565787
1.0
0.0100594
0.422225
0.790596
0.453792
0.838077
1.0
0.0100464
0.919282
0.690081
0.9562
0.747689
1.0
0.0100438
0.695254
0.959984
0.735702
1.00001
1.0
0.0100369
0.395714
0.691187
0.432948
0.744724
1.0
0.0100347
0.613034
0.138835
0.709009
0.27879
1.0
0.0100319
0.569272
0.727897
0.609399
0.783147
1.0
0.0100227
0.570412
0.85695
0.603806
0.907358
