1.0
0.97807
0.506662
0.315428
0.712695
0.675919
1.0
0.0589956
0.00200731
0.755354
0.263369
1.00174
1.0
0.0493414
0.0338349
0.615734
0.411294
1.12317
1.0
0.0417868
0.237635
0.507685
0.704465
1.05633
1.0
0.0395203
0.811722
0.863788
0.862368
0.946905
1.0
0.0324045
0.682295
0.419818
0.727349
0.493396
1.0
0.0310939
0.648291
0.364606
0.738618
0.522922
1.0
0.0284018
0.632964
0.512438
0.680049
0.58722
1.0
0.0275653
0.556807
0.254914
0.677746
0.418686
1.0
0.0273634
0.938915
0.945058
0.988036
0.998424
1.0
0.0267132
0.0242371
0.716124
0.114545
0.836648
1.0
0.0261027
0.11417
0.60603
0.220923
0.74071
1.0
0.0250585
0.51365
0.0578664
0.619852
0.210278
1.0
0.0237244
0.461824
0.389321
0.503379
0.462816
1.0
0.0232021
-0.000939697
0.219383
0.273621
0.783543
1.0
0.0229997
0.0813855
0.672312
0.191843
0.824284
1.0
0.0229003
0.663023
0.0909735
0.776986
0.245569
1.0
0.0223766
0.0126052
0.945878
0.0619374
0.995185
1.0
0.0222242
0.662848
0.320223
0.70845
0.393372
1.0
0.0218938
0.426897
0.515581
0.655707
0.83862
1.0
0.0215008
0.466227
0.344203
0.564875
0.523656
1.0
0.0213371
0.730298
0.748769
0.991088
1.01466
1.0
0.0209883
0.114562
0.618805
0.165168
0.690763
1.0
0.0203306
0.608037
0.532959
0.662925
0.618666
1.0
0.0200887
0.0140773
0.74601
0.067531
0.820303
1.0
0.0200607
0.172057
0.597056
0.278922
0.735488
1.0
0.0199308
0.541187
0.322367
0.586383
0.38622
1.0
0.0198541
0.615701
0.284308
0.664202
0.355186
1.0
0.0198541
0.860132
0.950025
0.906728
0.999353
1.0
0.0197906
0.627261
0.263128
0.730774
0.418888
1.0
0.0197378
0.762796
0.953021
0.808361
1.00025
1.0
0.0193406
0.592049
0.32007
0.639712
0.389005
1.0
0.0189761
0.587726
0.448644
0.694675
0.62852
1.0
0.0189159
0.645676
0.348714
0.689838
0.415806
1.0
0.0187879
0.59045
0.0214834
0.638797
0.0912145
1.0
0.0186906
0.0694401
0.567436
0.167466
0.69805
1.0
0.0186108
0.962876
0.883894
0.998089
0.950016
1.0
0.0184385
0.927865
0.222019
0.997542
0.353538
1.0
0.0183183
0.965297
0.816272
0.998748
0.881754
1.0
0.0182931
0.715654
0.878734
0.81641
0.996649
1.0
0.0179896
0.715232
0.9516
0.762489
0.998485
1.0
0.0176281
0.0687735
0.00556013
0.549328
0.802425
1.0
0.0175299
0.669656
0.393305
0.711195
0.463962
1.0
0.0174799
0.543112
0.912269
0.585707
0.972123
1.0
0.0173293
0.644062
0.416494
0.688538
0.484319
1.0
0.0172361
0.541821
0.118667
0.587686
0.183414
1.0
0.0171808
0.246683
0.680155
0.350803
0.830786
1.0
0.0170455
0.060563
0.954944
0.107841
0.998222
1.0
0.0169838
0.56572
0.951725
0.606292
0.996766
1.0
0.0168461
0.00390305
0.250874
0.0354614
0.309957
1.0
0.0168415
0.54077
0.288486
0.586649
0.351671
1.0
0.0168293
0.615804
0.393254
0.656709
0.45689
1.0
0.0167439
0.524358
0.0907166
0.726983
0.425419
1.0
0.0166746
0.907027
0.885988
0.995604
0.9949
1.0
0.0165028
0.696549
0.000453129
0.901359
0.237766
1.0
0.0164
0.614117
0.449117
0.662247
0.523691
1.0
0.0163566
0.063866
0.691168
0.108249
0.757057
1.0
0.0162303
0.535673
0.00815276
0.634721
0.124287
1.0
0.0161657
0.476176
-0.0260034
0.682593
0.24909
1.0
0.0161527
0.162083
0.588008
0.214157
0.655241
1.0
0.0161352
0.15215
0.654966
0.256958
0.81489
1.0
0.0161039
0.466925
0.712827
0.885987
1.01091
1.0
0.0160625
0.912933
0.950115
0.95996
0.999876
1.0
0.0160113
0.926961
0.401371
0.998849
0.584659
1.0
0.015985
0.666283
0.00303929
0.708639
0.0508815
1.0
0.0159789
0.960883
0.218825
0.997697
0.286001
1.0
0.0159502
0.187827
0.646892
0.241436
0.722975
1.0
0.0159171
0.554752
0.148313
0.657406
0.27939
1.0
0.0157732
0.0475117
0.628367
0.147953
0.763039
1.0
0.015759
0.513956
0.225525
0.619843
0.365498
1.0
0.0157452
0.589746
0.119474
0.632481
0.178642
1.0
0.015731
0.0922293
0.647988
0.139148
0.714373
1.0
0.0157274
0.640195
0.00282359
0.683167
0.0516855
1.0
0.0156959
0.592558
0.00822461
0.808748
0.303029
1.0
0.0156903
0.51757
0.117949
0.561141
0.179999
1.0
0.0156169
0.614751
0.35258
0.658353
0.416763
1.0
0.0155917
0.579259
0.0709523
0.678536
0.210547
1.0
0.0155788
0.871106
0.169471
1.00607
0.450217
1.0
0.0155321
0.563705
0.351819
0.608835
0.418011
1.0
0.0153739
0.616413
0.143264
0.720406
0.277957
1.0
0.0153278
0.611548
0.00459348
0.657176
0.0568458
1.0
0.0152872
0.56352
0.147839
0.606351
0.205985
1.0
0.0152243
0.798311
0.890174
0.881768
1.0019
1.0
0.0152182
0.0028796
0.787108
0.0391404
0.845024
1.0
0.0150804
0.210507
0.616259
0.261974
0.691708
1.0
0.015045
0.674105
0.911113
0.768912
1.00538
1.0
0.0149029
0.00141769
0.892489
0.0350571
0.947804
1.0
0.0148493
0.0699511
0.621503
0.111676
0.684828
1.0
0.0148493
0.1164
0.956872
0.160372
0.998046
1.0
0.0148352
0.391083
0.110419
0.488004
0.258127
1.0
0.0147485
0.567875
0.223288
0.611315
0.281215
1.0
0.0147186
0.0831905
0.719569
0.130883
0.784488
1.0
0.0146718
0.540986
0.254268
0.586692
0.317617
1.0
0.0146114
0.755482
0.821863
0.856806
0.961077
1.0
0.0145954
0.00317094
0.321762
0.0333009
0.377872
1.0
0.0145854
0.737409
0.922099
0.786763
0.985877
1.0
0.0145121
0.491997
0.28739
0.605074
0.459598
1.0
0.0144266
0.0895879
0.5532
0.132746
0.61139
1.0
0.0144194
0.66455
0.2582
0.708171
0.32111
1.0
0.0143442
0.614914
0.124028
0.655627
0.180385
1.0
0.0143027
0.0724243
0.210686
0.16592
0.345622
1.0
0.0142962
0.603532
0.617774
0.72584
0.781177
1.0
0.0142897
0.528751
0.872299
0.612768
0.984216
1.0
0.014287
0.885698
0.921645
0.939311
0.989646
1.0
0.0142543
0.817366
0.945012
0.863138
0.997489
1.0
0.0141891
0.00256922
0.772314
0.0856475
0.897214
1.0
0.0141693
0.710907
0.321504
0.751313
0.383719
1.0
0.0141639
0.00993898
0.681861
0.0571875
0.750643
1.0
0.0140997
0.162035
0.957948
0.205863
1.00012
1.0
0.0140994
-0.000579314
0.208423
0.0579718
0.326363
1.0
0.0140922
0.267737
0.719356
0.310918
0.78283
1.0
0.0140866
0.420831
0.590111
0.552758
0.761186
1.0
0.0140807
0.642386
0.12524
0.684248
0.181141
1.0
0.014073
0.564974
0.00449827
0.610943
0.0548079
1.0
0.0140711
0.590058
0.247654
0.636799
0.313322
1.0
0.01402
0.0901153
0.590518
0.134918
0.654359
1.0
0.0139977
0.00408495
0.190699
0.037756
0.252053
1.0
0.0139848
0.664494
0.148034
0.711854
0.211226
1.0
0.0139374
0.637994
0.256087
0.685251
0.322205
1.0
0.0138615
0.688794
0.256595
0.732711
0.316919
1.0
0.0137673
0.691863
0.00444602
0.735257
0.0500693
1.0
0.0136517
0.267094
0.753169
0.310096
0.816884
1.0
0.0136207
0.112912
0.675627
0.165416
0.752516
1.0
0.0136049
0.0880499
0.684682
0.134718
0.752722
1.0
0.013561
0.214909
0.714191
0.257446
0.777858
1.0
0.0134606
0.517271
0.285561
0.562701
0.349324
1.0
0.0134451
0.0450512
0.893445
0.161707
1.00136
1.0
0.0134364
0.743005
0.855874
0.78872
0.916243
1.0
0.013426
0.96336
0.117672
0.99783
0.180652
1.0
0.0134056
0.960201
0.277453
0.997982
0.349586
1.0
0.0133924
0.0568625
0.777901
0.164073
0.922267
1.0
0.0133508
0.0100092
0.814166
0.0563639
0.874062
1.0
0.0133387
0.515418
0.34974
0.563577
0.421293
1.0
0.0133024
0.714642
0.0824813
0.763509
0.145587
1.0
0.0132923
0.46958
0.102398
0.574132
0.246926
1.0
0.0132903
0.261185
0.618266
0.307563
0.68601
1.0
0.0132893
0.764481
0.118697
0.808631
0.176721
1.0
0.0132265
0.0025678
0.283295
0.0337814
0.340232
1.0
0.0131929
0.113426
0.0963539
0.22006
0.260147
1.0
0.0131431
0.495274
0.118532
0.536035
0.177678
1.0
0.0130745
0.00134265
0.719124
0.0382637
0.78385
1.0
0.0130626
0.588369
0.189237
0.630851
0.245913
1.0
0.0130002
0.96466
0.152867
0.997892
0.21171
1.0
0.0129785
0.769715
0.854014
0.813706
0.918608
1.0
0.0129677
0.667351
0.0896868
0.711287
0.149142
1.0
0.0129643
0.08814
0.957977
0.133906
0.999636
1.0
0.012949
0.715581
0.00391589
0.763189
0.0525658
1.0
0.0129382
0.614267
0.955095
0.656468
0.999709
1.0
0.0129202
0.668577
0.73956
0.784977
0.900763
1.0
0.0128873
0.116055
0.252886
0.155783
0.308459
1.0
0.0128732
0.937355
0.0184349
0.993062
0.0932875
1.0
0.0128492
0.713102
0.115252
0.7605
0.178475
1.0
0.0128385
0.613334
0.224854
0.658784
0.284023
1.0
0.0127622
0.290852
0.110541
0.394057
0.259593
1.0
0.0127363
0.590001
0.954643
0.631806
0.999526
1.0
0.0127362
0.684984
0.350467
0.729422
0.41936
1.0
0.0127223
0.242155
0.718209
0.283926
0.778713
1.0
0.0125612
0.235312
0.644243
0.284991
0.718527
1.0
0.012521
0.520539
0.955799
0.558744
0.997334
1.0
0.0125201
0.616315
0.185685
0.660167
0.245427
1.0
0.0124984
0.940971
0.190625
0.987866
0.257216
1.0
0.0124865
0.687397
0.289413
0.73187
0.3532
1.0
0.0124643
0.236289
0.590566
0.281006
0.65498
1.0
0.0124506
0.528147
0.806873
0.714674
1.02388
1.0
0.0124383
0.791819
0.951711
0.838511
1.00167
1.0
0.0123784
0.565655
0.186214
0.607749
0.242823
1.0
0.0123568
0.264932
0.681677
0.310522
0.750008
1.0
0.0123373
0.738533
0.115824
0.78473
0.175939
1.0
0.0122947
0.684545
0.466685
0.730968
0.538826
1.0
0.0121333
0.589791
0.484693
0.640846
0.559102
1.0
0.0120676
0.667534
0.956494
0.711572
1.00072
1.0
0.0120561
0.13715
0.539605
0.236722
0.67901
1.0
0.0120557
0.918611
0.245924
0.964503
0.316678
1.0
0.0120462
0.117447
0.528606
0.310517
0.801982
1.0
0.0120255
0.30691
0.651271
0.433119
0.8218
1.0
0.01196
0.420063
0.117909
0.458698
0.176773
1.0
0.0119219
0.4683
0.120382
0.506517
0.178111
1.0
0.0119202
0.542846
0.183033
0.58637
0.238934
1.0
0.0119116
0.00570171
0.898632
0.0947732
0.997082
1.0
0.0119056
0.918195
0.193449
0.960265
0.253582
1.0
0.0118823
0.441449
0.118617
0.481488
0.178024
1.0
0.0118796
0.0940937
0.251458
0.135042
0.307679
1.0
0.0118713
0.711712
0.288461
0.754512
0.351703
1.0
0.0118229
0.00112922
0.653099
0.0377493
0.718422
1.0
0.0118111
0.815131
0.11722
0.860446
0.175941
1.0
0.0117321
0.0870075
0.0210532
0.288342
0.382013
1.0
0.0117306
0.0602083
0.776465
0.106644
0.835048
1.0
0.0116941
0.516596
0.22499
0.559035
0.282531
1.0
0.0116622
0.565294
0.0865992
0.609931
0.146632
1.0
0.01163
0.588661
0.079596
0.635291
0.144174
1.0
0.0115664
0.00520566
0.591604
0.084617
0.728448
1.0
0.0115587
0.00202994
0.352317
0.0336193
0.410004
1.0
0.0115539
0.687958
0.118691
0.736477
0.182568
1.0
0.0115135
0.959944
0.00553973
0.997786
0.0582868
1.0
0.011496
0.219026
0.952061
0.261785
0.996291
1.0
0.0114252
0.517795
0.744046
0.619316
0.897092
1.0
0.01142
0.0645174
0.499041
0.15427
0.633542
1.0
0.0113648
0.563338
0.907068
0.651757
1.00686
1.0
0.0113545
0.255806
0.592894
0.359989
0.73999
1.0
0.0113447
0.479316
0.637221
0.596759
0.801634
1.0
0.0113338
0.959706
0.0489171
0.996095
0.112242
1.0
0.0113275
0.281844
0.501619
0.513609
0.819808
1.0
0.0113106
0.818059
0.257512
0.857642
0.313184
1.0
0.0113037
0.466816
0.954056
0.50738
0.995573
1.0
0.0113034
0.49119
0.956917
0.530806
0.998551
1.0
0.0112908
0.966379
0.348878
0.998924
0.416724
1.0
0.0112874
0.802565
0.0949792
0.916493
0.244234
1.0
0.0112702
0.466928
0.15418
0.506139
0.209843
1.0
0.0112468
0.640127
0.957652
0.684716
1.00194
1.0
0.0112366
0.679201
0.221075
0.77728
0.358847
1.0
0.0112315
0.789642
0.215696
0.885621
0.346071
1.0
0.0112267
0.967148
0.752388
0.999229
0.818839
1.0
0.011158
0.00142302
0.857812
0.0338141
0.911415
1.0
0.0110994
0.961904
0.617433
0.996197
0.68206
1.0
0.011086
0.702633
0.446157
0.745477
0.513191
1.0
0.0110815
0.467802
0.884977
0.562829
0.997625
1.0
0.0110763
0.894693
0.223052
0.935773
0.279605
1.0
0.0110722
0.636338
0.29996
0.829407
0.590446
1.0
0.0109913
0.0022642
0.387117
0.0334124
0.445639
1.0
0.0109878
0.667357
0.0534795
0.707618
0.110887
1.0
0.0109563
0.134281
0.712667
0.18498
0.783883
1.0
0.0109483
0.593564
0.413453
0.640601
0.486748
1.0
0.0109378
0.713369
0.2537
0.75605
0.313573
1.0
0.0109309
0.746737
0.00474799
0.845156
0.103044
1.0
0.0109204
0.211879
0.0998532
0.321266
0.25902
1.0
0.010893
0.369514
0.11946
0.407672
0.175479
1.0
0.0108765
0.113377
0.748446
0.159715
0.811823
1.0
0.0108168
0.34022
0.136462
0.442161
0.277966
1.0
0.0107925
0.216343
0.751643
0.25739
0.813264
1.0
0.0107852
0.892289
0.193389
0.933014
0.250971
1.0
0.0107848
0.540381
0.0186812
0.587905
0.0857242
1.0
0.010773
0.94662
0.855482
0.990099
0.920004
1.0
0.0107484
0.634428
0.649095
0.695206
0.72964
1.0
0.0107238
0.817588
0.287689
0.858625
0.347329
1.0
0.0107039
0.543085
0.224336
0.587809
0.282302
1.0
0.0107015
0.192455
0.752198
0.235351
0.815496
1.0
0.0106561
0.350179
0.334595
0.541343
0.675222
1.0
0.0106188
0.848741
0.210255
0.946401
0.349039
1.0
0.0106183
0.86634
0.189525
0.907916
0.247275
1.0
0.0106124
0.211963
0.0187951
0.430349
0.382271
1.0
0.0105396
0.00173229
0.450746
0.0346233
0.513711
1.0
0.0105171
0.965097
0.384602
0.998907
0.458225
1.0
0.0105155
0.157803
0.673442
0.211686
0.750422
1.0
0.0105081
0.922371
0.750542
0.99938
0.898218
1.0
0.0105008
0.493602
0.151087
0.535745
0.208439
1.0
0.0104821
0.139846
0.25441
0.179337
0.308303
1.0
0.0104577
0.244377
0.754801
0.28573
0.815531
1.0
0.010382
0.515195
0.0864587
0.560972
0.146454
1.0
0.0103363
0.318657
0.117126
0.356017
0.173447
1.0
0.0103207
0.540902
0.384343
0.587966
0.453953
1.0
0.0103019
0.34292
0.120006
0.381059
0.17606
1.0
0.010271
0.606686
0.000290997
0.694441
0.0926173
1.0
0.010271
0.132192
0.20924
0.236492
0.350236
1.0
0.0102689
0.664902
0.221895
0.708651
0.280356
1.0
0.0102447
0.856151
0.85697
0.900532
0.919232
1.0
0.0102405
0.74095
0.821005
0.789507
0.885323
1.0
0.0102176
0.687646
0.178721
0.734594
0.241881
1.0
0.0102035
0.85967
0.826928
0.901563
0.886405
1.0
0.0101849
0.716729
0.222116
0.759134
0.277703
1.0
0.0101711
0.394819
0.120492
0.432927
0.177492
1.0
0.010171
0.765597
0.152246
0.811281
0.210946
1.0
0.0101708
0.701133
0.285574
0.800106
0.432747
1.0
0.0100676
0.859183
0.00237078
0.997386
0.213061
1.0
0.0100571
0.715116
0.854054
0.760392
0.914053
1.0
0.0100319
0.708996
0.391951
0.749312
0.456333
1.0
0.0100095
0.891118
0.887926
0.934214
0.948284
