1.0
0.931429
0.365819
0.233194
0.509134
0.458945
1.0
0.0552743
0.620466
0.553683
0.967232
1.06955
1.0
0.0494046
-0.00156431
0.777721
0.250444
1.01742
1.0
0.0429759
0.63353
-0.000119857
0.862766
0.235098
1.0
0.0362755
0.253889
0.677752
0.768725
1.02872
1.0
0.0362128
0.665967
0.0287645
1.00428
0.614861
1.0
0.0336246
0.365843
0.31668
0.414489
0.387105
1.0
0.0317966
0.00965104
0.939119
0.0671269
0.995987
1.0
0.0295352
0.937742
0.0144109
0.992138
0.0838227
1.0
0.0288479
0.0631475
0.727888
0.168919
0.845314
1.0
0.0283309
0.108439
0.744686
0.219773
0.872996
1.0
0.0267207
0.90075
0.115056
0.995869
0.271102
1.0
0.0262152
0.0187124
0.911281
0.12991
1.00289
1.0
0.0260169
0.509814
0.285302
0.555297
0.357578
1.0
0.0256047
0.475507
0.271681
0.567785
0.431818
1.0
0.0254381
0.00915341
0.0176853
0.0896705
0.136891
1.0
0.0243638
0.0686973
0.879614
0.186134
0.994693
1.0
0.0243585
0.00173844
0.608194
0.063746
0.72703
1.0
0.0243155
0.0346495
0.383512
0.388379
0.958303
1.0
0.0229946
0.611972
0.0646332
0.721716
0.217508
1.0
0.021986
0.0860818
0.758945
0.135985
0.819329
1.0
0.021982
0.486181
0.251226
0.538189
0.329026
1.0
0.0218089
0.411139
0.218687
0.462622
0.288817
1.0
0.0217102
0.534941
0.207479
0.632057
0.363142
1.0
0.0207153
0.617069
0.950407
0.659163
0.99469
1.0
0.0206872
0.959173
0.748872
0.995787
0.819272
1.0
0.0202238
0.116958
0.0944561
0.213509
0.244285
1.0
0.0197727
0.195768
0.517409
0.284603
0.644796
1.0
0.0195248
0.0103269
0.674376
0.0552525
0.74261
1.0
0.0195116
0.963589
0.950453
0.9988
0.997818
1.0
0.0195082
0.851125
0.142293
1.00019
0.446343
1.0
0.0193841
0.0147276
0.751974
0.0562588
0.807505
1.0
0.0192266
0.571155
0.132687
0.671425
0.273635
1.0
0.0192266
0.121612
0.554241
0.202862
0.686773
1.0
0.0192222
0.721104
0.705907
0.827484
0.842748
1.0
0.0188747
0.179437
-0.00838932
0.397674
0.23962
1.0
0.0188177
0.138013
0.762164
0.186067
0.822604
1.0
0.0184692
0.687104
0.793489
0.868217
1.01793
1.0
0.0181735
0.06875
0.613757
0.15919
0.749238
1.0
0.0181437
0.791271
0.00683742
0.932269
0.120633
1.0
0.0180705
0.178334
0.719792
0.271138
0.861288
1.0
0.0180699
0.0658534
0.648461
0.10475
0.709295
1.0
0.0180495
0.614222
0.120065
0.660654
0.185246
1.0
0.0180177
0.585213
0.209444
0.688177
0.357647
1.0
0.0178755
0.427755
0.165523
0.534908
0.319908
1.0
0.0177472
0.431242
0.244967
0.490245
0.326153
1.0
0.0177104
0.51438
0.151316
0.609579
0.289127
1.0
0.0176662
0.00108624
0.892322
0.0399159
0.951969
1.0
0.0176347
0.566739
0.952222
0.607667
0.995324
1.0
0.0176187
0.460963
0.22045
0.510188
0.287526
1.0
0.0174309
0.405324
0.310946
0.46647
0.393033
1.0
0.0174252
0.472522
0.0925583
0.664185
0.402759
1.0
0.0173967
0.0546754
0.951713
0.110107
1.00079
1.0
0.0173897
0.250557
0.359642
0.457384
0.631143
1.0
0.0173337
0.664901
0.954096
0.707583
0.997356
1.0
0.0171349
0.389082
0.250345
0.442159
0.325612
1.0
0.0171225
0.788457
0.866275
0.887488
0.996154
1.0
0.01708
0.906621
0.326072
0.991974
0.485442
1.0
0.0170142
0.485224
0.337126
0.539277
0.419102
1.0
0.0169903
0.113204
0.777638
0.164834
0.835827
1.0
0.0169841
0.00333439
0.185321
0.0382601
0.253491
1.0
0.0169826
0.117905
0.647272
0.158608
0.707491
1.0
0.0169685
0.264379
0.949437
0.309394
0.996171
1.0
0.0168713
0.959608
0.173909
1.00029
0.251627
1.0
0.0168146
0.416771
0.326913
0.539795
0.516389
1.0
0.0168112
0.562518
0.280663
0.667561
0.44591
1.0
0.0167494
0.115835
0.248655
0.157469
0.310383
1.0
0.016725
0.0379582
0.549906
0.221059
0.825137
1.0
0.0166963
0.362217
0.510127
0.468324
0.651359
1.0
0.0166782
0.200915
0.888668
0.300069
1.00085
1.0
0.0166484
0.617506
0.221563
0.657005
0.277976
1.0
0.0166472
0.160665
0.778296
0.214372
0.845102
1.0
0.0166368
0.661551
0.885644
0.7587
0.996662
1.0
0.0165907
0.115617
0.65539
0.209052
0.798021
1.0
0.0165358
0.00219243
0.584953
0.0371116
0.656059
1.0
0.0165209
0.0935614
0.649672
0.132241
0.708431
1.0
0.0165194
0.960717
0.0484311
0.99802
0.111988
1.0
0.0164791
0.660346
0.123256
0.758664
0.25785
1.0
0.0164536
0.884837
0.00348988
0.940568
0.0551241
1.0
0.0163674
0.925111
0.70227
0.999179
0.844095
1.0
0.0163672
0.487965
0.219219
0.536043
0.285802
1.0
0.0163418
0.316952
0.955655
0.356183
0.996762
1.0
0.016305
0.00183063
0.245467
0.036034
0.31436
1.0
0.0162681
0.139796
0.588592
0.178181
0.646922
1.0
0.0162666
0.573035
0.91139
0.657934
1.00094
1.0
0.0162003
0.364319
0.25541
0.410966
0.326418
1.0
0.016193
0.0716478
0.512529
0.161777
0.660218
1.0
0.0160837
0.771986
0.774907
0.879482
0.929263
1.0
0.0160406
0.71778
0.954636
0.75986
0.996534
1.0
0.016033
0.542036
0.0751879
0.639986
0.218333
1.0
0.0160184
0.240325
0.483908
0.330516
0.603494
1.0
0.0159318
0.416906
0.952499
0.457067
0.995828
1.0
0.015914
0.538551
0.0045126
0.582802
0.0549788
1.0
0.0158982
0.0678879
0.781816
0.11606
0.83732
1.0
0.0158238
0.219188
0.95219
0.261741
0.997014
1.0
0.0157951
0.111591
0.953925
0.160567
1.00106
1.0
0.0157736
0.669048
0.150036
0.712449
0.209336
1.0
0.0157524
0.836671
0.00437239
0.889351
0.0514265
1.0
0.0157164
0.165191
0.957712
0.208875
1.0008
1.0
0.015701
0.216499
0.719226
0.256042
0.777614
1.0
0.0156769
0.612478
0.890274
0.706247
0.996149
1.0
0.0155556
0.318939
0.652898
0.360135
0.715102
1.0
0.0155203
0.217488
0.521952
0.258938
0.580688
1.0
0.015518
0.0117382
0.544755
0.054948
0.616932
1.0
0.0155105
0.299335
0.557914
0.399708
0.703458
1.0
0.0155069
0.592165
0.951821
0.635011
0.995931
1.0
0.0154898
0.964041
0.816704
0.998346
0.885166
1.0
0.0153849
0.385552
0.369914
0.44518
0.451727
1.0
0.0153703
0.134888
0.875204
0.241708
0.993967
1.0
0.015315
0.168662
0.691916
0.205564
0.746516
1.0
0.0152707
0.869952
0.821626
0.995685
1.00342
1.0
0.0152664
0.116479
0.686224
0.158458
0.745337
1.0
0.0152387
0.521736
0.955386
0.559913
0.996562
1.0
0.0151995
0.172887
0.574336
0.260704
0.712802
1.0
0.0150904
0.00869868
0.833952
0.124288
0.964769
1.0
0.0149612
0.193207
0.723474
0.232437
0.782576
1.0
0.0149369
0.00378989
0.197162
0.0774673
0.336601
1.0
0.0149239
0.195598
0.524823
0.23479
0.580908
1.0
0.0148968
0.537668
0.247766
0.58247
0.316046
1.0
0.0148828
0.0682972
0.209126
0.162148
0.347751
1.0
0.0148695
0.566061
0.219926
0.608417
0.281704
1.0
0.014855
0.616023
0.00250954
0.663041
0.0540187
1.0
0.0147948
0.388239
0.429035
0.494351
0.577018
1.0
0.014791
0.166521
0.724133
0.208057
0.78408
1.0
0.0147849
0.543658
0.952709
0.584948
0.99627
1.0
0.014782
0.369998
0.955818
0.40802
0.996053
1.0
0.0147552
0.616315
0.0826524
0.665123
0.149136
1.0
0.014754
0.31964
0.455449
0.430309
0.594043
1.0
0.0147281
0.0122153
0.68059
0.11299
0.814078
1.0
0.0147173
0.0638999
0.185374
0.100521
0.245507
1.0
0.0146712
0.63976
0.950796
0.684468
0.996704
1.0
0.0146672
0.961185
0.379327
0.998816
0.452595
1.0
0.0146472
0.955843
0.115808
0.999727
0.19295
1.0
0.014608
0.481988
0.0655309
0.584284
0.214406
1.0
0.0145885
0.412928
0.477888
0.467382
0.549176
1.0
0.0145881
0.242247
0.677249
0.328266
0.817826
1.0
0.0145753
0.567891
0.148545
0.607641
0.205875
1.0
0.0145742
0.265355
0.91321
0.353516
1.00402
1.0
0.014499
0.213576
0.614933
0.303674
0.754032
1.0
0.014489
0.386893
0.544127
0.441661
0.615614
1.0
0.0144818
0.111859
0.724428
0.159795
0.786128
1.0
0.0144757
0.785638
0.123894
0.893101
0.246918
1.0
0.0144631
0.961532
0.0841642
0.99923
0.149629
1.0
0.0144631
0.815491
0.955843
0.859566
1.00074
1.0
0.0144588
0.563974
0.00351186
0.607755
0.0528056
1.0
0.0144434
0.765098
0.956679
0.810247
1.00002
1.0
0.0144237
0.26667
0.491482
0.309284
0.547962
1.0
0.0144106
0.0106007
0.211477
0.0531432
0.281394
1.0
0.0143377
0.617151
0.18389
0.658293
0.244374
1.0
0.0143325
0.00178721
0.718933
0.0369541
0.779026
1.0
0.0143127
0.122604
0.556249
0.161633
0.618898
1.0
0.0142867
0.317911
0.553615
0.363155
0.617683
1.0
0.0142403
0.168348
0.655502
0.204128
0.709307
1.0
0.0142183
0.350168
0.287643
0.39257
0.350153
1.0
0.0141282
0.431269
0.531947
0.530768
0.679893
1.0
0.0141025
0.530989
0.0142279
0.633044
0.143909
1.0
0.0140092
0.0154256
0.78684
0.0579155
0.839634
1.0
0.0140038
0.967664
0.69075
0.99936
0.75244
1.0
0.0139911
0.0677828
0.687765
0.107584
0.745847
1.0
0.0139723
0.59287
0.00281796
0.63523
0.0503766
1.0
0.0139588
0.850773
0.902932
0.940449
1.00697
1.0
0.013953
0.467362
0.957115
0.503532
0.997242
1.0
0.0138741
0.242195
0.7187
0.279527
0.774005
1.0
0.0138584
0.00487279
0.0526498
0.0449578
0.121997
1.0
0.0138546
0.187596
0.759861
0.230394
0.824295
1.0
0.0138136
0.0333987
0.780025
0.149464
0.904963
1.0
0.0138037
0.281873
0.635435
0.372895
0.780052
1.0
0.0137822
0.744606
0.907877
0.835424
1.0066
1.0
0.0137667
0.139558
0.956208
0.186366
1.00157
1.0
0.0137579
0.391621
0.195664
0.437964
0.258605
1.0
0.0137329
0.436185
0.194636
0.485566
0.259286
1.0
0.0137178
0.143124
0.437011
0.324103
0.713696
1.0
0.013713
0.515587
0.192112
0.558328
0.253055
1.0
0.0137105
0.39271
0.952102
0.433909
0.99684
1.0
0.0136891
0.11715
0.282344
0.157274
0.341876
1.0
0.0136828
0.122053
0.617162
0.162092
0.678027
1.0
0.0136731
0.0910526
0.68955
0.132298
0.748036
1.0
0.0136701
0.0652189
0.350342
0.157878
0.496071
1.0
0.0136642
0.915037
0.950926
0.96029
0.998588
1.0
0.0136512
0.286576
0.109863
0.388325
0.248811
1.0
0.0136508
0.269356
0.720083
0.304363
0.774587
1.0
0.0136352
0.0140306
0.450465
0.105188
0.606186
1.0
0.0136228
0.670629
0.183158
0.710993
0.240719
1.0
0.0135648
0.834431
0.144883
0.945184
0.286527
1.0
0.0135622
0.642845
0.250928
0.680416
0.305819
1.0
0.0135522
0.92064
0.0608032
1.00152
0.186332
1.0
0.0135371
0.165648
0.0519102
0.27628
0.216871
1.0
0.013537
0.433727
0.547153
0.486833
0.621331
1.0
0.0135308
0.637456
0.0215817
0.690589
0.09358
1.0
0.0134658
0.118731
0.117909
0.160407
0.183581
1.0
0.0134596
0.529766
0.912215
0.610672
1.00314
1.0
0.0134394
0.242901
0.515464
0.286669
0.57741
1.0
0.0133742
0.118988
0.184164
0.159311
0.246894
1.0
0.013305
0.147647
0.491416
0.23133
0.624907
1.0
0.0132276
0.56573
0.13092
0.780663
0.443031
1.0
0.013226
0.619292
0.0474763
0.667815
0.113968
1.0
0.0132179
0.213076
0.755155
0.253867
0.815982
1.0
0.0131813
0.0935713
0.450847
0.180499
0.598189
1.0
0.0130793
0.120183
0.521473
0.157626
0.581423
1.0
0.0130716
0.140318
0.647086
0.180998
0.706276
1.0
0.0130626
0.540736
0.188274
0.582003
0.248385
1.0
0.0130526
0.566609
0.186456
0.606753
0.24757
1.0
0.0130387
0.271171
0.691124
0.306608
0.745531
1.0
0.0130288
0.0664659
0.724418
0.113054
0.786172
1.0
0.0130118
0.561358
0.665354
0.664139
0.82274
1.0
0.0130068
0.831391
0.0196881
1.00082
0.220542
1.0
0.0129939
0.290574
0.953523
0.332997
0.99736
1.0
0.0129755
0.568134
0.779301
0.660268
0.916766
1.0
0.0129467
0.639615
0.202531
0.735468
0.338352
1.0
0.0129266
0.24268
0.927939
0.288994
0.986577
1.0
0.0129231
0.0401238
0.756647
0.0859802
0.812151
1.0
0.0129225
0.364038
0.520745
0.416422
0.592089
1.0
0.012902
0.219398
0.655374
0.256656
0.711365
1.0
0.012885
0.240415
0.549424
0.331816
0.686863
1.0
0.012882
0.840801
0.742607
0.939894
0.892697
1.0
0.0128785
0.32214
0.723423
0.356562
0.77591
1.0
0.0128677
0.323225
0.756739
0.35812
0.809573
1.0
0.0128498
0.331331
0.0662703
0.435251
0.210583
1.0
0.0128445
0.195963
0.656802
0.231557
0.709709
1.0
0.012841
0.692637
0.956594
0.736884
0.999162
1.0
0.012821
0.26896
0.757277
0.303965
0.811772
1.0
0.012821
0.0125177
0.821053
0.0560071
0.87646
1.0
0.01282
0.273337
0.655757
0.309168
0.712215
1.0
0.0128149
0.553501
0.494212
0.662074
0.652244
1.0
0.012788
0.909864
0.174356
0.964643
0.251498
1.0
0.0127304
0.441395
0.954191
0.481063
0.997021
1.0
0.0127165
0.00311499
0.119257
0.0356147
0.180728
1.0
0.012705
0.0360978
0.643642
0.080354
0.708847
1.0
0.0127038
0.170413
0.521867
0.207101
0.578251
1.0
0.0126981
0.961509
0.318443
0.999773
0.393271
1.0
0.0126932
0.408224
0.401515
0.468067
0.482716
1.0
0.01269
0.774846
0.741072
0.834113
0.819946
1.0
0.0126874
0.811846
0.0809924
0.867357
0.139395
1.0
0.0126842
0.195497
0.693477
0.233016
0.749219
1.0
0.0126415
0.593055
0.18505
0.633765
0.245131
1.0
0.0126415
0.0844622
0.918597
0.141678
0.987464
1.0
0.0126413
0.010427
0.277834
0.0521078
0.347911
1.0
0.0126375
0.377836
0.910389
0.460276
1.00299
1.0
0.0126241
0.867769
0.953197
0.910941
0.999387
1.0
0.0126099
0.489516
0.00364883
0.53637
0.0546025
1.0
0.0125719
0.00249347
0.516918
0.0751214
0.664443
1.0
0.0125326
0.00118253
0.859935
0.0361776
0.913302
1.0
0.0125002
0.11327
0.856117
0.163045
0.917349
1.0
0.0124497
0.0730181
0.0599937
0.16519
0.205389
1.0
0.0124473
0.2979
0.653108
0.336909
0.712415
1.0
0.0124462
0.409539
0.517394
0.464618
0.591145
1.0
0.0124411
0.591065
0.220684
0.633169
0.2796
1.0
0.0124264
0.163426
0.587896
0.201293
0.646519
1.0
0.0123739
0.00293265
0.519128
0.0381781
0.589323
1.0
0.0123728
0.965529
0.586567
0.997969
0.644677
1.0
0.0123511
0.367403
0.22449
0.410634
0.285461
1.0
0.0123455
0.0647848
0.817801
0.11203
0.875148
1.0
0.0123362
0.967914
0.654658
0.999618
0.715723
1.0
0.0123306
0.455864
0.369991
0.514985
0.452072
1.0
0.0123008
0.00136029
0.386147
0.0343698
0.449296
1.0
0.012284
0.788874
0.123373
0.835471
0.177729
1.0
0.0122784
0.0944034
0.591336
0.13249
0.648237
1.0
0.0122639
0.142879
0.691335
0.183448
0.747962
1.0
0.0122438
0.509391
0.376382
0.556925
0.449472
1.0
0.0121915
0.344147
0.957376
0.382475
0.997698
1.0
0.0121867
0.299611
0.237721
0.612979
0.761459
1.0
0.012186
0.194612
0.956649
0.237156
1.00006
1.0
0.0121688
0.168456
0.184183
0.207483
0.241811
1.0
0.0121667
0.809588
0.205346
0.91731
0.345397
1.0
0.0121394
0.0944791
0.188308
0.132272
0.245135
1.0
0.0121394
0.140888
0.723918
0.185178
0.785071
1.0
0.0121355
0.454591
0.420496
0.559735
0.575735
1.0
0.01213
0.324488
0.363503
0.431042
0.515872
1.0
0.0121284
0.0392534
0.725364
0.0843881
0.782393
1.0
0.0121004
0.674179
0.732377
0.780678
0.878832
1.0
0.0120756
0.00972397
0.259423
0.104822
0.417435
1.0
0.0120727
0.632414
0.611259
0.737807
0.765481
1.0
0.0120237
0.164828
0.619082
0.202586
0.675352
1.0
0.0120206
0.0331599
0.547645
0.122899
0.693867
1.0
0.0119479
0.510913
0.4858
0.70925
0.793148
1.0
0.0119436
8.34279e-06
0.122022
0.0620677
0.244292
1.0
0.0119306
0.0368314
0.139436
0.124622
0.285161
1.0
0.01193
0.815435
0.187796
0.860632
0.244006
1.0
0.0119175
0.69
0.124539
0.735241
0.18595
1.0
0.0118873
0.165959
0.211361
0.262501
0.34598
1.0
0.0118677
0.326575
0.192265
0.424993
0.347043
1.0
0.0118665
0.575503
0.802797
0.766524
1.02108
1.0
0.011865
0.268496
0.586832
0.306005
0.644647
1.0
0.0118574
0.244164
0.758163
0.281586
0.814356
1.0
0.0118488
0.910935
0.117811
0.968536
0.190893
1.0
0.0118445
0.642339
0.185733
0.682785
0.242737
1.0
0.0118353
0.562607
0.316638
0.610526
0.385671
1.0
0.0118335
0.965676
0.488787
0.998253
0.548069
1.0
0.0117504
0.146714
0.521801
0.18368
0.578399
1.0
0.011737
0.093241
0.386751
0.134118
0.448663
1.0
0.0117294
0.381466
0.0418388
0.577588
0.315334
1.0
0.0117268
0.672127
0.610113
0.871153
0.87699
1.0
0.0117119
0.520477
0.792737
0.552892
0.839045
1.0
0.0117044
0.639558
0.147763
0.683712
0.207692
1.0
0.0116752
0.469894
0.751275
0.557687
0.881331
1.0
0.0116226
0.937835
0.923674
0.987511
0.988646
1.0
0.0116144
0.113873
0.815967
0.163022
0.877875
1.0
0.0115592
0.739861
0.126174
0.784711
0.180702
1.0
0.0115508
0.543947
0.149681
0.58522
0.208113
1.0
0.0115482
0.0917886
0.277499
0.184739
0.426208
1.0
0.011546
0.00145031
0.315019
0.0337031
0.378525
1.0
0.011543
0.271867
0.738557
0.364251
0.879803
1.0
0.0115196
0.670232
0.220748
0.708881
0.275728
1.0
0.0115082
0.717846
0.779081
0.763783
0.845256
1.0
0.011499
0.408155
0.242012
0.859926
0.976935
1.0
0.0114507
0.670455
0.251633
0.708904
0.307447
1.0
0.0114329
0.495653
0.958137
0.533579
0.998897
1.0
0.0114252
0.611959
0.74024
0.712403
0.887578
1.0
0.0114148
-0.00240494
0.427781
0.0621769
0.551336
1.0
0.0113942
0.367687
0.409595
0.417016
0.478774
1.0
0.0113861
0.789558
0.956775
0.834544
1.00081
1.0
0.0113709
0.857753
0.0215576
0.916377
0.0862321
1.0
0.0113597
0.473038
0.91233
0.560101
1.00766
1.0
0.0113261
0.562696
0.049747
0.603644
0.108084
1.0
0.0113235
0.205191
0.770735
0.306313
0.916378
1.0
0.0113224
0.175803
0.549205
0.368741
0.850459
1.0
0.0113142
0.38943
0.445469
0.441265
0.515503
1.0
0.0113069
0.872507
0.587257
1.00761
0.866527
1.0
0.0112643
0.324139
0.786516
0.357527
0.836142
1.0
0.011252
0.38774
0.0662152
0.494759
0.211994
1.0
0.0112422
0.24091
0.656221
0.276999
0.709265
1.0
0.0112386
0.571576
0.791553
0.606781
0.841105
1.0
0.0112105
0.418529
0.57982
0.4626
0.643764
1.0
0.0111962
0.241814
0.123053
0.282956
0.18095
1.0
0.0111906
0.483982
0.408644
0.539574
0.486944
1.0
0.0111832
0.458648
0.278744
0.514348
0.361619
1.0
0.0111783
0.141639
0.183666
0.18217
0.242662
1.0
0.0111777
0.937412
0.779966
1.00209
0.905246
1.0
0.0111697
0.712645
0.183012
0.752707
0.240068
1.0
0.0111524
0.928893
0.192665
1.00475
0.343529
1.0
0.0111351
0.297762
0.720688
0.33244
0.771868
1.0
0.0111172
0.563379
0.0888916
0.605078
0.146944
1.0
0.0110969
0.271533
0.620978
0.308925
0.677928
1.0
0.0110718
0.694383
0.25001
0.732501
0.304269
1.0
0.0110708
0.466673
0.923423
0.50421
0.977547
1.0
0.0110688
0.887208
0.213652
0.940301
0.281435
1.0
0.0110263
0.168305
0.220346
0.207902
0.278068
1.0
0.0110255
0.714197
0.124324
0.758034
0.183198
1.0
0.0110204
0.811872
0.117072
0.86031
0.173547
1.0
0.0110129
0.268191
0.788584
0.302018
0.838118
1.0
0.0109683
0.839905
0.955623
0.88361
1.00093
1.0
0.0109458
0.0960856
0.283956
0.135763
0.342828
1.0
0.0109264
0.00168674
0.452641
0.0338596
0.515462
1.0
0.0109207
0.478487
0.00763234
0.579108
0.119172
1.0
0.0109154
0.508914
0.443182
0.559473
0.520775
1.0
0.010903
0.620235
0.856102
0.65576
0.907297
1.0
0.0108914
0.265093
0.548576
0.305279
0.610966
1.0
0.0108911
-0.00418853
0.355856
0.0590774
0.474178
1.0
0.0108566
0.520364
0.825542
0.552858
0.872301
1.0
0.0108538
0.0948607
0.554803
0.134548
0.616443
1.0
0.0108519
0.788974
0.00516085
0.840242
0.0510907
1.0
0.0108015
0.664378
0.003052
0.712154
0.054211
1.0
0.0107917
0.0692638
0.591228
0.104871
0.648288
1.0
0.0107875
0.16718
0.551474
0.205391
0.613309
1.0
0.0107852
0.135904
0.91787
0.185806
0.982284
1.0
0.0107777
0.809286
0.749927
0.855437
0.814083
1.0
0.0107749
0.296921
0.68598
0.334714
0.741681
1.0
0.0107621
0.361179
0.124037
0.471718
0.275266
1.0
0.0107597
0.365014
0.120239
0.408442
0.17937
1.0
0.0107573
0.0663003
0.247229
0.106129
0.307811
1.0
0.0107239
0.341598
0.65454
0.38152
0.712636
1.0
0.0107083
0.365071
0.655039
0.404004
0.711799
1.0
0.0106985
0.317909
0.123715
0.359268
0.182459
1.0
0.0106819
0.634903
0.547188
0.686228
0.620502
1.0
0.0106798
0.616524
0.287277
0.658837
0.350125
1.0
0.0106794
0.531669
0.358898
0.632189
0.524859
1.0
0.010679
0.963551
0.243414
1.00155
0.317807
1.0
0.010675
0.968248
0.62211
0.999094
0.677346
1.0
0.0106742
0.765841
0.124524
0.809906
0.178183
1.0
0.010663
0.494576
0.588211
0.534755
0.64626
1.0
0.0106596
0.862738
0.184323
0.912153
0.248442
1.0
0.0106579
0.966224
0.878697
0.998589
0.940574
1.0
0.010645
0.415218
0.118395
0.460398
0.179015
1.0
0.0106435
0.53466
0.314398
0.582759
0.383197
1.0
0.0106382
0.189023
0.812305
0.229631
0.869426
1.0
0.0106377
0.117057
0.319165
0.157416
0.380469
1.0
0.010628
0.966523
0.522096
0.998225
0.578687
1.0
0.0106264
0.218145
0.619069
0.256789
0.677758
1.0
0.0106018
0.593763
0.146684
0.63653
0.206199
1.0
0.0105651
0.315146
0.702013
0.406168
0.849502
1.0
0.0105517
0.5916
0.721753
0.631207
0.77659
1.0
0.0105517
0.28874
0.515638
0.331441
0.574298
1.0
0.0105473
0.0903659
0.0274825
0.281933
0.370144
1.0
0.0105204
0.434044
0.446372
0.488606
0.523095
1.0
0.0105107
0.116674
0.352541
0.157933
0.416078
1.0
0.0105088
0.104667
0.666502
0.304658
0.958523
1.0
0.0105051
0.716398
0.717019
0.769686
0.793975
1.0
0.0104773
0.0953666
0.519502
0.133477
0.579565
1.0
0.010474
0.267519
0.378318
0.365372
0.517758
1.0
0.0104722
0.469817
0.675135
0.561186
0.814398
1.0
0.0104439
0.195988
0.585797
0.234099
0.644264
1.0
0.0104387
0.623928
0.538685
0.722488
0.684762
1.0
0.0103959
0.886187
0.14759
0.940116
0.214218
1.0
0.0103915
0.414661
0.15344
0.459801
0.211492
1.0
0.0103821
0.498855
0.795585
0.530593
0.839623
1.0
0.0103788
0.619305
0.791241
0.655332
0.843641
1.0
0.0103698
0.29567
0.555424
0.337289
0.614714
1.0
0.0103581
0.314113
0.894677
0.413368
1.00229
1.0
0.0103434
0.612727
0.517888
0.66275
0.593421
1.0
0.0103387
0.966257
0.454339
0.999179
0.515332
1.0
0.0103273
0.0378349
0.685313
0.0808995
0.7456
1.0
0.0103227
0.909638
0.545768
0.989542
0.676585
1.0
0.0102855
0.139074
0.249454
0.181595
0.308806
1.0
0.0102642
0.168331
0.151348
0.208905
0.210487
1.0
0.0102541
0.414368
0.784513
0.503901
0.920765
1.0
0.0102484
0.51475
0.269695
0.716698
0.585524
1.0
0.010234
0.0955027
0.318509
0.134631
0.378446
1.0
0.0102237
0.669151
0.721903
0.710785
0.781705
1.0
0.0102153
0.341302
0.194647
0.381518
0.249931
1.0
0.0101981
0.572625
0.856749
0.606728
0.906228
1.0
0.0101962
0.096199
0.222486
0.135517
0.279695
1.0
0.010192
0.297549
0.589863
0.337964
0.648523
1.0
0.0101888
0.422
0.794229
0.453741
0.840979
1.0
0.0101827
0.194624
0.251688
0.232685
0.306328
1.0
0.010171
0.918107
0.690579
0.956811
0.748985
1.0
0.0101665
0.0921291
0.451951
0.13296
0.514779
1.0
0.0101642
0.34038
0.121757
0.38532
0.182754
1.0
0.0101524
0.808623
0.0213978
0.867262
0.0857842
1.0
0.0101359
0.347916
0.346278
0.393342
0.411073
1.0
0.0101244
0.150951
0.794761
0.258591
0.949352
1.0
0.0101128
0.340082
0.546967
0.393125
0.617797
1.0
0.0100759
0.788879
0.15456
0.835631
0.208687
1.0
0.0100411
0.218175
0.119428
0.260118
0.181455
1.0
0.0100118
0.240193
0.548057
0.283884
0.614529
1.0
0.0100022
0.364311
0.576092
0.41156
0.644317
