1.0
0.907604
0.438958
0.233915
0.593191
0.483242
1.0
0.0566252
-0.0049612
0.770559
0.250798
1.01952
1.0
0.0368603
0.578949
0.576933
0.955827
1.08101
1.0
0.036354
0.0284807
0.527071
0.378924
1.10954
1.0
0.0322539
0.0102946
0.943718
0.0628218
0.994989
1.0
0.028198
0.101013
0.749014
0.215405
0.878788
1.0
0.0271446
0.439615
0.250616
0.49051
0.322807
1.0
0.0270777
0.438719
0.314319
0.490798
0.392657
1.0
0.0268762
0.281738
0.351386
0.713086
0.996966
1.0
0.0261791
0.561494
0.304106
0.612942
0.39063
1.0
0.02345
0.264798
0.950366
0.309471
0.996004
1.0
0.0230003
0.958466
0.748528
0.995504
0.819595
1.0
0.0228346
0.198857
0.533122
0.293279
0.669108
1.0
0.0225601
0.145988
0.688196
0.596112
1.02569
1.0
0.0225483
0.542728
0.225478
0.642458
0.384355
1.0
0.0222242
0.417314
0.199095
0.535407
0.369952
1.0
0.0220263
0.963404
0.948785
0.999143
0.997477
1.0
0.0216712
0.048654
0.887809
0.168707
0.999705
1.0
0.0216707
0.00201077
0.568763
0.0725657
0.715895
1.0
0.021457
0.921615
0.0965366
1.00023
0.219323
1.0
0.0211109
0.180093
0.724764
0.273341
0.859738
1.0
0.0203303
0.0611493
0.706605
0.169581
0.833468
1.0
0.0202558
0.12023
0.0877067
0.215632
0.241337
1.0
0.0198499
0.4847
0.250125
0.540597
0.325261
1.0
0.0198372
0.857551
0.0931062
1.00148
0.357152
1.0
0.0193836
0.146865
0.544948
0.239838
0.67998
1.0
0.0190452
0.962461
0.814138
0.998233
0.884739
1.0
0.0190362
0.735186
0.726073
0.853708
0.888054
1.0
0.0186949
0.927108
0.736916
1.001
0.880146
1.0
0.0186497
0.683183
0.7826
0.868132
1.01685
1.0
0.0186061
0.0858957
0.759506
0.137936
0.819875
1.0
0.0185933
0.739032
0.157035
1.00952
0.80624
1.0
0.0184919
0.350499
0.512373
0.468738
0.67571
1.0
0.0184598
0.717187
0.955674
0.759569
0.997238
1.0
0.0183336
0.117022
0.251051
0.15581
0.309856
1.0
0.0182604
0.0144116
0.749516
0.0564012
0.806045
1.0
0.0182026
0.316197
0.956474
0.357357
0.99846
1.0
0.0181995
0.872393
0.821778
0.995632
1.00248
1.0
0.0181782
0.00243427
0.581495
0.038237
0.656296
1.0
0.0179965
0.562143
0.253861
0.610888
0.33325
1.0
0.0179932
0.0806195
0.806211
0.198618
0.949471
1.0
0.0179598
0.460113
0.383504
0.570713
0.565675
1.0
0.0179485
0.0932122
0.608892
0.186174
0.741978
1.0
0.0179052
0.0805145
0.556318
0.273058
0.829423
1.0
0.017835
0.135696
0.763178
0.185242
0.823156
1.0
0.0178196
0.00320032
0.184816
0.0368129
0.250127
1.0
0.0177906
0.935246
0.0131025
0.990666
0.0844077
1.0
0.0177622
0.251547
0.915295
0.33294
1.0013
1.0
0.0177104
0.910378
0.327578
0.994065
0.490162
1.0
0.0175626
0.16753
0.601187
0.260968
0.741925
1.0
0.0174325
0.493414
0.00469944
0.536447
0.0544727
1.0
0.0173765
0.473639
0.164498
0.588726
0.326754
1.0
0.0173495
0.368417
0.954684
0.407015
0.996384
1.0
0.0173246
0.211794
0.782528
0.256503
0.844905
1.0
0.0173246
0.215619
0.72078
0.260159
0.782526
1.0
0.0172163
0.009295
0.547248
0.0528491
0.622318
1.0
0.0172163
0.0592462
0.954347
0.110091
0.999514
1.0
0.0172127
0.441554
0.00570823
0.483
0.0532344
1.0
0.0171767
0.433761
0.4991
0.536105
0.653696
1.0
0.0170997
0.214156
0.546458
0.263329
0.622683
1.0
0.0169265
0.538313
0.0038652
0.583915
0.0570462
1.0
0.0169144
0.657708
0.8801
0.754947
0.995434
1.0
0.0168407
0.275545
0.714754
0.368235
0.860424
1.0
0.016807
0.587969
0.0963145
0.690542
0.248024
1.0
0.0168027
0.157615
0.780886
0.211339
0.845757
1.0
0.0166032
0.0103064
0.676755
0.054935
0.745299
1.0
0.0165028
0.322394
0.000546463
0.530869
0.232204
1.0
0.0164384
0.510234
0.220524
0.562024
0.290498
1.0
0.0163937
0.815307
0.957121
0.857942
1.00041
1.0
0.0163591
0.111304
0.906302
0.209985
1.00579
1.0
0.0163494
0.487495
0.187123
0.53668
0.254145
1.0
0.0162969
0.00197157
0.894364
0.0375284
0.948037
1.0
0.016286
0.497948
0.0123974
0.59838
0.141082
1.0
0.0162826
0.166689
0.617537
0.207379
0.676161
1.0
0.0162592
0.0114041
0.0549341
0.0605108
0.124195
1.0
0.0162519
0.464203
0.00464205
0.507371
0.054227
1.0
0.0160771
0.118464
0.284306
0.155715
0.340736
1.0
0.0160402
0.739538
0.871871
0.842075
0.995571
1.0
0.0160249
0.112876
0.778634
0.16528
0.836972
1.0
0.0159857
0.100341
0.487441
0.188241
0.626311
1.0
0.0159538
0.00278929
0.643913
0.0387121
0.714549
1.0
0.0159318
0.764614
0.956682
0.809864
1.00008
1.0
0.015914
0.190474
0.721253
0.233756
0.782088
1.0
0.0158813
0.5647
0.219734
0.608171
0.284976
1.0
0.0158162
0.304842
0.544471
0.408215
0.69142
1.0
0.015745
0.966609
0.691721
0.998657
0.752594
1.0
0.0155989
0.279093
0.611695
0.371672
0.756848
1.0
0.0155812
0.559327
0.150068
0.659181
0.298221
1.0
0.0155724
0.0815297
0.0412852
0.546733
0.683416
1.0
0.0155244
0.851196
0.906467
0.941012
1.00778
1.0
0.0154887
0.0647619
0.647593
0.105113
0.710523
1.0
0.0154859
0.0335186
0.604957
0.128332
0.746996
1.0
0.0154687
0.268561
0.754139
0.308735
0.813029
1.0
0.0154269
0.482358
0.310952
0.541835
0.395697
1.0
0.0153557
0.260316
0.579734
0.302106
0.642742
1.0
0.0153359
0.418121
0.954136
0.456952
0.996364
1.0
0.0153013
0.533179
0.246356
0.587744
0.323016
1.0
0.0152803
0.120852
0.556183
0.15973
0.619716
1.0
0.0152591
0.286316
0.881296
0.386758
0.995912
1.0
0.0152486
0.343835
0.95507
0.384356
0.99776
1.0
0.0152279
0.778146
0.797294
0.881001
0.947458
1.0
0.0151789
0.417032
0.00549699
0.459462
0.0532325
1.0
0.0151493
0.0939628
0.646457
0.135045
0.708546
1.0
0.0151109
0.117758
0.207677
0.211167
0.348556
1.0
0.015108
0.00199118
0.247633
0.0343923
0.313338
1.0
0.0151067
0.0696407
0.187259
0.104116
0.243927
1.0
0.0151009
0.868257
0.953845
0.910927
0.999027
1.0
0.0150869
0.362954
0.156752
0.464595
0.288089
1.0
0.0150451
0.118386
0.323038
0.156168
0.381321
1.0
0.0149436
0.191089
0.888724
0.290083
1.00118
1.0
0.0149169
0.118473
0.615925
0.160621
0.678594
1.0
0.0148996
0.843614
0.744232
0.940082
0.890808
1.0
0.0148898
0.217538
0.957568
0.259904
0.999437
1.0
0.0148786
0.26386
0.516991
0.303333
0.578493
1.0
0.0148765
0.23432
0.573181
0.281648
0.643808
1.0
0.0148156
0.319839
0.752417
0.359978
0.81261
1.0
0.0148044
0.120594
0.520724
0.157581
0.581358
1.0
0.0147954
0.117278
0.354093
0.156633
0.41599
1.0
0.0147655
0.391624
0.00558547
0.434185
0.0525201
1.0
0.014756
0.319239
0.157393
0.51363
0.444156
1.0
0.0147552
0.16676
0.690284
0.207153
0.746676
1.0
0.0146946
0.00442047
0.133724
0.073896
0.273726
1.0
0.0146877
0.147221
0.464817
0.236647
0.602069
1.0
0.0146645
0.2411
0.693716
0.281761
0.751542
1.0
0.0146549
0.11258
0.954112
0.160329
1.00015
1.0
0.0146483
0.5677
0.953218
0.606365
0.995084
1.0
0.014614
0.959975
0.178003
0.999941
0.252084
1.0
0.0146107
0.169402
0.522701
0.208555
0.583502
1.0
0.0145948
0.380752
0.584041
0.486394
0.752343
1.0
0.0145813
0.573656
0.299479
0.664412
0.453797
1.0
0.0145482
0.521285
0.340315
0.628262
0.521102
1.0
0.0145422
0.456558
0.335133
0.51751
0.420639
1.0
0.0145352
0.18843
0.759998
0.234443
0.824352
1.0
0.0145265
0.533955
0.0158343
0.741668
0.308962
1.0
0.0145028
0.0959687
0.249649
0.133684
0.307557
1.0
0.0145026
0.914892
0.951727
0.960268
0.999415
1.0
0.0144894
0.0105804
0.154342
0.0509963
0.215369
1.0
0.0144861
0.512517
0.0190642
0.564512
0.0902632
1.0
0.0144765
0.138586
0.587203
0.180048
0.647748
1.0
0.0144625
0.791511
0.908037
0.882143
1.0091
1.0
0.0144436
0.191453
0.649191
0.231401
0.707333
1.0
0.01443
0.0713237
0.20909
0.156945
0.343976
1.0
0.0144202
0.324096
0.213905
0.417164
0.339749
1.0
0.0143964
0.508807
0.117169
0.610665
0.253403
1.0
0.0143475
0.165073
0.722652
0.208823
0.782443
1.0
0.0142908
0.366129
0.324156
0.550518
0.632153
1.0
0.0142673
0.504966
0.33783
0.567232
0.424344
1.0
0.0142573
-0.000790585
0.212896
0.0586752
0.33483
1.0
0.0142349
0.114956
0.683605
0.160529
0.745567
1.0
0.0141826
0.294592
0.781046
0.387887
0.927332
1.0
0.0141731
0.287504
0.954564
0.331206
0.998337
1.0
0.0140933
0.213855
0.608397
0.258644
0.674196
1.0
0.0140578
0.0681749
0.415688
0.159777
0.557592
1.0
0.0140315
0.523514
0.903421
0.605669
1.00156
1.0
0.0140155
0.205295
0.770725
0.306204
0.911957
1.0
0.013971
0.613829
0.249392
0.656064
0.314194
1.0
0.0139184
0.492576
0.0497204
0.5401
0.115666
1.0
0.0139108
0.967664
0.656155
0.999309
0.716091
1.0
0.0139094
0.160669
0.49123
0.352462
0.762798
1.0
0.0138962
0.00304834
0.120778
0.0354535
0.179377
1.0
0.0138855
0.266301
0.721991
0.306705
0.780983
1.0
0.0138037
0.96602
0.587467
0.997341
0.643409
1.0
0.0137955
0.0955869
0.384227
0.136168
0.447867
1.0
0.0137892
0.194304
0.527395
0.236555
0.587877
1.0
0.0137605
0.00378973
0.67094
0.0862028
0.800573
1.0
0.013714
0.264055
0.617854
0.304566
0.677571
1.0
0.0136517
0.422614
0.286382
0.465286
0.348544
1.0
0.0136489
0.239225
0.521643
0.284441
0.589019
1.0
0.0136446
0.270466
0.654831
0.308943
0.712036
1.0
0.0136432
0.582487
0.79084
0.76899
1.01896
1.0
0.013642
0.29697
0.755205
0.335697
0.812531
1.0
0.0135931
0.938938
0.921108
0.989293
0.988571
1.0
0.0135864
0.832719
0.15067
0.942978
0.290412
1.0
0.0135777
0.00198737
0.720573
0.0375027
0.780987
1.0
0.0135549
0.614877
0.184787
0.657073
0.248115
1.0
0.0135468
0.537163
0.185535
0.585601
0.252582
1.0
0.0135432
0.0948371
0.350597
0.181492
0.490643
1.0
0.0135343
0.666602
0.954193
0.709013
0.997386
1.0
0.0134913
0.0126734
0.822067
0.0553057
0.876144
1.0
0.0134606
0.165016
0.955852
0.209512
0.999283
1.0
0.013442
0.612977
0.208642
0.706381
0.352576
1.0
0.0133925
0.118411
0.117725
0.157696
0.178412
1.0
0.0133906
0.296579
0.655372
0.335871
0.714827
1.0
0.0133485
0.246995
0.544466
0.440137
0.85963
1.0
0.0133474
0.58875
0.219422
0.631451
0.283264
1.0
0.0133232
0.579147
0.491637
0.681203
0.633756
1.0
0.0133147
0.0981291
0.322066
0.1349
0.378886
1.0
0.0132965
0.0952915
0.590038
0.134935
0.649489
1.0
0.0132447
0.0111451
0.482679
0.0953027
0.636229
1.0
0.0132359
0.0696989
0.219209
0.105445
0.27696
1.0
0.0131929
0.211338
0.655285
0.304328
0.795505
1.0
0.0131845
0.189943
0.814263
0.232729
0.872756
1.0
0.0131639
0.921508
0.74963
0.962764
0.813231
1.0
0.0131551
0.297876
0.786809
0.333842
0.839705
1.0
0.0131519
0.519825
0.954838
0.55718
0.996347
1.0
0.0131389
0.621582
0.904899
0.706882
1.00184
1.0
0.0131252
0.438628
0.57677
0.488979
0.651799
1.0
0.013122
0.462504
0.408613
0.520503
0.492029
1.0
0.0130948
0.788917
0.957012
0.834307
1.00065
1.0
0.0130805
0.00201333
0.859936
0.0350863
0.910147
1.0
0.0130734
0.215031
0.648328
0.256663
0.707705
1.0
0.0130565
0.414708
0.416792
0.458669
0.481287
1.0
0.0130209
0.26918
0.689973
0.3074
0.745466
1.0
0.0129677
0.368867
0.22295
0.409126
0.276729
1.0
0.0129612
0.136115
0.657119
0.230539
0.796836
1.0
0.0129061
0.236603
0.783739
0.27867
0.842051
1.0
0.0128912
0.320356
0.820279
0.35906
0.878012
1.0
0.012886
0.639898
-0.0149605
0.883149
0.232128
1.0
0.0128733
0.466395
0.0676248
0.570666
0.203661
1.0
0.0128592
0.138498
0.645652
0.183107
0.706816
1.0
0.0128587
0.0196407
0.747398
0.133065
0.870045
1.0
0.0127885
0.738289
0.957372
0.784222
1.00016
1.0
0.0127833
0.0922297
0.190882
0.127592
0.244809
1.0
0.0127705
0.609293
0.317296
0.651207
0.384422
1.0
0.0127363
0.192162
0.957545
0.23521
1.00012
1.0
0.0127339
0.29658
0.722244
0.335308
0.780225
1.0
0.0127337
0.120205
0.487527
0.158158
0.546857
1.0
0.0127275
0.143757
0.554406
0.184117
0.618828
1.0
0.0127161
0.146328
0.792892
0.254316
0.945408
1.0
0.0127131
0.69146
0.956524
0.736312
0.999195
1.0
0.0127106
0.166534
0.489588
0.205696
0.548133
1.0
0.0127073
0.0904778
0.687379
0.134212
0.747909
1.0
0.0127016
0.565768
0.87771
0.66188
0.994671
1.0
0.012699
0.617658
0.95517
0.657529
0.997708
1.0
0.0126756
0.519234
0.540174
0.626874
0.694755
1.0
0.0126754
0.924245
0.164335
1.00244
0.300654
1.0
0.0126564
0.511096
0.489555
0.71182
0.793096
1.0
0.0126502
0.148857
0.521178
0.186641
0.579274
1.0
0.0126461
0.0153218
0.787608
0.0569589
0.839817
1.0
0.0126413
0.31881
0.554484
0.363433
0.622667
1.0
0.0126298
0.968479
0.623162
0.998382
0.676302
1.0
0.0126059
0.369961
0.193999
0.409773
0.247848
1.0
0.0125782
0.469673
0.956537
0.506547
0.99765
1.0
0.0125726
0.635585
0.524213
0.683849
0.592849
1.0
0.0125715
0.111247
0.725669
0.161313
0.788132
1.0
0.0125641
0.0853313
0.922033
0.139194
0.986695
1.0
0.0125469
0.241417
0.650659
0.281142
0.707733
1.0
0.0125429
0.613731
0.115073
0.65952
0.181908
1.0
0.0125039
0.0663922
0.686615
0.107785
0.746604
1.0
0.0124982
0.421424
0.344922
0.468928
0.414524
1.0
0.0124961
0.188454
0.818741
0.371952
1.02944
1.0
0.0124837
0.0396483
0.754982
0.085445
0.810017
1.0
0.0124746
0.962143
0.381222
0.998585
0.452978
1.0
0.0124377
0.414932
0.515304
0.463488
0.588886
1.0
0.0124019
0.457994
0.220921
0.509926
0.29099
1.0
0.0123988
0.00820969
0.82386
0.124684
0.954183
1.0
0.0123818
0.791422
0.205704
0.895014
0.334145
1.0
0.012348
0.140399
0.688729
0.185519
0.748154
1.0
0.0123397
0.265633
0.214096
0.363646
0.345874
1.0
0.012339
0.866511
0.781435
0.909853
0.84747
1.0
0.0123362
0.320477
0.785925
0.35939
0.844505
1.0
0.0123317
0.482529
0.367702
0.545881
0.458655
1.0
0.0123289
0.195316
0.580245
0.239881
0.649816
1.0
0.012295
0.9656
0.880318
0.998657
0.944001
1.0
0.0122746
0.115174
0.855739
0.164077
0.915138
1.0
0.012269
0.167213
0.250636
0.207434
0.307431
1.0
0.012231
0.441181
0.191007
0.488506
0.255003
1.0
0.0122271
0.559123
0.366672
0.608367
0.446065
1.0
0.0122249
0.0980164
0.285542
0.134332
0.340618
1.0
0.0121721
0.391051
0.221408
0.433704
0.278388
1.0
0.0121611
0.671292
0.697118
0.790064
0.848784
1.0
0.0121392
0.358416
0.550776
0.410781
0.627095
1.0
0.0121383
0.312351
0.106472
0.418853
0.243894
1.0
0.0121362
0.266429
0.134742
0.364741
0.269679
1.0
0.0121251
0.392818
0.95415
0.43275
0.997644
1.0
0.0121085
0.841572
0.957316
0.88353
1.00079
1.0
0.0120782
0.777191
0.742491
0.834453
0.819797
1.0
0.0120676
0.316291
0.685071
0.35609
0.745932
1.0
0.0120447
0.119445
0.185916
0.156826
0.243431
1.0
0.0120106
0.365091
0.505924
0.567101
0.837404
1.0
0.0119961
0.0706167
0.282086
0.160547
0.427463
1.0
0.0119927
0.0686071
0.783293
0.116274
0.837807
1.0
0.011991
0.00224821
0.519677
0.0372628
0.591961
1.0
0.0119745
0.0107919
0.281619
0.050943
0.348322
1.0
0.0119472
0.510026
0.0788173
0.559819
0.143749
1.0
0.0119279
0.633962
0.0545735
0.74442
0.215947
1.0
0.0119196
0.537525
0.0727107
0.919615
0.598878
1.0
0.0119148
0.00183919
0.315554
0.0332258
0.378793
1.0
0.0119094
0.139225
0.725044
0.185666
0.786152
1.0
0.0118121
0.0937427
0.452313
0.13539
0.516847
1.0
0.0118116
0.895524
0.755815
0.934942
0.815923
1.0
0.0117333
0.166417
0.121154
0.203482
0.178898
1.0
0.0116761
0.042468
0.280697
0.232262
0.601541
1.0
0.011673
0.00112756
0.385368
0.0329887
0.448434
1.0
0.0116328
0.315187
0.670269
0.40995
0.832914
1.0
0.011588
0.9653
0.555906
0.997066
0.612523
1.0
0.0115555
0.0653688
0.725507
0.112741
0.786724
1.0
0.0115509
0.761163
0.153471
0.864551
0.280846
1.0
0.0115482
0.0422405
0.133454
0.128558
0.279378
1.0
0.0115476
0.911625
0.179695
0.964293
0.254153
1.0
0.0115458
0.919676
0.692544
0.956904
0.749038
1.0
0.0115406
0.458875
0.277706
0.516344
0.358456
1.0
0.0115329
0.438657
0.370816
0.491793
0.448088
1.0
0.0115197
0.443095
0.438222
0.496957
0.520121
1.0
0.0114905
0.663682
0.137451
0.764933
0.275733
1.0
0.011475
0.966675
0.489755
0.997508
0.54666
1.0
0.0114637
0.719945
0.191254
0.755852
0.242925
1.0
0.0114463
0.317382
0.614582
0.360834
0.680984
1.0
0.0114428
0.319262
0.854205
0.357827
0.91012
1.0
0.0114356
0.117878
0.284253
0.213912
0.431902
1.0
0.0114252
0.213985
0.133189
0.311604
0.272902
1.0
0.011415
0.46726
0.0816152
0.513834
0.141943
1.0
0.0114064
0.169145
0.18473
0.206187
0.240437
1.0
0.0113986
0.562999
0.118651
0.608042
0.183501
1.0
0.0113892
0.297157
0.582981
0.33754
0.64362
1.0
0.011355
0.442457
0.956243
0.481406
0.99836
1.0
0.0113217
0.0113055
0.482917
0.0543576
0.555804
1.0
0.011319
0.369014
0.885307
0.464265
0.997245
1.0
0.0112987
0.591295
0.00250209
0.633425
0.050708
1.0
0.0112977
0.961889
0.31979
0.999139
0.391254
1.0
0.0112777
0.616889
0.739852
0.727117
0.894606
1.0
0.0112545
0.088015
0.815881
0.136458
0.875536
1.0
0.0112417
0.582425
0.33686
0.630605
0.412034
1.0
0.0112335
0.415998
0.122878
0.460161
0.181564
1.0
0.0112215
0.503143
0.404698
0.56358
0.494163
1.0
0.0111849
0.317899
0.463447
0.424349
0.61833
1.0
0.0111527
0.121477
0.149905
0.159564
0.206259
1.0
0.0111372
0.157867
0.128597
0.258099
0.278321
1.0
0.0111249
0.292311
0.518461
0.33205
0.578386
1.0
0.0111138
0.368563
0.654947
0.407714
0.713954
1.0
0.0110809
0.814892
0.190428
0.857718
0.244181
1.0
0.0110773
0.179368
0.0276313
0.380616
0.389937
1.0
0.0110759
0.966414
0.523547
0.997414
0.579271
1.0
0.0110663
0.625731
0.538997
0.722571
0.676266
1.0
0.011052
0.078782
0.138193
0.28656
0.474998
1.0
0.0110315
0.340957
0.523643
0.388082
0.593716
1.0
0.011031
0.190131
0.209209
0.286856
0.346555
1.0
0.0110204
0.670664
0.186952
0.707811
0.243329
1.0
0.0110064
0.00183966
0.452916
0.0338137
0.516675
1.0
0.0110004
0.961612
0.0494132
0.998523
0.112663
1.0
0.0109963
0.0369358
0.642561
0.0826536
0.710685
1.0
0.0109683
0.543871
0.953071
0.584326
0.996481
1.0
0.0109503
0.416245
0.191765
0.459688
0.249842
1.0
0.0109483
0.13619
0.812739
0.18771
0.876545
1.0
0.0109307
0.236063
0.465614
0.329202
0.597502
1.0
0.0109293
-0.000492409
0.00930076
0.121788
0.179624
1.0
0.0109278
0.380364
0.306711
0.484405
0.463556
1.0
0.0109189
0.341395
0.785711
0.378722
0.840233
1.0
0.0109064
0.14078
0.252008
0.18151
0.30774
1.0
0.0108789
0.961864
0.0855715
0.99917
0.151587
1.0
0.0108781
0.269676
0.859623
0.307491
0.912722
1.0
0.0108665
0.559702
0.0166169
0.604619
0.0815244
1.0
0.0108243
0.914547
0.625794
0.996473
0.778168
1.0
0.0107995
0.641969
0.952687
0.687223
0.998865
1.0
0.0107921
0.297199
0.620237
0.337896
0.683089
1.0
0.0107877
0.0942311
0.517555
0.133503
0.580508
1.0
0.0107877
0.69338
0.18934
0.730518
0.241952
1.0
0.0107701
0.0704865
0.0552219
0.163307
0.200347
1.0
0.0107679
0.813652
0.823929
0.860137
0.887775
1.0
0.0107435
0.341109
0.576025
0.388802
0.647409
1.0
0.0107384
0.117355
0.415717
0.159987
0.48132
1.0
0.0107287
0.720547
0.224993
0.75611
0.276811
1.0
0.0106961
0.369503
0.85899
0.401584
0.90746
1.0
0.0106821
0.909489
0.546661
0.989398
0.677073
1.0
0.010679
-0.000337951
0.881086
0.073246
0.97946
1.0
0.0106118
0.170731
0.223209
0.207591
0.276859
1.0
0.0105975
0.44635
0.645756
0.485232
0.70264
1.0
0.0105973
0.321621
0.225754
0.358165
0.277489
1.0
0.0105925
0.461743
0.463889
0.523505
0.551613
1.0
0.0105869
0.56714
0.77956
0.662874
0.923676
1.0
0.0105748
0.616696
0.00308489
0.660992
0.0529597
1.0
0.0105637
0.53796
0.117592
0.584559
0.181942
1.0
0.0105587
0.319397
0.152862
0.357096
0.205555
1.0
0.01053
0.342612
0.725794
0.379573
0.781256
1.0
0.0105291
0.321021
0.18892
0.356735
0.241009
1.0
0.0105177
0.367552
0.410565
0.466347
0.559723
1.0
0.0104913
0.471643
0.599985
0.565412
0.740506
1.0
0.0104812
0.0711127
0.589229
0.107415
0.648757
1.0
0.0104793
0.470508
0.871665
0.565759
0.992707
1.0
0.0104701
0.44519
0.047038
0.490397
0.108411
1.0
0.010458
0.419335
0.225245
0.463485
0.285521
1.0
0.0104534
0.344404
0.191292
0.384552
0.244606
1.0
0.0104483
0.603298
0.609625
0.71415
0.763556
1.0
0.0104437
0.26873
0.82133
0.306904
0.875042
1.0
0.01041
0.768746
0.661038
0.878866
0.804459
1.0
0.0104049
0.714333
0.716754
0.769218
0.796601
1.0
0.0104002
0.364933
0.053514
0.409258
0.114164
1.0
0.0103954
0.560696
0.514639
0.61134
0.587368
1.0
0.010394
0.390033
0.580862
0.435782
0.646628
1.0
0.0103788
0.516083
0.584607
0.562114
0.65223
1.0
0.0103575
0.4187
0.786352
0.510254
0.929906
1.0
0.0103536
0.811207
0.750758
0.855576
0.814252
1.0
0.0103434
0.417119
0.381733
0.463951
0.449751
1.0
0.0103349
0.945968
0.841403
0.991864
0.912
1.0
0.0103188
0.22901
0.380731
0.440846
0.680048
1.0
0.0103019
0.341561
0.653301
0.382145
0.711958
1.0
0.0102924
0.505188
0.278314
0.563237
0.361648
1.0
0.0102709
0.494866
0.955194
0.533263
0.99767
1.0
0.0102689
0.919324
0.818326
0.960591
0.880692
1.0
0.0102377
0.764268
0.84745
0.811907
0.91072
1.0
0.0102315
0.369177
0.825343
0.402079
0.874593
1.0
0.0102284
0.71577
0.775192
0.763644
0.84635
1.0
0.0102266
0.564578
0.679069
0.669941
0.832381
1.0
0.010206
0.392169
0.656322
0.430465
0.713819
1.0
0.0101874
0.841554
0.923409
0.885659
0.981045
1.0
0.0101841
-0.00482202
0.388721
0.0584379
0.513581
1.0
0.0101823
0.891276
0.819024
0.932601
0.880975
1.0
0.0101818
0.618791
0.789427
0.656026
0.843847
1.0
0.0101708
0.0132487
0.265109
0.102934
0.41719
1.0
0.0101387
0.297995
0.85836
0.335506
0.912437
1.0
0.010134
0.640499
0.249234
0.680318
0.310129
1.0
0.01012
0.514963
0.152352
0.561353
0.211166
1.0
0.0101179
0.486974
0.507126
0.541098
0.58209
1.0
0.010106
0.520484
0.753416
0.614469
0.902306
1.0
0.0100897
0.345382
0.22601
0.38735
0.281562
1.0
0.0100623
0.418373
0.872087
0.511706
0.991207
1.0
0.0100392
0.239925
0.820238
0.279748
0.873837
1.0
0.0100281
0.166981
0.28599
0.207646
0.342719
1.0
0.0100255
0.591373
0.955333
0.631773
0.997822
1.0
0.0100186
0.887814
0.146709
0.939282
0.211296
1.0
0.0100113
0.220409
0.250245
0.257573
0.304114
1.0
0.0100099
0.193955
0.25144
0.231432
0.304633
