pic: 1
1.0
0.10048594
56.25905544
135.4432896
656.80705656
1068.8349696
3.0
0.21244688
347.1319368
223.3543968
236.4275952
504.4284384
3.0
0.12250694
522.3785904
206.3621664
219.4080696
439.4025312
pic: 2
3.0
0.24193214
461.6275968
49.1326464
79.16120064
169.6541712
3.0
0.22836612
551.1592944
93.4434432
266.0946768
222.0625728
3.0
0.120171964
369.93920832
211.97532
55.39788288
68.430504
pic: 3
1.0
0.18883812
62.7920478
117.60103296
750.4839162
1000.23333504
3.0
0.16571331
93.31794
254.9568768
231.5469888
685.7292672
3.0
0.105058506
310.8763152
231.9090816
240.8431968
598.5072384
pic: 4
3.0
0.87997234
142.1533296
7.17691392
187.4446224
282.92442368
pic: 5
3.0
0.18015517
266.000544
626.0461056
95.55444
166.1012608
3.0
0.13195562
367.7063544
677.1421056
130.0606776
207.5091584
3.0
0.119260706
267.4493496
693.1912192
59.1873408
158.1664768
pic: 6
1.0
0.16332224
86.26824
365.93262
279.8386704
283.8352176
pic: 7
pic: 8
1.0
0.95714235
122.42637
512.119152
361.972494
271.9532
pic: 9
3.0
0.8653204
161.6507712
113.0143168
117.08727264
108.607752
pic: 10
1.0
0.6645244
463.0672896
240.4221624
822.6049024
467.6296896
3.0
0.1833323
652.686336
199.850472
85.8819328
118.8404424
3.0
0.15304561
694.788608
242.554032
81.5247872
130.540536
3.0
0.12205163
61.89376
19.44619776
77.3560704
134.46645264
3.0
0.116939485
125.79648
52.4735136
183.3853056
607.8644784
3.0
0.1079052
740.3810176
313.682796
146.074368
126.919728
3.0
0.10026123
456.148608
461.528064
78.122496
118.398456
pic: 11
3.0
0.24567711
14.45330016
0.988879232
67.37791968
180.449485568
5.0
0.16283014
84.0513888
2.530508992
204.3968256
255.238387008
pic: 12
3.0
0.15470892
384.9990048
266.8794624
78.5719152
99.9844352
pic: 13
1.0
0.1466033
262.595016
883.4416256
438.866928
396.7506304
3.0
0.40732473
274.30272
890.098048
446.685048
383.735168
pic: 14
3.0
0.11959137
532.208088
211.826112
78.456528
173.090496
5.0
0.6479054
-12.66041304
23.4537216
656.06274504
607.6699584
pic: 15
3.0
0.42099196
190.4494176
377.158284
154.1503584
156.79386
3.0
0.20185897
201.914892
356.0891904
227.7186408
288.9220896
pic: 16
3.0
0.111091055
548.42368
246.4448184
79.736704
141.0989256
pic: 17
3.0
0.42950618
231.733248
335.35704672
149.8884192
170.933328
pic: 18
3.0
0.27086157
263.9942784
162.4837464
178.6513176
273.5130456
5.0
0.1314836
169.3442736
236.781216
66.9001248
85.5506592
pic: 19
3.0
0.15546378
920.1836416
345.010572
81.0591104
88.5193344
3.0
0.14433187
881.4228096
326.7015336
83.6646784
101.4210792
5.0
0.13458332
-11.9713216
-5.38205616
1279.7017536
727.44543216
pic: 20
1.0
0.35665482
0.5273180064
-0.3367424016
140.276424874
175.985710402
1.0
0.11600794
53.52749712
1.551564256
89.76948048
112.219622944
3.0
0.121491104
54.82682352
103.96320528
33.93557568
63.60839408
3.0
0.10929857
52.59390912
25.46139728
43.950492
121.7200512
pic: 21
1.0
0.43191218
222.8241216
297.393056
248.0590464
328.265888
3.0
0.9254815
31.2414048
200.311936
108.6275136
201.5178624
pic: 22
3.0
0.26088142
535.133056
125.9986032
192.292864
319.0174128
3.0
0.18027207
33.76537856
424.5136056
148.39446784
237.2539464
3.0
0.17340043
554.1750272
3.62344968
252.3614208
421.53791832
pic: 23
1.0
0.19713421
485.9595648
248.999424
339.5182176
191.491008
3.0
0.29067454
743.4891936
133.072128
85.4965152
168.731952
3.0
0.2096334
460.465776
323.679744
107.6989824
125.500368
3.0
0.118881844
341.84620512
291.417504
101.50136352
121.394352
pic: 24
1.0
0.24977133
65.97785664
160.75429568
138.71359296
99.80654816
3.0
0.13505632
73.0171584
156.8140112
130.346784
93.75160256
pic: 25
1.0
0.33443412
551.3813376
235.6056
717.0378624
446.6626272
pic: 26
3.0
0.23709989
52.97713488
44.77729344
22.80365712
75.16004848
3.0
0.2104362
70.99280208
0.709306928
31.73220432
71.325284272
3.0
0.17478979
75.17745216
41.60591424
7.64373744
13.89883616
3.0
0.10059559
30.90500496
92.3758176
11.64822768
28.95292048
pic: 27
3.0
0.40908808
-2.056213584
127.3743648
91.366392384
147.82032
3.0
0.10334621
26.7904188
280.698732
414.6554772
362.487276
pic: 28
3.0
0.20333207
159.440976
527.393664
45.376224
207.599832
pic: 29
3.0
0.26646492
596.9901696
404.662176
137.6762752
307.2948048
3.0
0.1864663
73.28814976
314.8006608
88.08959104
268.4962512
3.0
0.16367999
890.50624
393.462684
159.060352
240.5882232
3.0
0.15559302
1198.7834112
391.0998456
67.56928
111.560328
3.0
0.14353268
548.7395072
255.0532752
104.1023488
251.3519064
3.0
0.13434494
492.7559296
324.644832
64.963456
181.3657464
3.0
0.12249746
108.0127808
335.1295296
71.8853696
176.9318064
3.0
0.116029486
278.7239296
351.186264
68.7827072
159.027696
3.0
0.10762954
218.72192
346.2307416
64.6503808
171.8764704
3.0
0.10182172
443.2747264
324.4226184
83.6379136
162.8176536
pic: 30
1.0
0.11625421
198.791118
1199.22432
757.130166
484.913184
3.0
0.2009123
198.791118
1199.22432
757.130166
484.913184
pic: 31
pic: 32
3.0
0.26747683
165.7795392
-0.191436768
156.9290624
172.132476768
3.0
0.17989306
122.28541248
128.764512
112.00610432
137.77592832
pic: 33
1.0
0.4411183
746.6655936
344.7897624
558.6798144
721.3556196
5.0
0.14173245
77.7040704
576.40086
700.1995392
490.122252
pic: 34
1.0
0.17599255
332.5366764
220.2049536
562.8959676
545.6915712
pic: 35
3.0
0.1952269
52.2101808
50.00070768
38.5782048
50.19064688
pic: 36
3.0
0.16551931
529.3321056
7.93663488
302.311008
342.69523392
pic: 37
5.0
0.22768773
66.19594032
99.777568
25.73626608
20.6298488
5.0
0.22666137
74.5104672
100.66456752
31.8093696
20.88914608
pic: 38
1.0
0.39973566
249.7644072
264.5475456
499.740408
603.0290304
3.0
0.16865794
249.7644072
264.5475456
499.740408
603.0290304
pic: 39
3.0
0.12706783
344.850948
435.9154944
97.3352808
148.33312
pic: 40
2.0
0.109631635
4.093673256
2.90054088
406.363854744
242.71187112
3.0
0.16281186
12.98223504
121.809888
362.12898096
450.423612
3.0
0.16270067
438.846624
117.2734344
216.384696
452.7488376
3.0
0.1491899
1.245639312
22.264416
691.550924688
708.824736
3.0
0.14734022
198.6025536
165.9048984
290.1154464
356.9624136
3.0
0.1387908
295.9944048
168.8393952
115.1985312
352.6975008
pic: 41
1.0
0.19610158
268.7740488
719.2353312
755.3115432
671.7162528
3.0
0.4118921
343.34874
694.3715568
352.670652
675.5455152
pic: 42
3.0
0.24172962
10.16284032
153.5295492
652.97044608
632.8464552
pic: 43
3.0
0.12187342
411.594912
473.1208992
99.7550208
156.4842816
3.0
0.112282455
468.6553872
468.2415096
159.464232
183.7400904
5.0
0.45510253
258.3659304
449.568864
408.6277848
261.486216
pic: 44
pic: 45
3.0
0.16525067
627.9323136
65.4267384
204.9662464
229.963032
3.0
0.13715416
590.17344
21.09332592
256.353024
176.94065808
pic: 46
3.0
0.44332886
501.890304
11.87787312
742.6086016
685.68102288
pic: 47
1.0
0.3408638
61.7782032
224.7847104
386.1361008
551.368128
5.0
0.18851411
413.617824
574.913568
62.0052984
91.963008
5.0
0.12206713
410.364864
531.0317184
81.403956
174.8582976
pic: 48
3.0
0.14968237
767.0604312
949.161888
79.298676
258.215832
3.0
0.13202097
125.0146332
428.3673984
147.6097236
238.4984304
3.0
0.1258729
446.5946556
1147.523904
81.0165348
170.3348208
5.0
0.34833714
866.6472204
758.929824
137.0600676
321.748128
5.0
0.16690432
894.3229872
888.01056
114.4974528
227.17944
pic: 49
2.0
0.120266415
31.5668144
70.6454064
39.87956368
29.0505888
3.0
0.24944994
78.45304896
19.85293008
39.4386608
102.76432848
3.0
0.17582463
130.925168
47.14985232
38.9790368
53.64380304
3.0
0.14933479
89.0251824
-1.348546032
26.00837184
33.742238832
pic: 50
1.0
0.3069659
63.74106816
34.12434528
187.78255232
93.48796512
3.0
0.23116177
169.66995584
138.7282608
39.94435456
44.01950688
pic: 51
pic: 52
1.0
0.12816133
750.381184
275.6362464
432.3216
184.6014696
3.0
0.18038592
553.0757888
183.0375504
181.3341952
340.7744736
3.0
0.11796065
599.8976896
150.454008
151.6881024
117.7901784
pic: 53
1.0
0.11279018
20.81945664
7.38505512
501.06289536
336.05764488
pic: 54
3.0
0.13039938
966.164096
-14.0907384
227.34784
619.0896024
3.0
0.111266084
488.4198784
344.387448
79.1281152
180.0086616
pic: 55
1.0
0.29177222
3.09349536
59.1127872
263.58170784
273.5173568
3.0
0.124306194
192.641688
37.14999168
75.0889488
238.90362752
pic: 56
1.0
0.26123294
74.66904
16.583152256
186.257952
162.051053824
3.0
0.10897552
97.71395616
28.96010656
16.7019984
66.3797024
pic: 57
3.0
0.24239887
30.68170272
65.6603992
12.16286208
19.426396
3.0
0.14478238
82.8196992
77.0586256
14.8654224
24.3347984
3.0
0.1403416
42.01939584
25.8646168
50.54019552
84.65545616
3.0
0.104658484
25.83708912
67.68748272
13.77577296
19.9021592
5.0
0.11213673
81.6795648
38.08553408
20.28865824
27.24679232
pic: 58
1.0
0.24932978
653.18976
396.76716
638.6787264
408.629394
1.0
0.16256784
642.30432
389.7936
1225.106304
677.197962
3.0
0.21075866
1727.876928
56.73687984
167.028096
526.74975216
3.0
0.17177387
1079.6607936
68.2626204
89.0851584
181.8447624
3.0
0.15681872
1513.434624
149.8789872
271.368768
741.1495248
3.0
0.15634596
1044.9284352
362.12022
132.5482368
202.4472312
3.0
0.14985484
1061.846016
169.0709112
95.4054912
196.4385648
3.0
0.14394565
1716.742656
343.8133884
119.547648
269.3251836
3.0
0.120357715
1158.193344
64.58875416
90.500544
177.07411944
3.0
0.102011815
1500.583296
55.75528836
186.854784
490.71407364
3.0
0.10105261
1175.7199872
107.7602616
83.99712
201.057984
pic: 59
3.0
0.37192363
0.1598575104
82.5831952
23.1345847296
41.09727424
3.0
0.29228118
56.1250512
53.89699568
32.6033856
52.06615568
3.0
0.17634538
17.094669696
88.055
23.192512704
39.26403888
pic: 60
1.0
0.11432549
73.6286528
193.6019904
425.4554752
160.0939296
3.0
0.24625573
238.1972096
116.1284208
160.023232
294.9712752
pic: 61
3.0
0.11160541
90.3939984
233.777192
46.42547616
35.80962528
pic: 62
1.0
0.959622
64.3383
140.0624512
634.0621104
771.080128
pic: 63
3.0
0.17174384
293.7024512
125.5865616
206.6265984
371.3797368
3.0
0.14146371
249.3519232
185.280984
181.7935872
237.691368
3.0
0.13956968
338.4451328
162.1280736
128.2462336
264.9511872
4.0
0.7160804
361.890432
504.850968
718.5618432
204.8630832
pic: 64
1.0
0.92317
29.75030208
93.3078608
78.89212512
82.50605968
pic: 65
3.0
0.10247531
419.6111328
464.8641536
278.3320272
271.649216
pic: 66
3.0
0.8338785
301.8587712
131.2502816
817.8816384
526.16342592
3.0
0.12955888
1441.9682688
358.7983552
149.0333952
127.11797056
pic: 67
2.0
0.3444452
490.243456
385.529616
172.760704
122.831784
2.0
0.11144373
485.6531584
394.740432
151.0490496
65.3885784
2.0
0.11136678
435.3786496
391.281192
156.152192
111.826584
3.0
0.5085129
461.0880256
255.0055104
230.6586624
266.3758656
3.0
0.15218517
82.7048832
116.279532
149.323776
423.329004
3.0
0.13250086
17.2809024
79.2212112
179.1667136
542.0778336
pic: 68
1.0
0.1734505
232.7231456
40.9855488
141.0216096
119.0068032
3.0
0.1048343
162.84880992
385.3528128
99.77552416
118.2419328
pic: 69
3.0
0.60473746
365.056608
97.8378
223.505952
240.595176
pic: 70
3.0
0.14596151
184.0718064
298.489408
68.3691504
109.6659584
3.0
0.13699237
316.8624672
251.9171712
39.4306176
73.3719424
3.0
0.10365678
343.9522368
437.294016
32.447376
89.739296
5.0
0.37542275
94.4461392
192.416992
114.4774848
102.8672768
5.0
0.14657734
93.425352
186.4422208
193.844568
222.3961152
pic: 71
1.0
0.29423648
24.92454528
11.144138368
169.28258112
171.155816832
pic: 72
2.0
0.109631635
2.0013513696
1.160216352
198.66677343
97.084748448
3.0
0.16281186
6.346870464
48.7239552
177.040835136
180.1694448
3.0
0.16270067
214.5472384
46.90937376
105.7880736
181.09953504
3.0
0.1491899
0.6089792192
8.9057664
338.091563181
283.5298944
3.0
0.14734022
97.09458176
66.36195936
141.83421824
142.78496544
3.0
0.1387908
144.70837568
67.53575808
56.31928192
141.07900032
pic: 73
3.0
0.99187475
425.1307248
496.83744
330.854652
1234.386816
3.0
0.16243567
169.7975784
1224.3731712
115.947774
246.4178688
3.0
0.15222746
-4.54079628
1016.72928
93.25784988
264.9735168
pic: 74
1.0
0.34707832
238.9611744
718.9852928
456.9054336
515.7522432
pic: 75
3.0
0.9146477
49.01464512
6.496232864
146.83010688
122.060654496
pic: 76
1.0
0.9541195
19.04467104
305.767296
669.69411696
414.39312
pic: 77
1.0
0.65332705
-0.546835896
33.175296
144.101213496
142.0890064
pic: 78
3.0
0.26097664
59.30190288
74.667736
85.33845072
58.8642384
pic: 79
3.0
0.21082577
512.3510784
11.61235584
450.0134272
365.82586416
3.0
0.10837764
931.6521472
7.2553536
151.3809408
381.3796512
pic: 80
1.0
0.47587207
8.87545104
20.84002992
281.39019696
244.68223824
3.0
0.10947574
277.9372512
7.21371744
196.368768
331.4521296
pic: 81
3.0
0.15575057
207.7540848
143.8409664
128.5684992
113.4385632
3.0
0.1526995
18.74832696
256.5265536
69.62361624
80.8998048
3.0
0.13198285
94.3874928
272.0557728
388.1390832
161.3508192
3.0
0.12530074
614.708208
70.82332128
99.170496
226.57383072
3.0
0.10204177
9.23084928
231.25824
104.68692432
127.61208
pic: 82
pic: 83
3.0
0.48567832
106.65139392
67.0665952
137.82457728
140.0963872
pic: 84
1.0
0.9904332
168.2235144
564.1005696
500.4585576
372.1447104
pic: 85
1.0
0.9027589
67.0056984
69.94472448
431.5825368
393.23676672
pic: 86
5.0
0.27273798
5.032424928
40.23774864
662.516919072
675.15228576
pic: 87
1.0
0.94740254
196.0924224
62.7433792
282.2174304
395.2330688
pic: 88
1.0
0.20571221
0.5618476872
1287.8252736
889.812724313
645.4380864
3.0
0.16668129
78.7997052
355.1556864
215.7748308
454.1952
3.0
0.16155832
431.0327736
258.6213312
220.8311424
443.2594752
3.0
0.10031299
286.2490968
763.891296
447.7664772
336.084384
pic: 89
1.0
0.31155142
-0.363593088
68.92087936
478.588457088
567.83243264
pic: 90
3.0
0.2471654
62.74828512
139.49064096
33.67065888
46.37161056
3.0
0.14950427
118.6347456
146.04193824
31.5396
31.20562016
3.0
0.13996957
140.58772416
144.560592
25.87906944
33.962368
3.0
0.1253914
18.90522144
117.60477696
31.12673184
31.9313808
3.0
0.12187828
105.34653504
79.82147008
70.23218976
85.73979392
pic: 91
1.0
0.15591884
240.576384
3.156089792
174.483432
257.874643008
3.0
0.11859821
228.2650848
77.8273024
90.32736
189.2018496
pic: 92
3.0
0.28073502
132.481368
152.4764032
85.4209584
73.3088928
3.0
0.10010235
116.12875104
121.7909968
82.31111136
150.7931568
5.0
0.23482847
85.98828096
-3.400783584
103.64603904
132.839068384
pic: 93
3.0
0.10376433
189.244968
424.6504576
51.340488
110.6462144
pic: 94
pic: 95
1.0
0.21147545
14.18092488
1054.874688
1059.89181912
780.896064
1.0
0.12260377
237.9580092
534.508608
796.995234
721.410432
1.0
0.11434713
2.1024549
697.1024256
548.0852175
552.1710336
2.0
0.14095904
569.341008
1367.4314112
516.680424
489.9144768
3.0
0.1826645
558.723312
166.1167104
96.085008
368.1001344
3.0
0.140844
464.8493664
132.1294272
99.8212896
440.4288384
3.0
0.13529298
612.337644
200.47642752
141.4258272
368.04465408
3.0
0.13059433
885.9402
-19.33227456
86.5593
465.80669376
3.0
0.1020603
990.1116
23.9104704
79.003836
369.6034368
pic: 96
1.0
0.18690555
90.7225974
105.326784
612.974763
636.0165648
pic: 97
3.0
0.9869668
179.01302464
1215.5205888
735.29060416
712.7334912
pic: 98
1.0
0.5392898
11.786652
48.60117504
110.3907096
96.78925696
3.0
0.11472359
1.721014704
96.71475616
55.681906896
79.22877424
3.0
0.10746767
98.5413024
53.43001488
45.2402928
107.23212368
3.0
0.10551733
47.496744
68.47418512
59.5027296
57.54961168
pic: 99
5.0
0.40135726
13.02444216
19.23574464
714.15467784
521.83139136
pic: 100
3.0
0.5580434
419.714208
309.6760192
49.46112
143.2468352
3.0
0.21082224
396.329112
273.7825024
47.016432
182.6400768
3.0
0.10406028
395.912736
370.887936
47.6169624
191.662976
pic: 1
1.0
0.10048594
56.25905544
135.4432896
656.80705656
1068.8349696
3.0
0.21244688
347.1319368
223.3543968
236.4275952
504.4284384
3.0
0.12250694
522.3785904
206.3621664
219.4080696
439.4025312
pic: 2
3.0
0.24193214
461.6275968
49.1326464
79.16120064
169.6541712
3.0
0.22836612
551.1592944
93.4434432
266.0946768
222.0625728
3.0
0.120171964
369.93920832
211.97532
55.39788288
68.430504
pic: 3
1.0
0.18883812
62.7920478
117.60103296
750.4839162
1000.23333504
3.0
0.16571331
93.31794
254.9568768
231.5469888
685.7292672
3.0
0.105058506
310.8763152
231.9090816
240.8431968
598.5072384
pic: 4
3.0
0.87997234
142.1533296
7.17691392
187.4446224
282.92442368
pic: 5
3.0
0.18015517
266.000544
626.0461056
95.55444
166.1012608
3.0
0.13195562
367.7063544
677.1421056
130.0606776
207.5091584
3.0
0.119260706
267.4493496
693.1912192
59.1873408
158.1664768
pic: 6
1.0
0.16332224
86.26824
365.93262
279.8386704
283.8352176
pic: 7
pic: 8
1.0
0.95714235
122.42637
512.119152
361.972494
271.9532
pic: 9
3.0
0.8653204
161.6507712
113.0143168
117.08727264
108.607752
pic: 10
1.0
0.6645244
463.0672896
240.4221624
822.6049024
467.6296896
3.0
0.1833323
652.686336
199.850472
85.8819328
118.8404424
3.0
0.15304561
694.788608
242.554032
81.5247872
130.540536
3.0
0.12205163
61.89376
19.44619776
77.3560704
134.46645264
3.0
0.116939485
125.79648
52.4735136
183.3853056
607.8644784
3.0
0.1079052
740.3810176
313.682796
146.074368
126.919728
3.0
0.10026123
456.148608
461.528064
78.122496
118.398456
pic: 11
3.0
0.24567711
14.45330016
0.988879232
67.37791968
180.449485568
5.0
0.16283014
84.0513888
2.530508992
204.3968256
255.238387008
pic: 12
3.0
0.15470892
384.9990048
266.8794624
78.5719152
99.9844352
pic: 13
1.0
0.1466033
262.595016
883.4416256
438.866928
396.7506304
3.0
0.40732473
274.30272
890.098048
446.685048
383.735168
pic: 14
3.0
0.11959137
532.208088
211.826112
78.456528
173.090496
5.0
0.6479054
-12.66041304
23.4537216
656.06274504
607.6699584
pic: 15
3.0
0.42099196
190.4494176
377.158284
154.1503584
156.79386
3.0
0.20185897
201.914892
356.0891904
227.7186408
288.9220896
pic: 16
3.0
0.111091055
548.42368
246.4448184
79.736704
141.0989256
pic: 17
3.0
0.42950618
231.733248
335.35704672
149.8884192
170.933328
pic: 18
3.0
0.27086157
263.9942784
162.4837464
178.6513176
273.5130456
5.0
0.1314836
169.3442736
236.781216
66.9001248
85.5506592
pic: 19
3.0
0.15546378
920.1836416
345.010572
81.0591104
88.5193344
3.0
0.14433187
881.4228096
326.7015336
83.6646784
101.4210792
5.0
0.13458332
-11.9713216
-5.38205616
1279.7017536
727.44543216
pic: 20
1.0
0.35665482
0.5273180064
-0.3367424016
140.276424874
175.985710402
1.0
0.11600794
53.52749712
1.551564256
89.76948048
112.219622944
3.0
0.121491104
54.82682352
103.96320528
33.93557568
63.60839408
3.0
0.10929857
52.59390912
25.46139728
43.950492
121.7200512
pic: 21
1.0
0.43191218
222.8241216
297.393056
248.0590464
328.265888
3.0
0.9254815
31.2414048
200.311936
108.6275136
201.5178624
pic: 22
3.0
0.26088142
535.133056
125.9986032
192.292864
319.0174128
3.0
0.18027207
33.76537856
424.5136056
148.39446784
237.2539464
3.0
0.17340043
554.1750272
3.62344968
252.3614208
421.53791832
pic: 23
1.0
0.19713421
485.9595648
248.999424
339.5182176
191.491008
3.0
0.29067454
743.4891936
133.072128
85.4965152
168.731952
3.0
0.2096334
460.465776
323.679744
107.6989824
125.500368
3.0
0.118881844
341.84620512
291.417504
101.50136352
121.394352
pic: 24
1.0
0.24977133
65.97785664
160.75429568
138.71359296
99.80654816
3.0
0.13505632
73.0171584
156.8140112
130.346784
93.75160256
pic: 25
1.0
0.33443412
551.3813376
235.6056
717.0378624
446.6626272
pic: 26
3.0
0.23709989
52.97713488
44.77729344
22.80365712
75.16004848
3.0
0.2104362
70.99280208
0.709306928
31.73220432
71.325284272
3.0
0.17478979
75.17745216
41.60591424
7.64373744
13.89883616
3.0
0.10059559
30.90500496
92.3758176
11.64822768
28.95292048
pic: 27
3.0
0.40908808
-2.056213584
127.3743648
91.366392384
147.82032
3.0
0.10334621
26.7904188
280.698732
414.6554772
362.487276
pic: 28
3.0
0.20333207
159.440976
527.393664
45.376224
207.599832
pic: 29
3.0
0.26646492
596.9901696
404.662176
137.6762752
307.2948048
3.0
0.1864663
73.28814976
314.8006608
88.08959104
268.4962512
3.0
0.16367999
890.50624
393.462684
159.060352
240.5882232
3.0
0.15559302
1198.7834112
391.0998456
67.56928
111.560328
3.0
0.14353268
548.7395072
255.0532752
104.1023488
251.3519064
3.0
0.13434494
492.7559296
324.644832
64.963456
181.3657464
3.0
0.12249746
108.0127808
335.1295296
71.8853696
176.9318064
3.0
0.116029486
278.7239296
351.186264
68.7827072
159.027696
3.0
0.10762954
218.72192
346.2307416
64.6503808
171.8764704
3.0
0.10182172
443.2747264
324.4226184
83.6379136
162.8176536
pic: 30
1.0
0.11625421
198.791118
1199.22432
757.130166
484.913184
3.0
0.2009123
198.791118
1199.22432
757.130166
484.913184
pic: 31
pic: 32
3.0
0.26747683
165.7795392
-0.191436768
156.9290624
172.132476768
3.0
0.17989306
122.28541248
128.764512
112.00610432
137.77592832
pic: 33
1.0
0.4411183
746.6655936
344.7897624
558.6798144
721.3556196
5.0
0.14173245
77.7040704
576.40086
700.1995392
490.122252
pic: 34
1.0
0.17599255
332.5366764
220.2049536
562.8959676
545.6915712
pic: 35
3.0
0.1952269
52.2101808
50.00070768
38.5782048
50.19064688
pic: 36
3.0
0.16551931
529.3321056
7.93663488
302.311008
342.69523392
pic: 37
5.0
0.22768773
66.19594032
99.777568
25.73626608
20.6298488
5.0
0.22666137
74.5104672
100.66456752
31.8093696
20.88914608
pic: 38
1.0
0.39973566
249.7644072
264.5475456
499.740408
603.0290304
3.0
0.16865794
249.7644072
264.5475456
499.740408
603.0290304
pic: 39
3.0
0.12706783
344.850948
435.9154944
97.3352808
148.33312
pic: 40
2.0
0.109631635
4.093673256
2.90054088
406.363854744
242.71187112
3.0
0.16281186
12.98223504
121.809888
362.12898096
450.423612
3.0
0.16270067
438.846624
117.2734344
216.384696
452.7488376
3.0
0.1491899
1.245639312
22.264416
691.550924688
708.824736
3.0
0.14734022
198.6025536
165.9048984
290.1154464
356.9624136
3.0
0.1387908
295.9944048
168.8393952
115.1985312
352.6975008
pic: 41
1.0
0.19610158
268.7740488
719.2353312
755.3115432
671.7162528
3.0
0.4118921
343.34874
694.3715568
352.670652
675.5455152
pic: 42
3.0
0.24172962
10.16284032
153.5295492
652.97044608
632.8464552
pic: 43
3.0
0.12187342
411.594912
473.1208992
99.7550208
156.4842816
3.0
0.112282455
468.6553872
468.2415096
159.464232
183.7400904
5.0
0.45510253
258.3659304
449.568864
408.6277848
261.486216
pic: 44
pic: 45
3.0
0.16525067
627.9323136
65.4267384
204.9662464
229.963032
3.0
0.13715416
590.17344
21.09332592
256.353024
176.94065808
pic: 46
3.0
0.44332886
501.890304
11.87787312
742.6086016
685.68102288
pic: 47
1.0
0.3408638
61.7782032
224.7847104
386.1361008
551.368128
5.0
0.18851411
413.617824
574.913568
62.0052984
91.963008
5.0
0.12206713
410.364864
531.0317184
81.403956
174.8582976
pic: 48
3.0
0.14968237
767.0604312
949.161888
79.298676
258.215832
3.0
0.13202097
125.0146332
428.3673984
147.6097236
238.4984304
3.0
0.1258729
446.5946556
1147.523904
81.0165348
170.3348208
5.0
0.34833714
866.6472204
758.929824
137.0600676
321.748128
5.0
0.16690432
894.3229872
888.01056
114.4974528
227.17944
pic: 49
2.0
0.120266415
31.5668144
70.6454064
39.87956368
29.0505888
3.0
0.24944994
78.45304896
19.85293008
39.4386608
102.76432848
3.0
0.17582463
130.925168
47.14985232
38.9790368
53.64380304
3.0
0.14933479
89.0251824
-1.348546032
26.00837184
33.742238832
pic: 50
1.0
0.3069659
63.74106816
34.12434528
187.78255232
93.48796512
3.0
0.23116177
169.66995584
138.7282608
39.94435456
44.01950688
pic: 51
pic: 52
1.0
0.12816133
750.381184
275.6362464
432.3216
184.6014696
3.0
0.18038592
553.0757888
183.0375504
181.3341952
340.7744736
3.0
0.11796065
599.8976896
150.454008
151.6881024
117.7901784
pic: 53
1.0
0.11279018
20.81945664
7.38505512
501.06289536
336.05764488
pic: 54
3.0
0.13039938
966.164096
-14.0907384
227.34784
619.0896024
3.0
0.111266084
488.4198784
344.387448
79.1281152
180.0086616
pic: 55
1.0
0.29177222
3.09349536
59.1127872
263.58170784
273.5173568
3.0
0.124306194
192.641688
37.14999168
75.0889488
238.90362752
pic: 56
1.0
0.26123294
74.66904
16.583152256
186.257952
162.051053824
3.0
0.10897552
97.71395616
28.96010656
16.7019984
66.3797024
pic: 57
3.0
0.24239887
30.68170272
65.6603992
12.16286208
19.426396
3.0
0.14478238
82.8196992
77.0586256
14.8654224
24.3347984
3.0
0.1403416
42.01939584
25.8646168
50.54019552
84.65545616
3.0
0.104658484
25.83708912
67.68748272
13.77577296
19.9021592
5.0
0.11213673
81.6795648
38.08553408
20.28865824
27.24679232
pic: 58
1.0
0.24932978
653.18976
396.76716
638.6787264
408.629394
1.0
0.16256784
642.30432
389.7936
1225.106304
677.197962
3.0
0.21075866
1727.876928
56.73687984
167.028096
526.74975216
3.0
0.17177387
1079.6607936
68.2626204
89.0851584
181.8447624
3.0
0.15681872
1513.434624
149.8789872
271.368768
741.1495248
3.0
0.15634596
1044.9284352
362.12022
132.5482368
202.4472312
3.0
0.14985484
1061.846016
169.0709112
95.4054912
196.4385648
3.0
0.14394565
1716.742656
343.8133884
119.547648
269.3251836
3.0
0.120357715
1158.193344
64.58875416
90.500544
177.07411944
3.0
0.102011815
1500.583296
55.75528836
186.854784
490.71407364
3.0
0.10105261
1175.7199872
107.7602616
83.99712
201.057984
pic: 59
3.0
0.37192363
0.1598575104
82.5831952
23.1345847296
41.09727424
3.0
0.29228118
56.1250512
53.89699568
32.6033856
52.06615568
3.0
0.17634538
17.094669696
88.055
23.192512704
39.26403888
pic: 60
1.0
0.11432549
73.6286528
193.6019904
425.4554752
160.0939296
3.0
0.24625573
238.1972096
116.1284208
160.023232
294.9712752
pic: 61
3.0
0.11160541
90.3939984
233.777192
46.42547616
35.80962528
pic: 62
1.0
0.959622
64.3383
140.0624512
634.0621104
771.080128
pic: 63
3.0
0.17174384
293.7024512
125.5865616
206.6265984
371.3797368
3.0
0.14146371
249.3519232
185.280984
181.7935872
237.691368
3.0
0.13956968
338.4451328
162.1280736
128.2462336
264.9511872
4.0
0.7160804
361.890432
504.850968
718.5618432
204.8630832
pic: 64
1.0
0.92317
29.75030208
93.3078608
78.89212512
82.50605968
pic: 65
3.0
0.10247531
419.6111328
464.8641536
278.3320272
271.649216
pic: 66
3.0
0.8338785
301.8587712
131.2502816
817.8816384
526.16342592
3.0
0.12955888
1441.9682688
358.7983552
149.0333952
127.11797056
pic: 67
2.0
0.3444452
490.243456
385.529616
172.760704
122.831784
2.0
0.11144373
485.6531584
394.740432
151.0490496
65.3885784
2.0
0.11136678
435.3786496
391.281192
156.152192
111.826584
3.0
0.5085129
461.0880256
255.0055104
230.6586624
266.3758656
3.0
0.15218517
82.7048832
116.279532
149.323776
423.329004
3.0
0.13250086
17.2809024
79.2212112
179.1667136
542.0778336
pic: 68
1.0
0.1734505
232.7231456
40.9855488
141.0216096
119.0068032
3.0
0.1048343
162.84880992
385.3528128
99.77552416
118.2419328
pic: 69
3.0
0.60473746
365.056608
97.8378
223.505952
240.595176
pic: 70
3.0
0.14596151
184.0718064
298.489408
68.3691504
109.6659584
3.0
0.13699237
316.8624672
251.9171712
39.4306176
73.3719424
3.0
0.10365678
343.9522368
437.294016
32.447376
89.739296
5.0
0.37542275
94.4461392
192.416992
114.4774848
102.8672768
5.0
0.14657734
93.425352
186.4422208
193.844568
222.3961152
pic: 71
1.0
0.29423648
24.92454528
11.144138368
169.28258112
171.155816832
pic: 72
2.0
0.109631635
2.0013513696
1.160216352
198.66677343
97.084748448
3.0
0.16281186
6.346870464
48.7239552
177.040835136
180.1694448
3.0
0.16270067
214.5472384
46.90937376
105.7880736
181.09953504
3.0
0.1491899
0.6089792192
8.9057664
338.091563181
283.5298944
3.0
0.14734022
97.09458176
66.36195936
141.83421824
142.78496544
3.0
0.1387908
144.70837568
67.53575808
56.31928192
141.07900032
pic: 73
3.0
0.99187475
425.1307248
496.83744
330.854652
1234.386816
3.0
0.16243567
169.7975784
1224.3731712
115.947774
246.4178688
3.0
0.15222746
-4.54079628
1016.72928
93.25784988
264.9735168
pic: 74
1.0
0.34707832
238.9611744
718.9852928
456.9054336
515.7522432
pic: 75
3.0
0.9146477
49.01464512
6.496232864
146.83010688
122.060654496
pic: 76
1.0
0.9541195
19.04467104
305.767296
669.69411696
414.39312
pic: 77
1.0
0.65332705
-0.546835896
33.175296
144.101213496
142.0890064
pic: 78
3.0
0.26097664
59.30190288
74.667736
85.33845072
58.8642384
pic: 79
3.0
0.21082577
512.3510784
11.61235584
450.0134272
365.82586416
3.0
0.10837764
931.6521472
7.2553536
151.3809408
381.3796512
pic: 80
1.0
0.47587207
8.87545104
20.84002992
281.39019696
244.68223824
3.0
0.10947574
277.9372512
7.21371744
196.368768
331.4521296
pic: 81
3.0
0.15575057
207.7540848
143.8409664
128.5684992
113.4385632
3.0
0.1526995
18.74832696
256.5265536
69.62361624
80.8998048
3.0
0.13198285
94.3874928
272.0557728
388.1390832
161.3508192
3.0
0.12530074
614.708208
70.82332128
99.170496
226.57383072
3.0
0.10204177
9.23084928
231.25824
104.68692432
127.61208
pic: 82
pic: 83
3.0
0.48567832
106.65139392
67.0665952
137.82457728
140.0963872
pic: 84
1.0
0.9904332
168.2235144
564.1005696
500.4585576
372.1447104
pic: 85
1.0
0.9027589
67.0056984
69.94472448
431.5825368
393.23676672
pic: 86
5.0
0.27273798
5.032424928
40.23774864
662.516919072
675.15228576
pic: 87
1.0
0.94740254
196.0924224
62.7433792
282.2174304
395.2330688
pic: 88
1.0
0.20571221
0.5618476872
1287.8252736
889.812724313
645.4380864
3.0
0.16668129
78.7997052
355.1556864
215.7748308
454.1952
3.0
0.16155832
431.0327736
258.6213312
220.8311424
443.2594752
3.0
0.10031299
286.2490968
763.891296
447.7664772
336.084384
pic: 89
1.0
0.31155142
-0.363593088
68.92087936
478.588457088
567.83243264
pic: 90
3.0
0.2471654
62.74828512
139.49064096
33.67065888
46.37161056
3.0
0.14950427
118.6347456
146.04193824
31.5396
31.20562016
3.0
0.13996957
140.58772416
144.560592
25.87906944
33.962368
3.0
0.1253914
18.90522144
117.60477696
31.12673184
31.9313808
3.0
0.12187828
105.34653504
79.82147008
70.23218976
85.73979392
pic: 91
1.0
0.15591884
240.576384
3.156089792
174.483432
257.874643008
3.0
0.11859821
228.2650848
77.8273024
90.32736
189.2018496
pic: 92
3.0
0.28073502
132.481368
152.4764032
85.4209584
73.3088928
3.0
0.10010235
116.12875104
121.7909968
82.31111136
150.7931568
5.0
0.23482847
85.98828096
-3.400783584
103.64603904
132.839068384
pic: 93
3.0
0.10376433
189.244968
424.6504576
51.340488
110.6462144
pic: 94
pic: 95
1.0
0.21147545
14.18092488
1054.874688
1059.89181912
780.896064
1.0
0.12260377
237.9580092
534.508608
796.995234
721.410432
1.0
0.11434713
2.1024549
697.1024256
548.0852175
552.1710336
2.0
0.14095904
569.341008
1367.4314112
516.680424
489.9144768
3.0
0.1826645
558.723312
166.1167104
96.085008
368.1001344
3.0
0.140844
464.8493664
132.1294272
99.8212896
440.4288384
3.0
0.13529298
612.337644
200.47642752
141.4258272
368.04465408
3.0
0.13059433
885.9402
-19.33227456
86.5593
465.80669376
3.0
0.1020603
990.1116
23.9104704
79.003836
369.6034368
pic: 96
1.0
0.18690555
90.7225974
105.326784
612.974763
636.0165648
pic: 97
3.0
0.9869668
179.01302464
1215.5205888
735.29060416
712.7334912
pic: 98
1.0
0.5392898
11.786652
48.60117504
110.3907096
96.78925696
3.0
0.11472359
1.721014704
96.71475616
55.681906896
79.22877424
3.0
0.10746767
98.5413024
53.43001488
45.2402928
107.23212368
3.0
0.10551733
47.496744
68.47418512
59.5027296
57.54961168
pic: 99
5.0
0.40135726
13.02444216
19.23574464
714.15467784
521.83139136
pic: 100
3.0
0.5580434
419.714208
309.6760192
49.46112
143.2468352
3.0
0.21082224
396.329112
273.7825024
47.016432
182.6400768
3.0
0.10406028
395.912736
370.887936
47.6169624
191.662976
