pic: 1
1.0
0.124406
54.93312
138.2592
656.84304
1061.83104
3.0
0.203095
344.89044
223.6032
232.97328
502.58688
3.0
0.123587
522.28476
212.63616
210.93696
435.04896
pic: 2
3.0
0.230713
554.538528
88.49232
261.732384
222.4296
3.0
0.221005
461.534976
52.88352
80.825472
166.22736
3.0
0.10558
370.09008
211.53072
56.672352
70.12272
pic: 3
1.0
0.19617
63.10008
116.66304
748.8126
1002.39936
3.0
0.166628
93.91356
250.03776
228.30444
692.40192
3.0
0.115747
313.58988
229.6128
236.93796
598.77504
pic: 4
3.0
0.879972
142.66416
7.69664
186.46608
281.44704
pic: 5
3.0
0.190187
266.37048
625.67808
93.97152
166.58944
3.0
0.128005
369.14832
677.35168
128.59416
206.82496
3.0
0.126835
268.82208
699.05152
57.65184
158.10944
pic: 6
1.0
0.163322
86.49696
366.28128
279.4224
283.41216
pic: 7
3.0
0.111896
474.03576
736.43136
83.88072
344.76032
pic: 8
1.0
0.958063
122.8806
513.1888
362.172
271.5072
pic: 9
3.0
0.901086
161.426016
113.1328
117.339552
108.456832
pic: 10
1.0
0.77012
456.59648
236.49192
835.168
474.15456
1.0
0.101915
713.11872
421.48944
587.45984
267.6636
3.0
0.179826
652.03072
199.61064
85.43872
119.63304
3.0
0.13654
694.5216
242.25336
81.35424
129.63312
3.0
0.118102
117.42208
47.32776
181.7664
616.87224
3.0
0.118051
62.21184
20.94624
76.79872
129.79872
3.0
0.103421
742.5536
313.12728
143.33824
127.15128
3.0
0.102973
455.19488
462.4308
76.43008
118.97712
pic: 11
3.0
0.186253
14.586048
1.236928
66.572352
178.457312
5.0
0.185838
80.601696
4.004352
208.263168
251.020704
pic: 12
3.0
0.141335
383.80392
267.10912
80.10648
99.37792
pic: 13
1.0
0.174223
263.10384
884.01152
438.04872
395.6608
3.0
0.343611
275.40432
891.136
445.17312
382.57408
pic: 14
3.0
0.129558
533.40984
212.78976
77.12208
171.05088
5.0
0.668355
-9.1656
25.7568
645.354
597.76224
pic: 15
3.0
0.43971
189.71208
380.35656
152.09064
148.53528
3.0
0.217952
198.83736
353.9232
230.38488
293.26104
pic: 16
3.0
0.111962
549.22496
249.08184
79.47776
138.9384
3.0
0.107681
564.68608
197.59608
109.8688
220.73112
pic: 17
3.0
0.430556
230.96592
338.180832
152.8584
167.730912
pic: 18
3.0
0.270862
264.99456
164.54088
176.79024
270.66456
5.0
0.131484
169.76808
237.12696
66.20328
84.65976
pic: 19
3.0
0.150446
881.1776
327.82608
82.0416
100.67472
3.0
0.142872
919.45344
343.29456
80.00128
91.21536
pic: 20
1.0
0.388888
0.482832
-0.146784
140.326272
176.015664
1.0
0.128028
53.614656
1.658624
89.68536
114.715216
3.0
0.130078
54.907488
104.133744
33.664896
62.854
3.0
0.117875
51.675984
23.828992
44.928288
127.69856
pic: 21
1.0
0.425922
242.72064
311.52192
231.1464
323.66656
3.0
0.933418
31.39968
200.51328
107.41152
200.47232
pic: 22
3.0
0.22731
536.0384
130.7232
184.31744
313.70688
3.0
0.178911
37.05088
427.96008
148.89216
231.84576
3.0
0.162579
557.89952
0.59688
247.5392
427.39416
pic: 23
1.0
0.194253
482.41872
249.65856
345.605184
192.08448
3.0
0.275845
744.25824
134.36064
84.673728
165.52752
3.0
0.211249
465.03936
323.90928
103.143456
123.61488
3.0
0.112177
201.216096
218.82336
113.433696
86.63232
3.0
0.110715
341.968608
290.49168
102.521376
123.14256
pic: 24
1.0
0.244937
65.649024
160.48384
139.81824
99.495616
3.0
0.172797
72.876672
157.98288
130.8456
91.362304
pic: 25
1.0
0.334434
552.59776
236.51136
714.90304
445.33368
pic: 26
3.0
0.272407
53.221536
45.584
22.48848
74.673456
3.0
0.226516
70.943472
0.989648
31.593744
70.66752
3.0
0.174176
75.339936
42.072096
7.635168
13.728528
3.0
0.130005
31.143744
92.642
11.138976
28.121104
pic: 27
3.0
0.381857
-1.5012
127.70928
91.55016
144.432
3.0
0.129755
25.95816
277.64928
413.09928
368.47008
pic: 28
3.0
0.205382
159.74496
529.26696
43.89408
203.99688
pic: 29
3.0
0.287216
597.46176
406.83312
135.37664
303.80832
3.0
0.193827
887.61856
394.7652
161.38752
240.20064
3.0
0.175182
74.19392
314.0532
87.96032
270.07776
3.0
0.154769
1198.61632
389.58984
68.3648
114.54624
3.0
0.142065
548.56064
257.66064
102.26176
246.09384
3.0
0.12466
494.81344
326.9124
63.50848
177.8112
3.0
0.117761
108.4352
336.20544
71.3536
174.90312
3.0
0.113698
279.2896
350.40528
67.41376
159.8688
3.0
0.110436
220.01792
348.13008
64.30464
168.1956
3.0
0.105885
1053.7152
414.91512
120.26112
164.2932
3.0
0.105851
1130.2144
388.20672
69.81248
88.3152
3.0
0.102436
432.26368
305.69472
113.17888
196.758
pic: 30
3.0
0.234345
201.64464
1200.672
754.15212
481.98144
pic: 31
pic: 32
3.0
0.275767
163.485696
0.063936
158.95088
171.669312
3.0
0.202433
121.292512
128.107872
113.749856
139.097376
pic: 33
1.0
0.465753
743.86752
348.33456
561.85536
720.75528
5.0
0.142039
80.20416
577.16172
700.89216
486.25056
pic: 34
1.0
0.18748
336.73644
221.61024
555.59196
543.4944
pic: 35
3.0
0.194631
52.656624
50.862064
37.94112
48.897024
pic: 36
3.0
0.166481
539.790912
3.4056
289.586016
348.57888
3.0
0.10383
226.056096
112.3728
60.215616
62.36112
pic: 37
5.0
0.239253
74.733984
100.84096
31.375296
20.677184
5.0
0.219379
66.61728
99.826848
24.826464
20.554688
pic: 38
1.0
0.448938
247.60512
265.82976
507.31812
598.18176
3.0
0.130923
247.60512
265.82976
507.31812
598.18176
pic: 39
3.0
0.136763
345.34944
435.89248
95.32944
146.1696
3.0
0.107287
378.21456
465.93152
77.80176
123.96416
pic: 40
2.0
0.109632
4.09392
2.90088
406.36368
242.71128
3.0
0.162812
13.14144
122.16456
361.58976
449.75304
3.0
0.162701
438.84648
117.2736
216.38448
452.74896
3.0
0.14919
2.0736
24.66144
688.3488
705.54312
3.0
0.14734
198.60264
165.90456
290.11536
356.96304
3.0
0.138791
296.66088
170.8308
113.99904
349.0236
pic: 41
1.0
0.200073
268.71588
715.80816
755.98596
668.82384
3.0
0.492186
334.34748
690.37488
352.8738
674.59536
pic: 42
3.0
0.200756
13.4496
151.9074
647.89632
642.96936
pic: 43
3.0
0.10881
412.4268
473.23584
100.10376
157.37544
3.0
0.104409
468.7488
466.44264
158.1768
186.46632
5.0
0.394569
259.80192
449.93016
405.65808
259.24752
pic: 44
pic: 45
3.0
0.205465
632.11904
67.58568
201.01248
225.20736
3.0
0.146543
589.55904
19.44144
254.9824
174.7476
pic: 46
3.0
0.406744
505.33504
13.15656
737.1072
671.15088
pic: 47
1.0
0.380423
60.14952
221.05824
389.56104
561.67968
5.0
0.170438
413.69688
573.64416
62.73
93.12768
5.0
0.115213
411.41664
527.9088
81.15192
178.08192
pic: 48
1.0
0.100404
167.62896
1067.4864
742.83588
388.37808
3.0
0.139485
766.47276
957.6792
78.60348
249.84
3.0
0.12856
446.82084
1149.93792
80.0874
167.47632
3.0
0.125612
126.01872
430.63632
147.2958
233.81568
5.0
0.382884
867.105
758.77488
136.0152
324.50112
5.0
0.166236
896.24772
889.8264
113.70348
226.03968
pic: 49
2.0
0.127531
31.593408
70.797312
39.333712
28.592496
3.0
0.268451
79.723072
20.639376
41.186816
96.978096
3.0
0.202944
131.014048
46.527696
38.791632
53.573472
3.0
0.161141
88.855184
-1.203264
25.794208
33.322176
pic: 50
1.0
0.304795
63.850336
35.473824
189.371776
91.372896
3.0
0.234924
169.955104
138.325536
38.974144
44.008704
pic: 51
3.0
0.101986
134.02044
139.69152
443.0592
623.42592
pic: 52
1.0
0.111024
754.59072
274.30776
425.62688
185.19048
3.0
0.156077
552.4864
177.79536
185.32992
338.19624
3.0
0.109174
602.53056
150.89328
147.4048
115.65072
pic: 53
pic: 54
3.0
0.131565
967.1104
-8.94528
233.89312
625.44672
3.0
0.106297
488.95232
346.51152
79.22816
173.65896
pic: 55
1.0
0.233541
2.89056
58.65536
263.02608
274.72448
3.0
0.144342
193.08
36.75584
73.58496
237.56992
pic: 56
1.0
0.24708
74.516256
16.72704
184.872672
161.767584
3.0
0.113156
98.126784
30.117472
15.900768
64.480768
pic: 57
3.0
0.240887
30.523104
65.513008
12.296016
19.745616
3.0
0.163663
41.8176
25.958064
48.77784
85.270592
3.0
0.147664
83.1096
77.780912
14.347008
23.42208
3.0
0.122712
25.819776
67.930896
13.61232
19.730128
5.0
0.108584
81.801072
38.712608
20.378592
26.576528
pic: 58
1.0
0.308338
619.50336
401.91876
689.43552
489.7314
1.0
0.154601
648.50688
389.13912
1226.3232
675.54864
3.0
0.19311
1726.93248
63.93708
167.94432
510.10776
3.0
0.165013
1080.5088
68.90184
88.59456
182.67012
3.0
0.150472
1061.56992
169.90884
97.15392
196.7598
3.0
0.147834
1717.48416
346.67568
118.03584
263.4228
3.0
0.142482
1507.82208
168.34392
271.18656
719.36964
3.0
0.13472
1047.44064
359.51256
129.33504
200.92428
3.0
0.102109
1157.78304
61.47252
91.91232
181.74132
3.0
0.101061
1764.94464
314.3232
126.22656
381.1266
5.0
0.101672
1017.53472
102.9348
212.0064
324.54864
pic: 59
3.0
0.415784
0.440208
82.208016
22.349664
41.636496
3.0
0.325539
56.420928
53.972336
31.742496
51.728512
3.0
0.174166
17.133984
88.604208
22.993056
38.387888
pic: 60
1.0
0.110171
74.54208
191.50512
421.68256
160.332
3.0
0.242515
242.30784
116.40912
157.08928
295.24272
pic: 61
pic: 62
1.0
0.967388
65.56536
140.38784
633.50136
768.9088
pic: 63
3.0
0.157933
294.30144
121.53744
203.67616
375.91992
3.0
0.140993
337.94944
166.68
127.8016
252.57384
3.0
0.130032
249.25056
186.55488
180.55936
233.75952
4.0
0.747439
363.73376
501.1236
714.3232
208.67832
pic: 64
1.0
0.933506
29.753712
93.648368
78.997536
82.396864
pic: 65
pic: 66
2.0
0.100364
1024.46784
426.756032
444.2016
112.095552
3.0
0.83006
295.536
129.95616
819.504
522.859072
3.0
0.122545
1443.69792
359.368576
145.51104
126.782464
pic: 67
2.0
0.296744
489.21216
386.82576
173.6576
119.09304
3.0
0.464988
459.81568
259.76736
238.00064
262.8936
3.0
0.137056
16.8448
82.3176
182.49984
539.7156
3.0
0.128787
84.99712
119.83608
151.2576
417.13992
3.0
0.103903
260.58624
266.4864
86.41536
126.32544
pic: 68
1.0
0.178088
235.102112
40.51392
139.437536
116.68032
3.0
0.111757
162.556992
386.7504
99.53568
116.16576
3.0
0.100245
9.350816
350.66496
239.48784
226.65696
pic: 69
3.0
0.603804
364.24256
98.42976
223.15968
239.89536
pic: 70
3.0
0.144925
184.48176
299.79072
67.66752
107.6704
3.0
0.141506
317.6352
251.96992
38.14704
72.53312
5.0
0.344869
93.54864
193.11936
116.49312
102.87872
5.0
0.128779
93.91584
185.61472
195.10608
222.79232
pic: 71
1.0
0.274432
26.364384
10.52832
168.186528
172.098784
pic: 72
2.0
0.109632
2.001472
1.160352
198.666688
97.084512
3.0
0.162812
6.424704
48.865824
176.777216
179.901216
3.0
0.162701
214.547168
46.90944
105.787968
181.099584
3.0
0.14919
1.01376
9.864576
336.52608
282.217248
3.0
0.14734
97.094624
66.361824
141.834176
142.785216
3.0
0.138791
145.034208
68.33232
55.732864
139.60944
pic: 73
3.0
0.992537
423.93672
498.95232
332.86356
1225.92576
3.0
0.167635
171.54396
1227.88992
114.82668
238.70976
3.0
0.152694
-3.45384
1015.1136
92.2914
266.65728
pic: 74
1.0
0.340103
237.11904
720.14848
458.37504
518.90048
pic: 75
3.0
0.914648
49.01472
6.49616
146.830176
122.060576
pic: 76
1.0
0.954704
17.54712
306.94824
668.10744
412.1316
pic: 77
1.0
0.62894
0.00936
33.768064
143.6256
140.997648
pic: 78
3.0
0.234467
58.91544
74.07576
85.38984
59.733344
pic: 79
3.0
0.22902
513.5616
10.94904
448.0384
367.30656
3.0
0.101712
931.79008
9.21816
148.8896
370.41552
pic: 80
1.0
0.449712
7.63824
22.060512
282.576
240.39072
pic: 81
3.0
0.17611
209.71152
147.88152
125.2152
108.6516
3.0
0.173023
97.97472
274.89096
384.76008
158.03928
3.0
0.138505
614.54808
69.62472
97.5888
229.8852
3.0
0.135021
19.64808
258.462
67.12848
79.08552
3.0
0.102739
8.964
229.72968
104.4936
128.95056
pic: 82
pic: 83
3.0
0.377984
107.574912
67.070784
136.494144
139.22128
pic: 84
1.0
0.990845
171.20088
570.42528
495.23256
364.20192
pic: 85
1.0
0.902762
69.31008
69.60128
425.93472
394.6496
pic: 86
5.0
0.265952
5.65536
45.11376
657.0336
670.32576
pic: 87
1.0
0.938931
194.73936
63.12192
283.59456
393.3504
3.0
0.11267
203.5008
285.96736
39.37824
129.3856
pic: 88
1.0
0.19936
-5.9022
1269.8304
900.72648
668.21568
3.0
0.186891
78.24924
344.58624
215.73756
454.5696
3.0
0.164152
431.0334
258.63168
221.2002
440.07936
pic: 89
1.0
0.257043
1.82592
68.88896
476.31744
568.03392
pic: 90
3.0
0.281455
63.198432
139.759136
33.61968
45.650528
3.0
0.136629
140.545152
144.384416
25.795296
34.025376
3.0
0.134273
118.42704
146.355616
31.53312
30.54832
3.0
0.126719
18.942912
118.135072
30.700224
31.796512
3.0
0.100821
106.73712
81.41408
68.8752
81.341216
pic: 91
1.0
0.141365
239.55696
3.61728
176.5128
258.22016
3.0
0.118554
227.61936
77.824
91.35264
188.36672
pic: 92
3.0
0.235524
131.72112
153.346336
87.30864
71.912544
5.0
0.205739
87.990912
-2.277792
101.660256
133.207008
pic: 93
3.0
0.126488
327.0
200.61056
57.16224
172.1504
3.0
0.112769
189.60384
427.54496
50.65248
104.8256
pic: 94
pic: 95
1.0
0.162971
18.51984
928.2624
1063.00512
981.65568
1.0
0.146175
246.16224
523.11552
793.30104
733.72224
1.0
0.11706
4.75416
685.22496
548.56116
555.21024
2.0
0.149965
579.03228
1371.90144
506.9574
482.56704
3.0
0.172867
558.8028
165.3696
94.98492
367.2288
3.0
0.142265
884.66256
-12.33792
85.20876
450.77376
3.0
0.137564
613.80828
198.41472
140.31252
373.58976
3.0
0.131716
465.1992
131.06688
97.96248
437.19552
3.0
0.102675
988.7832
34.06848
73.83204
348.95232
pic: 96
1.0
0.209783
92.11644
103.86
615.45636
633.49344
pic: 97
3.0
0.988009
180.627584
1218.49728
732.720128
709.04832
pic: 98
1.0
0.545243
11.253888
47.763408
111.917808
97.2356
3.0
0.103533
97.56216
52.94432
46.25784
108.224512
3.0
0.100634
53.808624
75.785248
43.663392
50.56128
pic: 99
1.0
0.101536
10.60056
36.25536
704.71368
497.06304
5.0
0.460876
15.94944
17.89248
710.03592
524.18784
pic: 100
3.0
0.607346
420.12288
307.89248
47.73816
142.87232
3.0
0.215051
396.19224
271.5968
46.82088
182.49088
3.0
0.113337
396.50328
370.5856
47.21904
197.56544
pic: 1
1.0
0.124406
54.93312
138.2592
656.84304
1061.83104
3.0
0.203095
344.89044
223.6032
232.97328
502.58688
3.0
0.123587
522.28476
212.63616
210.93696
435.04896
pic: 2
3.0
0.230713
554.538528
88.49232
261.732384
222.4296
3.0
0.221005
461.534976
52.88352
80.825472
166.22736
3.0
0.10558
370.09008
211.53072
56.672352
70.12272
pic: 3
1.0
0.19617
63.10008
116.66304
748.8126
1002.39936
3.0
0.166628
93.91356
250.03776
228.30444
692.40192
3.0
0.115747
313.58988
229.6128
236.93796
598.77504
pic: 4
3.0
0.879972
142.66416
7.69664
186.46608
281.44704
pic: 5
3.0
0.190187
266.37048
625.67808
93.97152
166.58944
3.0
0.128005
369.14832
677.35168
128.59416
206.82496
3.0
0.126835
268.82208
699.05152
57.65184
158.10944
pic: 6
1.0
0.163322
86.49696
366.28128
279.4224
283.41216
pic: 7
3.0
0.111896
474.03576
736.43136
83.88072
344.76032
pic: 8
1.0
0.958063
122.8806
513.1888
362.172
271.5072
pic: 9
3.0
0.901086
161.426016
113.1328
117.339552
108.456832
pic: 10
1.0
0.77012
456.59648
236.49192
835.168
474.15456
1.0
0.101915
713.11872
421.48944
587.45984
267.6636
3.0
0.179826
652.03072
199.61064
85.43872
119.63304
3.0
0.13654
694.5216
242.25336
81.35424
129.63312
3.0
0.118102
117.42208
47.32776
181.7664
616.87224
3.0
0.118051
62.21184
20.94624
76.79872
129.79872
3.0
0.103421
742.5536
313.12728
143.33824
127.15128
3.0
0.102973
455.19488
462.4308
76.43008
118.97712
pic: 11
3.0
0.186253
14.586048
1.236928
66.572352
178.457312
5.0
0.185838
80.601696
4.004352
208.263168
251.020704
pic: 12
3.0
0.141335
383.80392
267.10912
80.10648
99.37792
pic: 13
1.0
0.174223
263.10384
884.01152
438.04872
395.6608
3.0
0.343611
275.40432
891.136
445.17312
382.57408
pic: 14
3.0
0.129558
533.40984
212.78976
77.12208
171.05088
5.0
0.668355
-9.1656
25.7568
645.354
597.76224
pic: 15
3.0
0.43971
189.71208
380.35656
152.09064
148.53528
3.0
0.217952
198.83736
353.9232
230.38488
293.26104
pic: 16
3.0
0.111962
549.22496
249.08184
79.47776
138.9384
3.0
0.107681
564.68608
197.59608
109.8688
220.73112
pic: 17
3.0
0.430556
230.96592
338.180832
152.8584
167.730912
pic: 18
3.0
0.270862
264.99456
164.54088
176.79024
270.66456
5.0
0.131484
169.76808
237.12696
66.20328
84.65976
pic: 19
3.0
0.150446
881.1776
327.82608
82.0416
100.67472
3.0
0.142872
919.45344
343.29456
80.00128
91.21536
pic: 20
1.0
0.388888
0.482832
-0.146784
140.326272
176.015664
1.0
0.128028
53.614656
1.658624
89.68536
114.715216
3.0
0.130078
54.907488
104.133744
33.664896
62.854
3.0
0.117875
51.675984
23.828992
44.928288
127.69856
pic: 21
1.0
0.425922
242.72064
311.52192
231.1464
323.66656
3.0
0.933418
31.39968
200.51328
107.41152
200.47232
pic: 22
3.0
0.22731
536.0384
130.7232
184.31744
313.70688
3.0
0.178911
37.05088
427.96008
148.89216
231.84576
3.0
0.162579
557.89952
0.59688
247.5392
427.39416
pic: 23
1.0
0.194253
482.41872
249.65856
345.605184
192.08448
3.0
0.275845
744.25824
134.36064
84.673728
165.52752
3.0
0.211249
465.03936
323.90928
103.143456
123.61488
3.0
0.112177
201.216096
218.82336
113.433696
86.63232
3.0
0.110715
341.968608
290.49168
102.521376
123.14256
pic: 24
1.0
0.244937
65.649024
160.48384
139.81824
99.495616
3.0
0.172797
72.876672
157.98288
130.8456
91.362304
pic: 25
1.0
0.334434
552.59776
236.51136
714.90304
445.33368
pic: 26
3.0
0.272407
53.221536
45.584
22.48848
74.673456
3.0
0.226516
70.943472
0.989648
31.593744
70.66752
3.0
0.174176
75.339936
42.072096
7.635168
13.728528
3.0
0.130005
31.143744
92.642
11.138976
28.121104
pic: 27
3.0
0.381857
-1.5012
127.70928
91.55016
144.432
3.0
0.129755
25.95816
277.64928
413.09928
368.47008
pic: 28
3.0
0.205382
159.74496
529.26696
43.89408
203.99688
pic: 29
3.0
0.287216
597.46176
406.83312
135.37664
303.80832
3.0
0.193827
887.61856
394.7652
161.38752
240.20064
3.0
0.175182
74.19392
314.0532
87.96032
270.07776
3.0
0.154769
1198.61632
389.58984
68.3648
114.54624
3.0
0.142065
548.56064
257.66064
102.26176
246.09384
3.0
0.12466
494.81344
326.9124
63.50848
177.8112
3.0
0.117761
108.4352
336.20544
71.3536
174.90312
3.0
0.113698
279.2896
350.40528
67.41376
159.8688
3.0
0.110436
220.01792
348.13008
64.30464
168.1956
3.0
0.105885
1053.7152
414.91512
120.26112
164.2932
3.0
0.105851
1130.2144
388.20672
69.81248
88.3152
3.0
0.102436
432.26368
305.69472
113.17888
196.758
pic: 30
3.0
0.234345
201.64464
1200.672
754.15212
481.98144
pic: 31
pic: 32
3.0
0.275767
163.485696
0.063936
158.95088
171.669312
3.0
0.202433
121.292512
128.107872
113.749856
139.097376
pic: 33
1.0
0.465753
743.86752
348.33456
561.85536
720.75528
5.0
0.142039
80.20416
577.16172
700.89216
486.25056
pic: 34
1.0
0.18748
336.73644
221.61024
555.59196
543.4944
pic: 35
3.0
0.194631
52.656624
50.862064
37.94112
48.897024
pic: 36
3.0
0.166481
539.790912
3.4056
289.586016
348.57888
3.0
0.10383
226.056096
112.3728
60.215616
62.36112
pic: 37
5.0
0.239253
74.733984
100.84096
31.375296
20.677184
5.0
0.219379
66.61728
99.826848
24.826464
20.554688
pic: 38
1.0
0.448938
247.60512
265.82976
507.31812
598.18176
3.0
0.130923
247.60512
265.82976
507.31812
598.18176
pic: 39
3.0
0.136763
345.34944
435.89248
95.32944
146.1696
3.0
0.107287
378.21456
465.93152
77.80176
123.96416
pic: 40
2.0
0.109632
4.09392
2.90088
406.36368
242.71128
3.0
0.162812
13.14144
122.16456
361.58976
449.75304
3.0
0.162701
438.84648
117.2736
216.38448
452.74896
3.0
0.14919
2.0736
24.66144
688.3488
705.54312
3.0
0.14734
198.60264
165.90456
290.11536
356.96304
3.0
0.138791
296.66088
170.8308
113.99904
349.0236
pic: 41
1.0
0.200073
268.71588
715.80816
755.98596
668.82384
3.0
0.492186
334.34748
690.37488
352.8738
674.59536
pic: 42
3.0
0.200756
13.4496
151.9074
647.89632
642.96936
pic: 43
3.0
0.10881
412.4268
473.23584
100.10376
157.37544
3.0
0.104409
468.7488
466.44264
158.1768
186.46632
5.0
0.394569
259.80192
449.93016
405.65808
259.24752
pic: 44
pic: 45
3.0
0.205465
632.11904
67.58568
201.01248
225.20736
3.0
0.146543
589.55904
19.44144
254.9824
174.7476
pic: 46
3.0
0.406744
505.33504
13.15656
737.1072
671.15088
pic: 47
1.0
0.380423
60.14952
221.05824
389.56104
561.67968
5.0
0.170438
413.69688
573.64416
62.73
93.12768
5.0
0.115213
411.41664
527.9088
81.15192
178.08192
pic: 48
1.0
0.100404
167.62896
1067.4864
742.83588
388.37808
3.0
0.139485
766.47276
957.6792
78.60348
249.84
3.0
0.12856
446.82084
1149.93792
80.0874
167.47632
3.0
0.125612
126.01872
430.63632
147.2958
233.81568
5.0
0.382884
867.105
758.77488
136.0152
324.50112
5.0
0.166236
896.24772
889.8264
113.70348
226.03968
pic: 49
2.0
0.127531
31.593408
70.797312
39.333712
28.592496
3.0
0.268451
79.723072
20.639376
41.186816
96.978096
3.0
0.202944
131.014048
46.527696
38.791632
53.573472
3.0
0.161141
88.855184
-1.203264
25.794208
33.322176
pic: 50
1.0
0.304795
63.850336
35.473824
189.371776
91.372896
3.0
0.234924
169.955104
138.325536
38.974144
44.008704
pic: 51
3.0
0.101986
134.02044
139.69152
443.0592
623.42592
pic: 52
1.0
0.111024
754.59072
274.30776
425.62688
185.19048
3.0
0.156077
552.4864
177.79536
185.32992
338.19624
3.0
0.109174
602.53056
150.89328
147.4048
115.65072
pic: 53
pic: 54
3.0
0.131565
967.1104
-8.94528
233.89312
625.44672
3.0
0.106297
488.95232
346.51152
79.22816
173.65896
pic: 55
1.0
0.233541
2.89056
58.65536
263.02608
274.72448
3.0
0.144342
193.08
36.75584
73.58496
237.56992
pic: 56
1.0
0.24708
74.516256
16.72704
184.872672
161.767584
3.0
0.113156
98.126784
30.117472
15.900768
64.480768
pic: 57
3.0
0.240887
30.523104
65.513008
12.296016
19.745616
3.0
0.163663
41.8176
25.958064
48.77784
85.270592
3.0
0.147664
83.1096
77.780912
14.347008
23.42208
3.0
0.122712
25.819776
67.930896
13.61232
19.730128
5.0
0.108584
81.801072
38.712608
20.378592
26.576528
pic: 58
1.0
0.308338
619.50336
401.91876
689.43552
489.7314
1.0
0.154601
648.50688
389.13912
1226.3232
675.54864
3.0
0.19311
1726.93248
63.93708
167.94432
510.10776
3.0
0.165013
1080.5088
68.90184
88.59456
182.67012
3.0
0.150472
1061.56992
169.90884
97.15392
196.7598
3.0
0.147834
1717.48416
346.67568
118.03584
263.4228
3.0
0.142482
1507.82208
168.34392
271.18656
719.36964
3.0
0.13472
1047.44064
359.51256
129.33504
200.92428
3.0
0.102109
1157.78304
61.47252
91.91232
181.74132
3.0
0.101061
1764.94464
314.3232
126.22656
381.1266
5.0
0.101672
1017.53472
102.9348
212.0064
324.54864
pic: 59
3.0
0.415784
0.440208
82.208016
22.349664
41.636496
3.0
0.325539
56.420928
53.972336
31.742496
51.728512
3.0
0.174166
17.133984
88.604208
22.993056
38.387888
pic: 60
1.0
0.110171
74.54208
191.50512
421.68256
160.332
3.0
0.242515
242.30784
116.40912
157.08928
295.24272
pic: 61
pic: 62
1.0
0.967388
65.56536
140.38784
633.50136
768.9088
pic: 63
3.0
0.157933
294.30144
121.53744
203.67616
375.91992
3.0
0.140993
337.94944
166.68
127.8016
252.57384
3.0
0.130032
249.25056
186.55488
180.55936
233.75952
4.0
0.747439
363.73376
501.1236
714.3232
208.67832
pic: 64
1.0
0.933506
29.753712
93.648368
78.997536
82.396864
pic: 65
pic: 66
2.0
0.100364
1024.46784
426.756032
444.2016
112.095552
3.0
0.83006
295.536
129.95616
819.504
522.859072
3.0
0.122545
1443.69792
359.368576
145.51104
126.782464
pic: 67
2.0
0.296744
489.21216
386.82576
173.6576
119.09304
3.0
0.464988
459.81568
259.76736
238.00064
262.8936
3.0
0.137056
16.8448
82.3176
182.49984
539.7156
3.0
0.128787
84.99712
119.83608
151.2576
417.13992
3.0
0.103903
260.58624
266.4864
86.41536
126.32544
pic: 68
1.0
0.178088
235.102112
40.51392
139.437536
116.68032
3.0
0.111757
162.556992
386.7504
99.53568
116.16576
3.0
0.100245
9.350816
350.66496
239.48784
226.65696
pic: 69
3.0
0.603804
364.24256
98.42976
223.15968
239.89536
pic: 70
3.0
0.144925
184.48176
299.79072
67.66752
107.6704
3.0
0.141506
317.6352
251.96992
38.14704
72.53312
5.0
0.344869
93.54864
193.11936
116.49312
102.87872
5.0
0.128779
93.91584
185.61472
195.10608
222.79232
pic: 71
1.0
0.274432
26.364384
10.52832
168.186528
172.098784
pic: 72
2.0
0.109632
2.001472
1.160352
198.666688
97.084512
3.0
0.162812
6.424704
48.865824
176.777216
179.901216
3.0
0.162701
214.547168
46.90944
105.787968
181.099584
3.0
0.14919
1.01376
9.864576
336.52608
282.217248
3.0
0.14734
97.094624
66.361824
141.834176
142.785216
3.0
0.138791
145.034208
68.33232
55.732864
139.60944
pic: 73
3.0
0.992537
423.93672
498.95232
332.86356
1225.92576
3.0
0.167635
171.54396
1227.88992
114.82668
238.70976
3.0
0.152694
-3.45384
1015.1136
92.2914
266.65728
pic: 74
1.0
0.340103
237.11904
720.14848
458.37504
518.90048
pic: 75
3.0
0.914648
49.01472
6.49616
146.830176
122.060576
pic: 76
1.0
0.954704
17.54712
306.94824
668.10744
412.1316
pic: 77
1.0
0.62894
0.00936
33.768064
143.6256
140.997648
pic: 78
3.0
0.234467
58.91544
74.07576
85.38984
59.733344
pic: 79
3.0
0.22902
513.5616
10.94904
448.0384
367.30656
3.0
0.101712
931.79008
9.21816
148.8896
370.41552
pic: 80
1.0
0.449712
7.63824
22.060512
282.576
240.39072
pic: 81
3.0
0.17611
209.71152
147.88152
125.2152
108.6516
3.0
0.173023
97.97472
274.89096
384.76008
158.03928
3.0
0.138505
614.54808
69.62472
97.5888
229.8852
3.0
0.135021
19.64808
258.462
67.12848
79.08552
3.0
0.102739
8.964
229.72968
104.4936
128.95056
pic: 82
pic: 83
3.0
0.377984
107.574912
67.070784
136.494144
139.22128
pic: 84
1.0
0.990845
171.20088
570.42528
495.23256
364.20192
pic: 85
1.0
0.902762
69.31008
69.60128
425.93472
394.6496
pic: 86
5.0
0.265952
5.65536
45.11376
657.0336
670.32576
pic: 87
1.0
0.938931
194.73936
63.12192
283.59456
393.3504
3.0
0.11267
203.5008
285.96736
39.37824
129.3856
pic: 88
1.0
0.19936
-5.9022
1269.8304
900.72648
668.21568
3.0
0.186891
78.24924
344.58624
215.73756
454.5696
3.0
0.164152
431.0334
258.63168
221.2002
440.07936
pic: 89
1.0
0.257043
1.82592
68.88896
476.31744
568.03392
pic: 90
3.0
0.281455
63.198432
139.759136
33.61968
45.650528
3.0
0.136629
140.545152
144.384416
25.795296
34.025376
3.0
0.134273
118.42704
146.355616
31.53312
30.54832
3.0
0.126719
18.942912
118.135072
30.700224
31.796512
3.0
0.100821
106.73712
81.41408
68.8752
81.341216
pic: 91
1.0
0.141365
239.55696
3.61728
176.5128
258.22016
3.0
0.118554
227.61936
77.824
91.35264
188.36672
pic: 92
3.0
0.235524
131.72112
153.346336
87.30864
71.912544
5.0
0.205739
87.990912
-2.277792
101.660256
133.207008
pic: 93
3.0
0.126488
327.0
200.61056
57.16224
172.1504
3.0
0.112769
189.60384
427.54496
50.65248
104.8256
pic: 94
pic: 95
1.0
0.162971
18.51984
928.2624
1063.00512
981.65568
1.0
0.146175
246.16224
523.11552
793.30104
733.72224
1.0
0.11706
4.75416
685.22496
548.56116
555.21024
2.0
0.149965
579.03228
1371.90144
506.9574
482.56704
3.0
0.172867
558.8028
165.3696
94.98492
367.2288
3.0
0.142265
884.66256
-12.33792
85.20876
450.77376
3.0
0.137564
613.80828
198.41472
140.31252
373.58976
3.0
0.131716
465.1992
131.06688
97.96248
437.19552
3.0
0.102675
988.7832
34.06848
73.83204
348.95232
pic: 96
1.0
0.209783
92.11644
103.86
615.45636
633.49344
pic: 97
3.0
0.988009
180.627584
1218.49728
732.720128
709.04832
pic: 98
1.0
0.545243
11.253888
47.763408
111.917808
97.2356
3.0
0.103533
97.56216
52.94432
46.25784
108.224512
3.0
0.100634
53.808624
75.785248
43.663392
50.56128
pic: 99
1.0
0.101536
10.60056
36.25536
704.71368
497.06304
5.0
0.460876
15.94944
17.89248
710.03592
524.18784
pic: 100
3.0
0.607346
420.12288
307.89248
47.73816
142.87232
3.0
0.215051
396.19224
271.5968
46.82088
182.49088
3.0
0.113337
396.50328
370.5856
47.21904
197.56544
