1.000000
0.997577
0.464774
0.278712
0.621601
0.536690
1.000000
0.168273
0.238652
0.309722
0.650465
0.898727
1.000000
0.071493
0.047123
0.425830
0.443651
1.016367
1.000000
0.034970
0.785295
0.023563
0.832736
0.092678
1.000000
0.030777
0.520833
0.369728
0.907446
0.975853
1.000000
0.028586
0.015573
0.616759
0.058917
0.694743
1.000000
0.027945
0.764545
0.006040
0.809268
0.060465
1.000000
0.027832
0.766095
0.043854
0.811556
0.113667
1.000000
0.026353
0.103738
0.569209
0.296378
0.895671
1.000000
0.024700
0.149504
0.614835
0.247747
0.762268
1.000000
0.024347
0.745407
0.657729
1.004467
0.986254
1.000000
0.022061
0.001339
0.665342
0.059165
0.811153
1.000000
0.022036
0.123645
0.672208
0.225538
0.826808
1.000000
0.021740
0.192913
0.680217
0.291720
0.836757
1.000000
0.021078
0.141705
0.620133
0.181206
0.682268
1.000000
0.020776
0.744883
0.020290
0.791384
0.086803
1.000000
0.020687
0.125708
0.563461
0.208829
0.697197
1.000000
0.020362
0.191705
0.620898
0.235124
0.685248
1.000000
0.019974
0.125882
0.591406
0.159957
0.649156
1.000000
0.019736
0.204550
0.598667
0.304518
0.731737
1.000000
0.019715
0.236639
0.749307
0.283934
0.814638
1.000000
0.019244
0.169561
0.620842
0.210804
0.683632
1.000000
0.018367
0.010156
0.912190
0.055071
0.980669
1.000000
0.018360
0.656600
0.588759
0.776549
0.749508
1.000000
0.018256
0.071039
0.613164
0.156522
0.756297
1.000000
0.018058
0.120652
0.773842
0.226024
0.914132
1.000000
0.017282
0.150186
0.885381
0.266171
0.996289
1.000000
0.017081
0.527518
0.435045
0.590311
0.528011
1.000000
0.016942
0.143908
0.720149
0.181318
0.776165
1.000000
0.016849
0.615795
0.690035
0.722021
0.823014
1.000000
0.016780
0.803228
0.051192
0.846088
0.112526
1.000000
0.016728
0.076933
0.739415
0.165343
0.880302
1.000000
0.016705
0.703847
0.549680
0.826877
0.707613
1.000000
0.016573
0.117249
0.480633
0.198990
0.621136
1.000000
0.016539
0.491659
0.420766
0.601121
0.623868
1.000000
0.016476
0.171078
0.688778
0.210788
0.751423
1.000000
0.016431
0.514032
0.217661
0.564889
0.286549
1.000000
0.016423
0.069586
0.343283
0.155154
0.495308
1.000000
0.016112
0.125403
0.519655
0.159707
0.578082
1.000000
0.015964
0.784645
0.067134
0.831656
0.134582
1.000000
0.015873
0.123439
0.648207
0.159033
0.709496
1.000000
0.015805
0.099458
0.207983
0.177671
0.364391
1.000000
0.015767
0.095966
0.652061
0.129805
0.710006
1.000000
0.015738
0.117663
0.278676
0.198682
0.427723
1.000000
0.015710
0.191673
0.718586
0.235373
0.780448
1.000000
0.015702
0.766203
0.727673
0.852876
0.892531
1.000000
0.015637
0.656832
0.726573
0.700378
0.781118
1.000000
0.015624
0.747327
0.046721
0.834955
0.185453
1.000000
0.015598
0.811536
0.003317
0.853784
0.052449
1.000000
0.015504
0.240334
0.646948
0.283372
0.708844
1.000000
0.015409
0.098261
0.407058
0.178478
0.555924
1.000000
0.015394
0.075327
0.519812
0.159586
0.665121
1.000000
0.015364
0.016320
0.558062
0.052930
0.618300
1.000000
0.015336
0.004264
0.647708
0.040939
0.723734
1.000000
0.015022
0.000892
0.943769
0.034355
0.995295
1.000000
0.014727
0.723577
0.699167
0.818002
0.856920
1.000000
0.014715
0.002221
0.739016
0.037100
0.814157
1.000000
0.014655
0.264886
0.619143
0.309269
0.683938
1.000000
0.014536
0.013725
0.487031
0.049814
0.543022
1.000000
0.014520
0.109770
0.783536
0.309761
1.012476
1.000000
0.014503
0.171242
0.750026
0.210553
0.807655
1.000000
0.014436
0.216137
0.648098
0.257963
0.709940
1.000000
0.014411
0.124781
0.554589
0.158501
0.613133
1.000000
0.014306
0.576708
0.309891
0.633012
0.391913
1.000000
0.014110
0.143157
0.788807
0.180826
0.839378
1.000000
0.014106
0.144174
0.752637
0.182628
0.809886
1.000000
0.013960
0.095992
0.391025
0.130105
0.445506
1.000000
0.013955
0.556955
0.660415
0.601780
0.724431
1.000000
0.013877
0.099615
0.590183
0.133560
0.646153
1.000000
0.013821
0.005023
0.592388
0.038702
0.658040
1.000000
0.013813
0.215133
0.721045
0.259842
0.783881
1.000000
0.013710
0.122911
0.321104
0.158045
0.381003
1.000000
0.013664
0.716823
0.022893
0.762343
0.085496
1.000000
0.013633
0.095296
0.789232
0.131508
0.843582
1.000000
0.013565
0.556755
0.220239
0.608883
0.291730
1.000000
0.013546
0.121274
0.388539
0.156321
0.445504
1.000000
0.013406
0.120328
0.688427
0.157076
0.750794
1.000000
0.013381
0.096731
0.718542
0.132256
0.776296
1.000000
0.013318
0.685969
0.573197
0.865818
0.886219
1.000000
0.013289
0.011510
0.847574
0.049271
0.914937
1.000000
0.013268
0.073703
0.454496
0.105755
0.506605
1.000000
0.013224
0.116720
0.140531
0.202384
0.300376
1.000000
0.013200
0.003195
0.779625
0.035296
0.848654
1.000000
0.013199
0.239729
0.690361
0.283135
0.751967
1.000000
0.013188
0.823641
0.359265
0.860943
0.409371
1.000000
0.013057
0.004268
0.457516
0.033088
0.513038
1.000000
0.013015
0.068635
0.882911
0.178025
0.998216
1.000000
0.012973
0.122117
0.453320
0.158231
0.513390
1.000000
0.012925
0.260200
0.723993
0.299450
0.781053
1.000000
0.012751
0.067846
0.561067
0.099358
0.614039
1.000000
0.012744
0.000761
0.540976
0.063458
0.662551
1.000000
0.012710
0.618001
0.728073
0.665072
0.786154
1.000000
0.012681
0.141498
0.824973
0.182048
0.876725
1.000000
0.012659
0.074891
0.425233
0.106581
0.477286
1.000000
0.012642
0.004680
0.522636
0.033834
0.579916
1.000000
0.012609
0.214015
0.925425
0.262058
0.981118
1.000000
0.012600
0.168829
0.785081
0.208611
0.837503
1.000000
0.012538
0.044024
0.446783
0.130822
0.590017
1.000000
0.012529
0.815019
0.192344
0.854902
0.244245
1.000000
0.012489
0.360970
0.517799
0.462620
0.654220
1.000000
0.012484
0.096757
0.322914
0.131988
0.379593
1.000000
0.012459
0.287063
0.642228
0.329222
0.705189
1.000000
0.012455
0.256094
0.576013
0.347396
0.694144
1.000000
0.012396
0.030063
0.590489
0.112589
0.729050
1.000000
0.012385
0.790755
0.194586
0.829786
0.244413
1.000000
0.012381
0.074792
0.389959
0.106238
0.441380
1.000000
0.012353
0.118670
0.787683
0.156295
0.843904
1.000000
0.012312
0.765734
0.863912
0.860408
0.993009
1.000000
0.012301
0.191664
0.783356
0.234423
0.838619
1.000000
0.012284
0.096267
0.453456
0.130620
0.510294
1.000000
0.012223
0.579534
0.369702
0.637435
0.454411
1.000000
0.012200
0.118365
0.950519
0.163475
0.996959
1.000000
0.012195
0.121356
0.421492
0.157038
0.481317
1.000000
0.012166
0.466429
0.512941
0.517426
0.587095
1.000000
0.012116
0.509525
0.565323
0.568266
0.653970
1.000000
0.012101
0.072569
0.492776
0.103641
0.543085
1.000000
0.012075
0.813151
0.117909
0.853980
0.173478
1.000000
0.012073
0.062045
0.623839
0.098413
0.685989
1.000000
0.012057
0.162446
0.952493
0.210965
0.998212
1.000000
0.012051
0.169529
0.826982
0.211456
0.879117
1.000000
0.012046
0.119093
0.822686
0.156956
0.876472
1.000000
0.012045
-0.000937
0.763263
0.055913
0.907853
1.000000
0.011976
0.465619
0.578632
0.513591
0.646705
1.000000
0.011963
0.001071
0.429349
0.061488
0.537624
1.000000
0.011953
0.240336
0.601504
0.283358
0.659222
1.000000
0.011932
0.092231
0.057006
0.273198
0.409407
1.000000
0.011914
0.039390
0.663696
0.125846
0.822922
1.000000
0.011901
0.645638
0.732091
0.759316
0.892552
1.000000
0.011825
0.218014
0.602482
0.258260
0.659196
1.000000
0.011800
0.211421
0.853315
0.254489
0.904694
1.000000
0.011718
0.096057
0.422946
0.130748
0.479429
1.000000
0.011715
0.119964
0.751220
0.157137
0.811645
1.000000
0.011704
0.815565
0.529417
0.856430
0.588795
1.000000
0.011657
0.963143
0.947858
0.999586
0.999011
1.000000
0.011562
0.788400
0.111103
0.832752
0.171859
1.000000
0.011384
0.580051
0.619004
0.696508
0.777305
1.000000
0.011327
0.142625
0.853327
0.184461
0.904074
1.000000
0.011293
0.124113
0.252825
0.159443
0.311897
1.000000
0.011252
0.073027
-0.070371
0.535595
0.737761
1.000000
0.011214
0.141954
0.206397
0.232106
0.363993
1.000000
0.011168
0.318807
0.560431
0.357122
0.613607
1.000000
0.011134
0.713273
0.716887
0.757585
0.778039
1.000000
0.011119
0.795027
0.335987
0.885588
0.462327
1.000000
0.011092
0.289388
0.597573
0.330896
0.655972
1.000000
0.011078
0.460778
0.200902
0.576149
0.371526
1.000000
0.011069
0.094749
0.954481
0.137227
0.998876
1.000000
0.011068
0.766715
0.113485
0.808546
0.171598
1.000000
0.011066
0.095821
0.754896
0.132773
0.814109
1.000000
0.011044
0.756848
0.497631
0.858293
0.643252
1.000000
0.011028
0.074207
0.323850
0.105345
0.376769
1.000000
0.011006
0.815859
0.221775
0.855809
0.272443
1.000000
0.010970
0.764156
0.707902
0.812462
0.783618
1.000000
0.010945
0.217236
0.780164
0.261518
0.837625
1.000000
0.010941
0.072539
0.358149
0.104248
0.410478
1.000000
0.010901
0.133960
0.924085
0.187660
0.984630
1.000000
0.010827
0.578591
0.422112
0.682935
0.593564
1.000000
0.010812
0.096910
0.822847
0.133433
0.875642
1.000000
0.010807
0.004228
0.388574
0.031816
0.441644
1.000000
0.010800
0.785295
0.576973
0.834282
0.650550
1.000000
0.010780
0.100057
0.559889
0.132415
0.614374
1.000000
0.010777
0.424365
0.430820
0.530874
0.590611
1.000000
0.010630
0.765423
0.913654
0.815790
0.981702
1.000000
0.010616
0.248902
0.639895
0.346282
0.783298
1.000000
0.010614
0.188596
0.951987
0.237775
0.997863
1.000000
0.010609
0.191434
0.829557
0.234912
0.882756
1.000000
0.010594
0.663966
0.580767
0.714044
0.648046
1.000000
0.010578
0.100341
0.520990
0.133861
0.576531
1.000000
0.010576
0.034899
0.639210
0.071523
0.705689
1.000000
0.010573
0.140640
0.352576
0.176796
0.409988
1.000000
0.010551
0.260165
0.783201
0.299952
0.836717
1.000000
0.010549
0.584213
0.252844
0.636201
0.328536
1.000000
0.010519
0.065693
0.591075
0.099411
0.648818
1.000000
0.010515
0.833235
0.856622
0.947143
1.002270
1.000000
0.010472
0.518787
0.227287
0.635021
0.404225
1.000000
0.010465
0.096521
0.355472
0.131617
0.412050
1.000000
0.010463
0.557839
0.285594
0.612276
0.367017
1.000000
0.010453
0.003920
0.883788
0.034580
0.950545
1.000000
0.010436
0.508269
0.499969
0.573189
0.600864
1.000000
0.010427
0.421217
0.538823
0.527538
0.678926
1.000000
0.010427
0.791172
0.221145
0.879992
0.361530
1.000000
0.010417
0.099113
0.491700
0.131735
0.545353
1.000000
0.010410
0.167683
0.557701
0.205591
0.612749
1.000000
0.010391
0.671178
0.078067
0.764401
0.212127
1.000000
0.010371
0.678310
0.055397
0.874457
0.381435
1.000000
0.010325
0.068265
0.957015
0.107350
1.000942
1.000000
0.010319
0.611813
0.432181
0.838139
0.726893
1.000000
0.010304
0.140868
0.451972
0.177903
0.509877
1.000000
0.010285
0.070071
0.716955
0.104212
0.776450
1.000000
0.010278
0.013605
0.422628
0.049314
0.479891
1.000000
0.010278
0.724166
0.803237
0.816727
0.957311
1.000000
0.010264
0.264169
0.688028
0.303094
0.745142
1.000000
0.010248
0.684224
0.720929
0.730092
0.780024
1.000000
0.010229
0.141164
0.387307
0.177130
0.442928
1.000000
0.010227
0.017695
0.488486
0.097924
0.634035
1.000000
0.010226
0.314861
0.589573
0.354614
0.646835
1.000000
0.010213
0.004016
0.322188
0.032347
0.377888
1.000000
0.010198
0.070526
0.524271
0.101587
0.575855
1.000000
0.010162
0.716369
0.754028
0.758403
0.811160
1.000000
0.010138
0.068502
0.133391
0.158055
0.297413
1.000000
0.010115
-0.000618
0.286350
0.060561
0.404944
1.000000
0.010115
0.306916
0.556281
0.405937
0.683592
1.000000
0.010115
0.163810
0.530975
0.261523
0.676140
1.000000
0.010095
0.037274
0.595491
0.072769
0.658075
1.000000
0.010042
0.519769
0.593853
0.610850
0.735774
1.000000
0.010028
0.384045
0.582866
0.485536
0.717715
1.000000
0.010012
0.439561
0.514729
0.486961
0.581833
