1.000000
0.220041
0.261879
0.522796
0.569825
0.905203
1.000000
0.205820
0.380546
0.707736
0.516505
0.850261
1.000000
0.060534
-0.032313
0.613531
0.286150
1.036034
1.000000
0.044605
0.763536
0.076995
0.808573
0.138891
1.000000
0.043440
0.457451
0.870685
0.556734
0.982730
1.000000
0.037464
0.441961
0.622289
0.566403
0.781078
1.000000
0.037261
0.182826
0.039920
0.702785
0.851998
1.000000
0.035608
-0.009933
0.734267
0.140290
0.959347
1.000000
0.034469
0.761220
0.026492
0.804669
0.085807
1.000000
0.033554
0.349571
0.795837
0.534646
0.994729
1.000000
0.029956
0.745602
0.008901
0.784138
0.053049
1.000000
0.027807
0.392289
0.447571
0.855533
0.992028
1.000000
0.027338
0.742433
0.668568
1.007684
1.000175
1.000000
0.025726
0.661349
0.952935
0.707036
0.996428
1.000000
0.025155
0.828235
0.430155
0.864991
0.480066
1.000000
0.024941
0.463045
0.947165
0.515060
0.997556
1.000000
0.024807
0.013819
0.750391
0.062230
0.825397
1.000000
0.024494
0.326359
0.667077
0.446527
0.803481
1.000000
0.022361
0.476823
0.556065
0.584042
0.716939
1.000000
0.021721
0.342134
0.711663
0.396808
0.783336
1.000000
0.020955
0.783264
0.059497
0.826329
0.120850
1.000000
0.020902
0.719525
0.006455
0.760119
0.052938
1.000000
0.020715
0.784933
0.027538
0.829148
0.086809
1.000000
0.020592
0.732015
0.037798
0.816620
0.150802
1.000000
0.019977
0.396773
0.398286
0.614672
0.757282
1.000000
0.019782
0.013750
0.806857
0.063878
0.883909
1.000000
0.019756
0.616257
0.957954
0.660673
0.998517
1.000000
0.019244
0.067810
0.726762
0.179070
0.869571
1.000000
0.019184
0.455440
0.687198
0.515221
0.762623
1.000000
0.018664
0.445635
0.772816
0.508886
0.850847
1.000000
0.018622
0.719086
0.054675
0.757356
0.110303
1.000000
0.018331
0.787677
0.007272
0.827748
0.051733
1.000000
0.018285
0.796840
0.371435
0.880934
0.501478
1.000000
0.017763
0.408505
0.549631
0.528662
0.714285
1.000000
0.017392
0.519369
0.608398
0.627215
0.758478
1.000000
0.016938
0.508269
0.946130
0.560346
0.998681
1.000000
0.016776
0.465364
0.859080
0.517787
0.924488
1.000000
0.016765
0.681901
0.685576
0.800450
0.831871
1.000000
0.016313
0.257906
0.262736
0.539717
0.651845
1.000000
0.016275
0.459808
0.790544
0.574664
0.925192
1.000000
0.016202
0.474836
0.710735
0.543789
0.792214
1.000000
0.016142
0.012085
0.917711
0.061222
0.985405
1.000000
0.016139
0.000446
0.944598
0.036522
0.996618
1.000000
0.016007
0.274420
0.708855
0.382828
0.853185
1.000000
0.015817
0.506382
0.675745
0.563758
0.757102
1.000000
0.015791
0.537801
0.953415
0.585422
0.999806
1.000000
0.015787
0.431046
0.805604
0.490699
0.874152
1.000000
0.015652
0.582512
0.710605
0.701523
0.856312
1.000000
0.015596
0.363012
0.737140
0.422106
0.813882
1.000000
0.015546
0.114019
0.750043
0.159224
0.814310
1.000000
0.015189
0.659152
0.919953
0.750394
1.008223
1.000000
0.015170
0.059647
0.754015
0.107405
0.822368
1.000000
0.015081
0.435924
0.655873
0.490924
0.725362
1.000000
0.015046
0.785246
0.280848
0.872586
0.421826
1.000000
0.015042
0.497776
0.905351
0.594729
1.002502
1.000000
0.014999
0.784285
0.109883
0.828235
0.168391
1.000000
0.014971
0.713855
0.956003
0.756750
1.000980
1.000000
0.014865
0.301005
0.262192
0.430528
0.415898
1.000000
0.014631
0.478585
0.451046
0.589070
0.629660
1.000000
0.014627
0.807421
0.056692
0.847314
0.113908
1.000000
0.014306
0.012225
0.683092
0.053011
0.745964
1.000000
0.014235
0.485240
0.649721
0.546590
0.726434
1.000000
0.014216
0.003082
0.724004
0.038034
0.785720
1.000000
0.014170
0.415671
0.956322
0.462797
0.998535
1.000000
0.014144
0.739781
0.315388
0.830408
0.466609
1.000000
0.014038
0.823738
0.403077
0.860271
0.455066
1.000000
0.014022
0.399350
0.908347
0.496374
1.003366
1.000000
0.014012
0.765198
0.892389
0.853463
1.004675
1.000000
0.013913
0.570116
0.675295
0.798190
0.941462
1.000000
0.013846
0.002875
0.785653
0.040822
0.851456
1.000000
0.013802
0.408034
0.689335
0.466133
0.761974
1.000000
0.013623
0.811520
0.118961
0.852359
0.172897
1.000000
0.013620
0.216975
0.714699
0.318297
0.851483
1.000000
0.013436
0.626112
0.765155
0.743153
0.917411
1.000000
0.013424
0.790897
0.187750
0.830186
0.238425
1.000000
0.013371
0.508919
0.781971
0.559629
0.847814
1.000000
0.013306
0.706531
0.196906
0.904033
0.564598
1.000000
0.013278
0.810426
0.022801
0.852813
0.080231
1.000000
0.013146
0.801766
0.427758
0.839697
0.478251
1.000000
0.013122
0.462325
0.614337
0.514214
0.682787
1.000000
0.013116
0.829202
0.405323
0.914313
0.535229
1.000000
0.012984
0.482702
0.704693
0.610281
0.854941
1.000000
0.012979
0.274809
0.623247
0.375540
0.754730
1.000000
0.012961
0.792295
0.358272
0.829407
0.411399
1.000000
0.012908
0.787111
0.684691
0.835043
0.751398
1.000000
0.012867
0.264343
0.454081
0.371584
0.626242
1.000000
0.012763
0.513480
0.616321
0.565183
0.691667
1.000000
0.012757
0.528648
0.640806
0.584942
0.718732
1.000000
0.012698
0.166619
0.720424
0.212157
0.781595
1.000000
0.012682
0.818993
0.360255
0.854933
0.410977
1.000000
0.012623
0.816285
0.257428
0.855162
0.310258
1.000000
0.012581
0.839801
0.446078
0.878753
0.500306
1.000000
0.012527
0.441210
0.848773
0.492232
0.909842
1.000000
0.012470
0.773311
0.067696
0.860332
0.189868
1.000000
0.012377
0.088926
0.728017
0.135531
0.788987
1.000000
0.012354
0.034711
0.779200
0.085282
0.857082
1.000000
0.012244
0.789176
0.153425
0.830215
0.206717
1.000000
0.012187
0.037467
0.839949
0.086817
0.913755
1.000000
0.012178
0.057216
0.811648
0.106249
0.887754
1.000000
0.012164
0.800310
0.460097
0.837630
0.508870
1.000000
0.012065
0.790778
0.322066
0.828660
0.374860
1.000000
0.012046
0.564601
0.825141
0.769043
1.027329
1.000000
0.012035
0.796581
0.393510
0.832148
0.443752
1.000000
0.012020
0.811830
0.663115
0.851506
0.718105
1.000000
0.012013
0.038550
0.732610
0.082726
0.793092
1.000000
0.011966
0.085865
0.781713
0.134738
0.851474
1.000000
0.011930
0.716060
0.923203
0.759415
0.979759
1.000000
0.011915
0.388709
0.657775
0.440820
0.723134
1.000000
0.011915
0.816073
0.289989
0.854731
0.340341
1.000000
0.011860
0.819573
0.485052
0.857035
0.535464
1.000000
0.011841
0.814948
0.188845
0.854123
0.241147
1.000000
0.011833
0.532794
0.510150
0.627765
0.658925
1.000000
0.011814
0.818501
0.322855
0.854667
0.373621
1.000000
0.011801
0.002210
0.852550
0.038307
0.916590
1.000000
0.011749
0.563981
0.925508
0.660353
1.009929
1.000000
0.011661
-0.001254
0.655589
0.067113
0.783188
1.000000
0.011551
0.768090
0.007799
0.856027
0.125791
1.000000
0.011543
0.696257
0.004140
0.736478
0.049430
1.000000
0.011540
0.032594
0.656777
0.133496
0.817402
1.000000
0.011525
0.487211
0.586385
0.541053
0.654788
1.000000
0.011509
0.536163
0.585804
0.583876
0.654748
1.000000
0.011360
0.486043
0.344210
0.600159
0.522963
1.000000
0.011311
0.788994
0.215315
0.873631
0.343939
1.000000
0.011260
0.068690
0.690572
0.105366
0.747020
1.000000
0.011257
0.562963
0.522274
0.606407
0.584644
1.000000
0.011180
0.787871
0.470406
0.880937
0.601494
1.000000
0.011157
0.552669
0.775983
0.671467
0.916472
1.000000
0.011137
0.335070
0.282511
0.391447
0.355240
1.000000
0.011122
0.003796
0.652089
0.036163
0.715820
1.000000
0.011117
0.764709
0.950151
0.811043
1.001651
1.000000
0.011099
0.662467
0.713894
0.712985
0.781094
1.000000
0.011061
0.766556
0.261029
0.804649
0.313833
1.000000
0.011026
0.816475
0.223285
0.856688
0.276865
1.000000
0.011001
0.747320
0.115916
0.789049
0.167790
1.000000
0.010963
0.930204
0.399674
0.999534
0.564942
1.000000
0.010936
0.780191
0.657691
0.870235
0.794561
1.000000
0.010889
0.250664
0.337213
0.358349
0.500438
1.000000
0.010872
0.338870
0.660936
0.389397
0.725972
1.000000
0.010851
0.761319
0.148946
0.848521
0.276740
1.000000
0.010837
0.138471
0.725643
0.187158
0.788526
1.000000
0.010784
0.670160
0.380513
0.762403
0.512098
1.000000
0.010748
0.787302
0.260284
0.828403
0.312535
1.000000
0.010646
0.860773
0.425143
0.898342
0.477566
1.000000
0.010600
0.293920
0.716440
0.337122
0.775071
1.000000
0.010581
0.674899
0.786456
0.858397
1.016935
1.000000
0.010472
0.319837
0.747553
0.365185
0.810674
1.000000
0.010460
0.768382
0.319478
0.805031
0.374274
1.000000
0.010445
0.617326
0.386523
0.709569
0.515819
1.000000
0.010417
0.962479
0.447002
0.997009
0.518816
1.000000
0.010398
0.706635
0.002979
0.785928
0.097609
1.000000
0.010379
0.743840
0.404050
0.847136
0.548622
1.000000
0.010377
0.769034
0.355213
0.805931
0.409599
1.000000
0.010340
0.390148
0.764309
0.459714
0.846178
1.000000
0.010333
0.509874
0.466398
0.724873
0.777081
1.000000
0.010299
0.219301
0.548423
0.311348
0.690821
1.000000
0.010294
0.614119
0.715127
0.663798
0.781614
1.000000
0.010217
0.812392
0.153624
0.854291
0.208617
1.000000
0.010186
0.316307
0.656887
0.363052
0.719777
1.000000
0.010152
0.062799
0.949699
0.107317
1.000473
1.000000
0.010150
0.669403
0.284064
0.759708
0.418408
1.000000
0.010139
0.718817
0.424031
0.755527
0.473519
1.000000
0.010138
0.482758
0.819843
0.536420
0.882586
1.000000
0.010111
0.440465
0.583220
0.492264
0.651963
1.000000
0.010099
0.530511
0.706141
0.586074
0.779897
1.000000
0.010096
0.720598
0.252526
0.807128
0.386606
