1.000000
0.972460
0.476527
0.267809
0.630435
0.491844
1.000000
0.134394
0.358800
0.294642
0.775996
0.920819
1.000000
0.050200
0.790371
0.044469
0.833119
0.112344
1.000000
0.048444
0.016159
0.524555
0.426130
1.082318
1.000000
0.040674
0.767848
0.021044
0.812108
0.088966
1.000000
0.032270
0.618052
0.471409
0.964789
1.046315
1.000000
0.029523
0.788443
0.009035
0.832235
0.061838
1.000000
0.022794
0.174244
0.623538
0.209705
0.676336
1.000000
0.022610
0.218176
0.622276
0.256931
0.677821
1.000000
0.022225
0.121163
0.559394
0.203279
0.680206
1.000000
0.021932
0.242327
0.758075
0.281504
0.812691
1.000000
0.021428
0.194466
0.621480
0.233123
0.676812
1.000000
0.021399
0.120203
0.484203
0.196544
0.610720
1.000000
0.020941
0.748465
0.005591
0.788335
0.053665
1.000000
0.020892
0.559245
0.256505
0.611789
0.329139
1.000000
0.020650
0.176114
0.694734
0.209860
0.745674
1.000000
0.020478
0.173740
0.620428
0.260747
0.740137
1.000000
0.020454
0.128113
0.525260
0.160395
0.578624
1.000000
0.020253
0.805055
0.024302
0.848997
0.088192
1.000000
0.020129
0.075393
0.558484
0.154202
0.686143
1.000000
0.020061
0.756953
0.025865
0.835466
0.158097
1.000000
0.019775
0.060476
0.069317
0.499416
0.812276
1.000000
0.019617
0.211743
0.690138
0.290439
0.807911
1.000000
0.019605
0.099081
0.595514
0.130486
0.646374
1.000000
0.019468
0.142267
0.595128
0.176029
0.643560
1.000000
0.019088
0.121876
0.407083
0.202765
0.549340
1.000000
0.019079
0.126398
0.699929
0.214055
0.827818
1.000000
0.018670
0.221908
0.692554
0.258200
0.744460
1.000000
0.018631
0.240325
0.693229
0.279777
0.748144
1.000000
0.018580
0.122816
0.593512
0.155120
0.645074
1.000000
0.018539
0.466926
0.511674
0.575877
0.667845
1.000000
0.018178
0.769208
0.068938
0.812007
0.133732
1.000000
0.018092
0.489519
0.313698
0.546388
0.391157
1.000000
0.018019
0.463517
0.356039
0.649801
0.678258
1.000000
0.017891
0.174783
0.652713
0.207925
0.704990
1.000000
0.017819
0.195900
0.695432
0.231469
0.746056
1.000000
0.017558
0.222126
0.653921
0.257555
0.706994
1.000000
0.017531
0.017987
0.559099
0.053306
0.617610
1.000000
0.017475
0.117118
0.204022
0.200559
0.361868
1.000000
0.017467
0.144608
0.623256
0.179623
0.675937
1.000000
0.017332
0.318656
0.594468
0.356133
0.647309
1.000000
0.017201
0.240536
0.656236
0.278529
0.710916
1.000000
0.017197
0.294336
0.598772
0.333153
0.650404
1.000000
0.016945
0.234564
0.622450
0.320199
0.740870
1.000000
0.016940
0.360702
0.585012
0.463384
0.719059
1.000000
0.016808
0.196089
0.652869
0.231279
0.706015
1.000000
0.016427
0.142802
0.271005
0.238674
0.432578
1.000000
0.016301
0.096845
0.609249
0.180923
0.738801
1.000000
0.016124
0.074633
0.408906
0.156729
0.554032
1.000000
0.016120
0.147265
0.757448
0.181539
0.809473
1.000000
0.016116
0.125470
0.455637
0.158056
0.508543
1.000000
0.016021
0.071599
0.235201
0.160220
0.398143
1.000000
0.015903
0.172190
0.759156
0.206588
0.809752
1.000000
0.015895
0.138731
0.550533
0.174537
0.604306
1.000000
0.015841
0.587467
0.690404
0.690004
0.820835
1.000000
0.015797
0.000968
0.646613
0.057438
0.776198
1.000000
0.015795
0.263146
0.692637
0.300384
0.745021
1.000000
0.015772
0.122891
0.784213
0.219376
0.918427
1.000000
0.015749
0.195493
0.787846
0.228672
0.832860
1.000000
0.015705
0.238073
0.622245
0.280072
0.679213
1.000000
0.015645
0.534018
0.284689
0.593683
0.367109
1.000000
0.015631
0.147531
0.652789
0.178703
0.701598
1.000000
0.015623
0.219149
0.521297
0.254893
0.573215
1.000000
0.015574
0.268331
0.574470
0.354977
0.686800
1.000000
0.015469
0.014915
0.617092
0.053253
0.685985
1.000000
0.015455
0.195177
0.723787
0.228995
0.772337
1.000000
0.015434
0.292634
0.648906
0.329878
0.704873
1.000000
0.015336
0.147316
0.730031
0.180090
0.779201
1.000000
0.015273
0.320577
0.563524
0.356341
0.613970
1.000000
0.015238
0.165621
0.479335
0.255641
0.610917
1.000000
0.015163
0.004875
0.652324
0.036731
0.718705
1.000000
0.015142
0.267770
0.621946
0.307926
0.677477
1.000000
0.015097
0.653419
0.593149
0.772878
0.749185
1.000000
0.015005
0.101773
0.344524
0.180410
0.492185
1.000000
0.014950
0.508338
0.569405
0.565437
0.652666
1.000000
0.014785
0.293229
0.610700
0.380955
0.732207
1.000000
0.014739
0.093801
0.140927
0.270040
0.472942
1.000000
0.014669
0.005708
0.589974
0.036003
0.649595
1.000000
0.014597
0.174043
0.725847
0.207383
0.775173
1.000000
0.014536
0.104209
0.560142
0.285986
0.855330
1.000000
0.014518
0.114748
0.114323
0.204675
0.275637
1.000000
0.014513
0.578614
0.313062
0.635370
0.389329
1.000000
0.014398
0.222535
0.761918
0.257511
0.811021
1.000000
0.014384
0.125405
0.755022
0.159782
0.809720
1.000000
0.014342
0.241398
0.825843
0.279615
0.874011
1.000000
0.014329
0.680820
0.861019
0.792961
0.999138
1.000000
0.014315
0.000980
0.535972
0.062728
0.652889
1.000000
0.014268
0.096994
0.649663
0.128923
0.703206
1.000000
0.014231
0.156597
0.877507
0.272273
0.991010
1.000000
0.014227
0.266478
0.653537
0.304476
0.708697
1.000000
0.014164
0.219545
0.559852
0.255066
0.609495
1.000000
0.014108
0.511567
0.255102
0.565541
0.326503
1.000000
0.014090
0.142243
0.391511
0.176522
0.444602
1.000000
0.014068
0.125328
0.493440
0.157871
0.548848
1.000000
0.013994
0.744388
0.860999
0.840182
0.994123
1.000000
0.013971
0.210959
0.921327
0.263480
0.980561
1.000000
0.013946
0.125139
0.322781
0.157519
0.376680
1.000000
0.013930
0.272059
0.520903
0.307030
0.571477
1.000000
0.013741
0.263020
0.723970
0.299300
0.775768
1.000000
0.013590
0.168766
0.336614
0.267941
0.490088
1.000000
0.013583
0.124536
0.726587
0.157790
0.779339
1.000000
0.013574
0.735514
0.590141
0.838478
0.765474
1.000000
0.013491
0.646600
0.679927
0.757417
0.825124
1.000000
0.013460
0.079476
0.715145
0.170424
0.855783
1.000000
0.013430
0.791109
0.192976
0.830071
0.244724
1.000000
0.013420
0.220357
0.458101
0.256205
0.508618
1.000000
0.013392
0.318512
0.649833
0.355359
0.705803
1.000000
0.013369
0.273292
0.559171
0.308109
0.607844
1.000000
0.013356
-0.001771
0.015482
0.080543
0.145273
1.000000
0.013341
0.562899
0.659462
0.607547
0.723283
1.000000
0.013317
0.174216
0.207635
0.268346
0.363372
1.000000
0.013278
0.193659
0.523031
0.230866
0.576003
1.000000
0.013237
0.604863
0.541108
0.827763
0.830479
1.000000
0.013208
0.813725
0.117408
0.854380
0.175596
1.000000
0.013194
0.258469
0.686355
0.345611
0.813959
1.000000
0.013164
0.098029
0.457065
0.130207
0.508359
1.000000
0.013164
0.005090
0.526052
0.033419
0.581039
1.000000
0.013146
0.220022
0.829782
0.255693
0.875184
1.000000
0.013136
0.214571
0.853427
0.255766
0.902329
1.000000
0.013118
0.165465
0.522824
0.202023
0.576699
1.000000
0.013113
0.098132
0.390997
0.130790
0.442537
1.000000
0.013110
0.167784
0.556361
0.203739
0.606822
1.000000
0.013098
0.102027
0.525681
0.133576
0.575462
1.000000
0.013092
0.040764
0.589299
0.072216
0.641878
1.000000
0.013086
0.071672
0.622224
0.103990
0.676446
1.000000
0.013074
0.148597
0.695418
0.181188
0.745673
1.000000
0.012976
0.141267
0.422893
0.176763
0.477986
1.000000
0.012887
0.262829
0.787801
0.298622
0.835924
1.000000
0.012753
0.011583
0.583764
0.087464
0.722763
1.000000
0.012722
0.194007
0.560288
0.230017
0.609986
1.000000
0.012719
0.069613
0.136752
0.160367
0.304758
1.000000
0.012626
-0.001327
0.462675
0.059520
0.579144
1.000000
0.012606
0.071965
0.592984
0.102455
0.643948
1.000000
0.012606
0.122415
0.650612
0.154991
0.703999
1.000000
0.012560
0.418089
0.571846
0.525200
0.713631
1.000000
0.012553
0.137129
0.415941
0.323240
0.724167
1.000000
0.012521
0.101827
0.562889
0.132354
0.612325
1.000000
0.012517
0.168374
0.324650
0.204009
0.377977
1.000000
0.012478
0.219434
0.481726
0.309442
0.608849
1.000000
0.012443
0.167612
0.455139
0.203128
0.507413
1.000000
0.012424
0.465163
0.580082
0.513287
0.646065
1.000000
0.012379
0.789581
0.110597
0.832644
0.172906
1.000000
0.012342
0.268783
0.484296
0.358152
0.612654
1.000000
0.012340
0.194041
0.391811
0.229266
0.441731
1.000000
0.012334
0.172645
0.826924
0.207887
0.873631
1.000000
0.012286
0.167486
0.390679
0.202715
0.442748
1.000000
0.012272
0.164196
0.746541
0.255125
0.872448
1.000000
0.012261
0.014800
0.491561
0.048200
0.545048
1.000000
0.012258
0.814586
0.188688
0.854107
0.242131
1.000000
0.012230
0.169862
0.854766
0.210033
0.904239
1.000000
0.012195
0.099171
0.322965
0.132122
0.375466
1.000000
0.012195
0.220081
0.492131
0.255084
0.542684
1.000000
0.012172
-0.000731
0.778797
0.056850
0.918478
1.000000
0.012131
0.145292
0.827541
0.181354
0.875521
1.000000
0.012090
0.194749
0.458028
0.231063
0.508458
1.000000
0.012035
0.807707
0.071800
0.850701
0.135318
1.000000
0.012007
-0.000454
0.288904
0.062315
0.407541
1.000000
0.011969
0.004128
0.717365
0.035130
0.783409
1.000000
0.011956
0.239013
0.851685
0.279416
0.901420
1.000000
0.011941
0.206737
0.783662
0.296793
0.909198
1.000000
0.011860
0.125206
0.355699
0.157834
0.411399
1.000000
0.011839
0.716042
0.955532
0.759276
1.001045
1.000000
0.011839
0.765271
0.736776
0.852586
0.899360
1.000000
0.011834
0.195860
0.324642
0.231050
0.375831
1.000000
0.011828
0.098859
0.252845
0.133609
0.309181
1.000000
0.011791
0.098830
0.723602
0.130746
0.774478
1.000000
0.011788
0.515039
0.587536
0.613211
0.739024
1.000000
0.011771
0.099661
0.493682
0.130678
0.543593
1.000000
0.011768
0.222548
0.721762
0.257456
0.771134
1.000000
0.011740
0.293341
0.522332
0.328251
0.573945
1.000000
0.011686
0.295789
0.561601
0.332433
0.611848
1.000000
0.011685
0.120756
0.188445
0.158151
0.252278
1.000000
0.011683
0.318561
0.688947
0.354602
0.742424
1.000000
0.011657
0.122765
0.692340
0.156372
0.746501
1.000000
0.011620
0.004251
0.457722
0.031651
0.510832
1.000000
0.011604
0.788337
0.220871
0.828515
0.271893
1.000000
0.011586
0.292605
0.723851
0.326867
0.773348
1.000000
0.011563
0.274322
0.456227
0.309251
0.508636
1.000000
0.011540
0.652782
0.772359
0.769499
0.934887
1.000000
0.011524
0.122745
0.251911
0.156614
0.310749
1.000000
0.011491
0.245762
0.521813
0.281600
0.573257
1.000000
0.011441
0.391913
0.587804
0.434656
0.647681
1.000000
0.011441
0.004662
0.322227
0.034054
0.379072
1.000000
0.011441
0.274791
0.491459
0.308706
0.541429
1.000000
0.011420
0.167995
0.356799
0.203503
0.410820
1.000000
0.011365
0.098215
0.426591
0.131482
0.478307
1.000000
0.011358
0.594310
0.751014
0.641610
0.809099
1.000000
0.011326
0.763198
0.094478
0.849826
0.241246
1.000000
0.011301
0.004291
0.387818
0.032585
0.442611
1.000000
0.011288
0.717458
0.022692
0.759372
0.081567
1.000000
0.011286
0.191678
0.855693
0.233377
0.906114
1.000000
0.011255
0.003118
0.813970
0.035787
0.884165
1.000000
0.011254
0.613774
0.730360
0.664258
0.790639
1.000000
0.011244
0.490772
0.610849
0.542748
0.681560
1.000000
0.011239
0.069577
0.564232
0.099211
0.612866
1.000000
0.011239
0.221904
0.318752
0.258016
0.373500
1.000000
0.011234
0.168199
0.491785
0.203801
0.544695
1.000000
0.011226
0.220079
0.391123
0.255088
0.441105
1.000000
0.011217
0.144033
0.855864
0.183425
0.904967
1.000000
0.011213
0.123572
0.786235
0.157830
0.839036
1.000000
0.011198
0.192492
0.405050
0.286485
0.541090
1.000000
0.011183
0.794070
0.896883
0.881036
1.008386
1.000000
0.011171
0.749702
0.046680
0.793143
0.113263
1.000000
0.011155
0.292413
0.690910
0.329381
0.744497
1.000000
0.011135
0.098415
0.358454
0.131797
0.412515
1.000000
0.011117
0.124309
0.289032
0.157334
0.346096
1.000000
0.011082
0.165493
0.954884
0.210844
0.998404
1.000000
0.011071
0.090100
0.876245
0.204546
0.995480
1.000000
0.011066
0.099315
0.290291
0.133625
0.345947
1.000000
0.011062
0.165780
0.422758
0.202431
0.476136
1.000000
0.010981
0.015727
0.351583
0.052636
0.411423
1.000000
0.010973
0.010336
0.703857
0.088432
0.864392
1.000000
0.010963
-0.001108
0.386366
0.059936
0.503211
1.000000
0.010946
-0.000092
0.218424
0.064883
0.343886
1.000000
0.010919
0.713712
0.054177
0.886274
0.374305
1.000000
0.010906
0.122629
0.825350
0.157581
0.876785
1.000000
0.010847
0.017140
0.339286
0.098144
0.480935
1.000000
0.010812
0.011231
0.746697
0.048746
0.815671
1.000000
0.010777
0.577666
0.575491
0.690377
0.725917
1.000000
0.010734
0.098419
0.789883
0.130323
0.839099
1.000000
0.010734
0.264847
0.825260
0.300809
0.872605
1.000000
0.010731
0.194646
0.827365
0.232109
0.875825
1.000000
0.010680
0.224748
0.287497
0.260599
0.342229
1.000000
0.010646
0.488034
0.440829
0.540376
0.513852
1.000000
0.010607
0.768063
0.222690
0.805969
0.272827
1.000000
0.010607
0.815095
0.221583
0.855057
0.274322
1.000000
0.010605
0.053567
0.413579
0.219055
0.728860
1.000000
0.010599
0.768921
0.113881
0.808901
0.172690
1.000000
0.010575
0.723461
0.702197
0.820269
0.858140
1.000000
0.010552
0.246583
0.457613
0.280977
0.506905
1.000000
0.010541
0.767011
0.909842
0.816623
0.980115
1.000000
0.010508
0.189047
0.950894
0.238201
0.998007
1.000000
0.010468
0.466173
0.615887
0.511786
0.680469
1.000000
0.010460
0.317626
0.722219
0.352894
0.773844
1.000000
0.010456
0.343699
0.473458
0.554854
0.759422
1.000000
0.010415
0.194421
0.491375
0.231863
0.543549
1.000000
0.010363
0.609444
0.287181
0.655242
0.355314
1.000000
0.010349
0.294161
0.455600
0.328166
0.508539
1.000000
0.010344
0.292247
0.717302
0.379851
0.846407
1.000000
0.010332
0.041336
0.484756
0.125617
0.624689
1.000000
0.010332
0.099366
0.757514
0.132374
0.810375
1.000000
0.010308
0.418131
0.586572
0.460137
0.645367
1.000000
0.010307
0.744092
0.116840
0.783342
0.172447
1.000000
0.010276
0.089797
0.016565
0.137997
0.080677
1.000000
0.010266
0.000479
0.948068
0.033666
0.997938
1.000000
0.010240
0.040853
0.645421
0.128300
0.793570
1.000000
0.010240
0.071742
0.390994
0.101952
0.440093
1.000000
0.010234
0.342028
0.650262
0.380603
0.705852
1.000000
0.010194
0.815613
0.153091
0.855556
0.209543
1.000000
0.010190
0.074369
0.494607
0.103209
0.541981
1.000000
0.010145
0.319544
0.525618
0.355980
0.579180
1.000000
0.010126
0.520242
0.649850
0.561715
0.709275
1.000000
0.010041
0.560210
0.442477
0.610812
0.515300
1.000000
0.010025
0.235207
0.949640
0.284615
0.997578
1.000000
0.010018
0.167589
0.253879
0.205237
0.311194
