1.000000
0.940261
0.345721
0.511263
0.539042
0.827700
1.000000
0.059836
0.763839
0.074208
0.809036
0.142083
1.000000
0.045982
-0.020859
0.626732
0.295518
1.022865
1.000000
0.037539
0.761090
0.027238
0.805352
0.091585
1.000000
0.037263
0.457722
0.440543
0.563140
0.602880
1.000000
0.034973
-0.012378
0.724706
0.144773
0.962542
1.000000
0.032429
0.261127
0.315877
0.521081
0.662084
1.000000
0.029529
0.439281
0.544733
0.492866
0.621656
1.000000
0.029286
0.742842
0.008375
0.782253
0.056028
1.000000
0.028124
0.090860
0.462345
0.485686
0.982103
1.000000
0.027689
0.719678
0.052934
0.757523
0.111321
1.000000
0.027565
0.734081
0.681795
1.006621
0.999697
1.000000
0.025733
0.781773
0.057946
0.825219
0.122914
1.000000
0.025256
0.400915
0.490839
0.518784
0.668465
1.000000
0.025130
0.719203
0.006417
0.758398
0.054814
1.000000
0.023754
0.436048
0.408136
0.644976
0.728086
1.000000
0.023104
0.014948
0.750953
0.060720
0.821209
1.000000
0.022315
0.449889
0.701975
0.510694
0.800648
1.000000
0.021178
0.072884
0.725972
0.180253
0.867187
1.000000
0.020446
0.459877
0.477703
0.512076
0.556119
1.000000
0.020281
0.745953
0.050430
0.790751
0.115539
1.000000
0.019688
0.543969
0.422437
0.937324
0.991148
1.000000
0.018653
0.511588
0.417276
0.596869
0.563884
1.000000
0.018576
0.519105
0.449600
0.561603
0.518590
1.000000
0.018272
0.004581
0.698451
0.093653
0.849793
1.000000
0.018132
0.308302
0.473328
0.435735
0.643620
1.000000
0.018014
0.788390
0.006290
0.828204
0.053006
1.000000
0.017880
0.753050
0.062712
0.838522
0.184904
1.000000
0.017852
0.114649
0.749839
0.161122
0.816101
1.000000
0.017795
0.014018
0.809033
0.061945
0.882853
1.000000
0.017702
0.700242
0.025638
0.739714
0.085034
1.000000
0.017209
0.782296
0.107925
0.828584
0.172941
1.000000
0.017115
0.696874
0.005156
0.735402
0.050720
1.000000
0.017044
0.457086
0.573218
0.511186
0.652272
1.000000
0.016610
0.476623
0.864067
0.571914
0.984602
1.000000
0.016554
0.011437
0.941036
0.058994
0.995919
1.000000
0.016551
0.464599
0.949050
0.510309
0.995994
1.000000
0.016546
0.455061
0.643364
0.510883
0.729151
1.000000
0.016490
0.274826
0.550091
0.375245
0.686533
1.000000
0.016487
0.488380
0.447248
0.538408
0.519784
1.000000
0.016019
0.825975
0.431479
0.862485
0.478345
1.000000
0.015889
0.392736
0.778953
0.562002
1.009246
1.000000
0.015809
0.374815
0.410362
0.502047
0.580870
1.000000
0.015741
0.408388
0.660442
0.519068
0.862947
1.000000
0.015556
0.807950
0.055975
0.847152
0.114679
1.000000
0.015492
0.319968
0.688386
0.432227
0.850612
1.000000
0.015435
0.403021
-0.005591
0.888791
0.754014
1.000000
0.015315
0.659379
0.953095
0.705416
0.997772
1.000000
0.015101
0.003273
0.723988
0.036898
0.783380
1.000000
0.015064
0.747957
0.114121
0.789850
0.170552
1.000000
0.014971
0.061759
0.755038
0.107634
0.822176
1.000000
0.014883
0.240787
0.371950
0.358851
0.554902
1.000000
0.014644
0.819819
0.455045
0.858343
0.502575
1.000000
0.014562
0.514008
0.952447
0.557735
0.998528
1.000000
0.014365
0.412181
0.480735
0.465038
0.553365
1.000000
0.014344
0.267116
0.642709
0.376286
0.785518
1.000000
0.014322
0.708432
0.004783
0.783374
0.102229
1.000000
0.014189
0.047522
0.847024
0.160364
0.991920
1.000000
0.014067
0.540490
0.356482
0.624442
0.504327
1.000000
0.013984
0.480964
0.547854
0.532717
0.622420
1.000000
0.013930
0.541334
0.425574
0.577642
0.485169
1.000000
0.013689
0.697809
0.084156
0.736130
0.139581
1.000000
0.013688
0.504286
0.495667
0.609841
0.667034
1.000000
0.013673
0.388520
0.550717
0.442192
0.622765
1.000000
0.013652
0.616820
0.956313
0.661388
0.998429
1.000000
0.013435
0.459767
0.767216
0.508325
0.845665
1.000000
0.013418
0.389727
0.701027
0.446385
0.783150
1.000000
0.013412
0.002899
0.786247
0.039212
0.849552
1.000000
0.013388
0.438536
0.453829
0.490104
0.527238
1.000000
0.013372
0.088454
0.780122
0.134670
0.848559
1.000000
0.013292
0.810627
0.117507
0.852086
0.175207
1.000000
0.013218
0.366834
0.747174
0.412877
0.812409
1.000000
0.013212
0.427699
0.350252
0.538982
0.524447
1.000000
0.013008
0.311299
0.583389
0.360938
0.650927
1.000000
0.012994
0.787925
0.149476
0.830028
0.206512
1.000000
0.012980
0.695601
0.116900
0.732737
0.170047
1.000000
0.012979
0.565560
0.955121
0.607259
0.997063
1.000000
0.012974
0.811123
0.021702
0.853011
0.081892
1.000000
0.012955
0.790418
0.446334
0.882090
0.557304
1.000000
0.012847
0.091277
0.728977
0.137437
0.791185
1.000000
0.012780
0.479853
0.317907
0.575361
0.482015
1.000000
0.012753
0.762923
0.892342
0.853883
1.006086
1.000000
0.012574
0.717276
0.117334
0.755241
0.171495
1.000000
0.012530
0.404636
0.666897
0.466614
0.754975
1.000000
0.012447
0.483107
0.610715
0.538154
0.692053
1.000000
0.012418
0.770159
0.006580
0.855893
0.127625
1.000000
0.012387
0.363168
0.641034
0.426860
0.729025
1.000000
0.012385
0.036822
0.780563
0.084630
0.853694
1.000000
0.012381
0.259257
0.250374
0.399758
0.431734
1.000000
0.012326
0.794555
0.371210
0.883895
0.497942
1.000000
0.012312
0.012249
0.684146
0.052710
0.746362
1.000000
0.012290
0.341748
0.712364
0.389471
0.777163
1.000000
0.012284
0.219733
0.467865
0.324874
0.618857
1.000000
0.012239
0.413540
0.735734
0.468075
0.815845
1.000000
0.012147
0.436066
0.613236
0.490038
0.695927
1.000000
0.011988
0.541737
0.954057
0.585059
0.998621
1.000000
0.011822
0.013143
0.585459
0.055950
0.652643
1.000000
0.011798
0.391498
0.242796
0.516020
0.389946
1.000000
0.011780
0.039577
0.732561
0.081379
0.790656
1.000000
0.011769
0.790599
0.184948
0.830894
0.237209
1.000000
0.011753
0.631216
0.724167
0.754266
0.884126
1.000000
0.011748
0.012177
0.884401
0.055189
0.955742
1.000000
0.011595
0.564352
0.390311
0.602338
0.449788
1.000000
0.011580
0.186530
0.723511
0.228623
0.778822
1.000000
0.011571
0.658964
0.913407
0.754401
1.009772
1.000000
0.011441
0.003139
0.649108
0.035123
0.712728
1.000000
0.011394
0.714240
0.955872
0.757643
1.001902
1.000000
0.011369
0.457055
0.227611
0.653323
0.570867
1.000000
0.011343
0.137080
0.729752
0.184103
0.790803
1.000000
0.011301
0.461373
0.555966
0.574898
0.750188
1.000000
0.011296
0.816284
0.484246
0.855936
0.533640
1.000000
0.011198
0.513412
0.508447
0.559337
0.581357
1.000000
0.011180
0.536351
0.475289
0.579014
0.545658
1.000000
0.011089
0.088494
0.849017
0.133036
0.917556
1.000000
0.010978
0.591919
0.957780
0.636163
0.999282
1.000000
0.010973
0.322813
0.595598
0.453146
0.770970
1.000000
0.010931
0.493103
0.875431
0.540507
0.945826
1.000000
0.010904
0.666649
0.777164
0.856019
1.018165
1.000000
0.010881
0.060159
0.812090
0.107069
0.884923
1.000000
0.010837
0.562466
0.421038
0.600382
0.479902
1.000000
0.010772
-0.002244
0.647732
0.065490
0.776468
1.000000
0.010762
0.361570
0.581832
0.417330
0.654687
1.000000
0.010758
0.466061
0.419859
0.513026
0.490382
1.000000
0.010719
0.678188
0.684010
0.805483
0.835174
1.000000
0.010699
0.001946
0.853963
0.036254
0.916013
1.000000
0.010667
0.823181
0.402484
0.860472
0.452435
1.000000
0.010650
0.211011
0.688022
0.318492
0.816715
1.000000
0.010650
0.515730
0.396026
0.557388
0.461596
1.000000
0.010643
0.812899
0.662955
0.854948
0.719137
1.000000
0.010611
0.781097
0.109227
0.864245
0.232549
1.000000
0.010585
0.799601
0.465273
0.837077
0.510799
1.000000
0.010582
0.466434
0.684443
0.578040
0.863690
1.000000
0.010558
0.035424
0.652847
0.135503
0.812658
1.000000
0.010553
0.154140
0.724377
0.253972
0.844327
1.000000
0.010544
0.787802
0.280978
0.878352
0.416867
1.000000
0.010534
0.562336
0.453168
0.600827
0.513886
1.000000
0.010525
0.531368
0.567332
0.633414
0.725585
1.000000
0.010467
0.511276
0.582863
0.557752
0.655066
1.000000
0.010310
0.763434
0.260075
0.802711
0.312915
1.000000
0.010259
0.814871
0.187454
0.854375
0.241786
1.000000
0.010255
0.701716
0.066246
0.786432
0.189896
1.000000
0.010241
0.490121
0.390690
0.537372
0.459809
1.000000
0.010154
0.785254
0.686139
0.836733
0.754601
1.000000
0.010074
0.002170
0.857472
0.093167
0.990538
