1.000000
0.962623
0.556442
0.294484
0.735867
0.562140
1.000000
0.121010
0.059305
0.401077
0.575856
1.039259
1.000000
0.068686
0.431599
0.346606
0.852844
0.927682
1.000000
0.050973
0.785959
0.023695
0.832871
0.095337
1.000000
0.030651
0.766370
0.006376
0.810816
0.061580
1.000000
0.030242
0.768677
0.043225
0.813436
0.115895
1.000000
0.028842
0.566915
0.655416
0.608819
0.713270
1.000000
0.026550
0.745460
0.652895
1.006971
0.985958
1.000000
0.025630
0.601402
0.398212
0.819666
0.690106
1.000000
0.024929
0.123497
0.682724
0.226177
0.821212
1.000000
0.024216
0.207502
0.607508
0.302890
0.729585
1.000000
0.024168
0.014774
0.612974
0.056873
0.689128
1.000000
0.023956
0.009971
0.695199
0.316723
0.996422
1.000000
0.023935
0.236253
0.619075
0.285728
0.686289
1.000000
0.023833
0.647942
0.284008
0.766572
0.449752
1.000000
0.023710
0.747127
0.005529
0.787261
0.055451
1.000000
0.023544
0.670362
0.427086
0.788578
0.588400
1.000000
0.023319
0.683004
0.377690
0.733088
0.448501
1.000000
0.023043
0.118769
0.581277
0.327438
0.870523
1.000000
0.022753
0.680653
0.317193
0.735076
0.394594
1.000000
0.022100
0.144886
0.618618
0.245240
0.755385
1.000000
0.021657
0.157521
0.731199
0.264795
0.866294
1.000000
0.021097
0.494469
0.482979
0.602255
0.628045
1.000000
0.020861
0.144435
0.722624
0.180952
0.775439
1.000000
0.020851
0.607989
0.466179
0.669518
0.549549
1.000000
0.020780
0.764179
0.727371
0.850237
0.888170
1.000000
0.020464
0.655571
0.341517
0.711943
0.425453
1.000000
0.020256
0.656031
0.514920
0.778175
0.656073
1.000000
0.020166
0.663857
0.407626
0.713805
0.480428
1.000000
0.019805
0.717689
0.025721
0.760000
0.087591
1.000000
0.019666
0.571599
0.532034
0.692180
0.691488
1.000000
0.019418
0.811529
0.004356
0.853184
0.054318
1.000000
0.019179
0.144367
0.652274
0.180304
0.707098
1.000000
0.019145
0.190061
0.721328
0.231574
0.776131
1.000000
0.019002
0.171545
0.693229
0.211508
0.751498
1.000000
0.018984
0.126220
0.590889
0.161231
0.647991
1.000000
0.018877
0.093572
0.273640
0.172973
0.430174
1.000000
0.018874
0.168723
0.621248
0.208728
0.680858
1.000000
0.018809
0.238054
0.755399
0.281846
0.810725
1.000000
0.018581
0.127521
0.563473
0.213738
0.690777
1.000000
0.018530
0.122768
0.777602
0.227417
0.913381
1.000000
0.018342
0.141727
0.241316
0.235964
0.398279
1.000000
0.018314
0.240553
0.724097
0.282459
0.778261
1.000000
0.018281
0.120408
0.478895
0.203117
0.618616
1.000000
0.018107
0.000886
0.707281
0.055973
0.850071
1.000000
0.018071
0.067799
0.339475
0.151608
0.493750
1.000000
0.017706
0.072165
0.616962
0.159048
0.753557
1.000000
0.017590
0.172542
0.786155
0.209595
0.834544
1.000000
0.017582
0.211904
0.925653
0.261611
0.981005
1.000000
0.017337
0.139798
0.882278
0.254315
0.992203
1.000000
0.017231
0.142049
0.619001
0.181823
0.679543
1.000000
0.017161
0.119435
0.343306
0.204468
0.500147
1.000000
0.017057
0.192153
0.783977
0.232245
0.832752
1.000000
0.017037
0.010934
0.913408
0.053295
0.979583
1.000000
0.016996
0.635185
0.371016
0.695997
0.455626
1.000000
0.016938
0.096009
0.653013
0.129208
0.708869
1.000000
0.016787
0.123570
0.720588
0.159466
0.778282
1.000000
0.016781
0.144944
0.753420
0.182552
0.807735
1.000000
0.016520
0.784641
0.063393
0.831830
0.136285
1.000000
0.016402
0.089883
0.072022
0.263529
0.420253
1.000000
0.016401
0.194237
0.619989
0.238257
0.682821
1.000000
0.016386
0.659246
0.594356
0.776562
0.747640
1.000000
0.016386
0.635221
0.284786
0.693797
0.366991
1.000000
0.016260
0.166358
0.953718
0.212051
0.996991
1.000000
0.016223
0.118191
0.143881
0.202307
0.300878
1.000000
0.016157
0.726467
0.557953
0.838724
0.729342
1.000000
0.016026
0.016318
0.563154
0.052325
0.622554
1.000000
0.015957
0.005287
0.602140
0.080394
0.749414
1.000000
0.015947
0.006002
0.592377
0.038536
0.655592
1.000000
0.015788
0.010816
0.674520
0.052345
0.753619
1.000000
0.015724
0.171930
0.755388
0.210962
0.809486
1.000000
0.015688
0.214987
0.758409
0.257172
0.811727
1.000000
0.015644
0.217124
0.856023
0.257390
0.902147
1.000000
0.015638
0.073053
0.211342
0.156040
0.364758
1.000000
0.015581
0.122175
0.751925
0.157687
0.809088
1.000000
0.015578
0.146336
0.786580
0.182102
0.833072
1.000000
0.015570
0.001469
0.944401
0.033997
0.995119
1.000000
0.015556
0.189515
0.951607
0.239677
0.997734
1.000000
0.015485
0.505355
0.515668
0.564597
0.594322
1.000000
0.015440
0.723703
0.341686
0.841943
0.499223
1.000000
0.015416
0.535160
0.613529
0.625830
0.734312
1.000000
0.015370
-0.001903
0.014267
0.082566
0.146314
1.000000
0.015367
0.082138
0.739940
0.172893
0.877709
1.000000
0.015359
0.122773
0.651796
0.157687
0.710536
1.000000
0.015349
0.262143
0.643109
0.306579
0.705809
1.000000
0.015304
0.076792
0.481033
0.156189
0.620356
1.000000
0.015211
0.069822
0.880983
0.173583
0.999037
1.000000
0.015149
0.219004
0.685915
0.312116
0.816055
1.000000
0.015125
0.685824
0.446933
0.732801
0.512038
1.000000
0.015096
0.124838
0.520006
0.158905
0.577186
1.000000
0.015026
0.099973
0.590518
0.132994
0.644595
1.000000
0.014772
0.795013
0.344116
0.889991
0.468551
1.000000
0.014762
0.099774
0.720289
0.133563
0.774524
1.000000
0.014748
0.767510
0.862662
0.858563
0.992957
1.000000
0.014728
0.218409
0.828533
0.257572
0.875863
1.000000
0.014721
0.515721
0.579251
0.562590
0.641981
1.000000
0.014661
0.648009
0.675341
0.755550
0.822807
1.000000
0.014655
0.004938
0.647036
0.039014
0.718491
1.000000
0.014515
0.221851
0.644904
0.262865
0.703089
1.000000
0.014446
0.124453
0.456312
0.159727
0.512721
1.000000
0.014436
0.659333
0.443955
0.707907
0.513215
1.000000
0.014428
0.680146
0.222201
0.902825
0.526836
1.000000
0.014404
0.124739
0.557365
0.159399
0.614578
1.000000
0.014342
0.597203
0.239691
0.721175
0.409057
1.000000
0.014338
0.241109
0.690001
0.283807
0.746452
1.000000
0.014332
0.558580
0.545986
0.610341
0.617668
1.000000
0.014242
0.003240
0.781394
0.036641
0.854087
1.000000
0.014209
0.072783
0.494821
0.103493
0.544135
1.000000
0.014189
0.750335
0.044459
0.837087
0.192056
1.000000
0.014099
0.577485
0.640884
0.688952
0.786194
1.000000
0.014038
0.587998
0.287696
0.642661
0.365169
1.000000
0.014030
0.702561
0.061987
0.884800
0.374117
1.000000
0.014028
0.120255
0.785040
0.155256
0.836254
1.000000
0.013966
0.216474
0.691279
0.257638
0.746653
1.000000
0.013870
0.659509
0.515856
0.713109
0.586949
1.000000
0.013836
0.140357
0.954227
0.185753
0.997883
1.000000
0.013827
0.171838
0.825423
0.209113
0.872640
1.000000
0.013796
0.099184
0.790060
0.132141
0.839038
1.000000
0.013723
0.101169
0.410354
0.177889
0.553694
1.000000
0.013673
0.073960
0.458683
0.105359
0.508764
1.000000
0.013639
0.790267
0.257351
0.882669
0.394595
1.000000
0.013534
0.117380
0.951479
0.160294
0.996969
1.000000
0.013530
0.123425
0.389166
0.158318
0.446952
1.000000
0.013454
0.068553
0.560947
0.099370
0.612927
1.000000
0.013365
0.170147
0.855569
0.209419
0.903288
1.000000
0.013363
0.238375
0.785897
0.280222
0.836062
1.000000
0.013335
0.239630
0.827420
0.279542
0.874774
1.000000
0.013296
0.705208
0.350088
0.752130
0.421309
1.000000
0.013278
0.285104
0.618588
0.329454
0.683114
1.000000
0.013184
0.214669
0.724491
0.256149
0.778190
1.000000
0.013151
0.119319
0.320501
0.155979
0.380705
1.000000
0.013110
0.123926
0.488250
0.158429
0.545940
1.000000
0.013086
0.707549
0.409665
0.756086
0.478361
1.000000
0.013069
0.004429
0.459493
0.031987
0.510995
1.000000
0.013006
0.637405
0.549921
0.690147
0.616319
1.000000
0.013003
0.093816
0.322881
0.129921
0.380808
1.000000
0.012991
0.708510
0.286090
0.755522
0.354028
1.000000
0.012985
0.065469
0.624236
0.099899
0.683628
1.000000
0.012971
0.192160
0.856721
0.234178
0.903858
1.000000
0.012962
0.096713
0.457904
0.131278
0.511968
1.000000
0.012824
0.727914
0.653360
0.827489
0.820514
1.000000
0.012707
0.726633
0.772703
0.820346
0.927317
1.000000
0.012663
0.072744
0.387117
0.104982
0.439464
1.000000
0.012653
0.263416
0.687380
0.303047
0.741267
1.000000
0.012650
0.253493
0.582563
0.344472
0.697557
1.000000
0.012647
0.146625
0.826939
0.183680
0.873527
1.000000
0.012597
0.220785
0.602817
0.263309
0.661746
1.000000
0.012566
0.009235
0.844017
0.048422
0.916001
1.000000
0.012546
-0.000281
0.429664
0.058317
0.535142
1.000000
0.012527
0.145268
0.859419
0.182577
0.905050
1.000000
0.012523
0.067592
0.590541
0.099431
0.645123
1.000000
0.012520
0.519812
0.722403
0.554155
0.769216
1.000000
0.012517
0.665133
0.583035
0.713683
0.648200
1.000000
0.012498
0.095003
0.386461
0.130694
0.443394
1.000000
0.012481
0.004408
0.526356
0.031406
0.579020
1.000000
0.012391
0.120805
0.354271
0.156509
0.414100
1.000000
0.012359
0.003874
0.489021
0.031207
0.539016
1.000000
0.012327
0.865292
0.003595
0.976147
0.169393
1.000000
0.012291
0.570084
0.718580
0.607567
0.767446
1.000000
0.012264
0.100740
0.755975
0.135152
0.810632
1.000000
0.012228
0.003938
0.322053
0.032213
0.376150
1.000000
0.012228
0.096553
0.920383
0.137620
0.978630
1.000000
0.012210
0.121346
0.252317
0.158379
0.313769
1.000000
0.012206
0.124997
0.422646
0.160109
0.480886
1.000000
0.012178
0.072979
0.425916
0.104652
0.477087
1.000000
0.012172
-0.000616
0.285572
0.062953
0.402051
1.000000
0.012122
-0.000790
0.357783
0.060934
0.469184
1.000000
0.012073
0.585070
0.582708
0.633481
0.648572
1.000000
0.011996
0.070171
0.355826
0.104232
0.411185
1.000000
0.011976
0.071452
0.324703
0.105043
0.378813
1.000000
0.011888
0.542632
0.579202
0.591350
0.644158
1.000000
0.011876
0.097494
0.491247
0.131097
0.544904
1.000000
0.011830
0.195080
0.774234
0.300675
0.912425
1.000000
0.011818
0.101244
0.264534
0.266169
0.596076
1.000000
0.011688
0.038927
0.529896
0.119381
0.665314
1.000000
0.011636
0.520895
0.352986
0.561281
0.416154
1.000000
0.011625
0.963194
0.947360
0.999195
0.997708
1.000000
0.011607
0.097075
0.255415
0.133896
0.313771
1.000000
0.011582
0.660783
0.257806
0.711495
0.329354
1.000000
0.011578
0.036701
0.591634
0.071138
0.651556
1.000000
0.011532
0.811550
0.188854
0.853715
0.246644
1.000000
0.011530
0.693653
0.004705
0.733898
0.053193
1.000000
0.011506
0.767749
0.847800
0.813204
0.914934
1.000000
0.011488
0.003849
0.390274
0.030881
0.441374
1.000000
0.011453
0.167498
0.321510
0.206060
0.378319
1.000000
0.011441
0.822620
0.356524
0.866091
0.414196
1.000000
0.011366
0.140142
0.319897
0.177820
0.378253
1.000000
0.011353
0.519594
0.620910
0.559366
0.675838
1.000000
0.011334
0.192351
0.826130
0.232959
0.874377
1.000000
0.011316
0.596467
0.756658
0.634821
0.805795
1.000000
0.011290
0.099409
0.560705
0.131600
0.613559
1.000000
0.011277
0.607379
0.653168
0.655294
0.713923
1.000000
0.011255
-0.001271
0.506406
0.059454
0.620258
1.000000
0.011255
0.516950
0.285454
0.630156
0.450221
1.000000
0.011254
0.728233
0.251859
0.834273
0.396020
1.000000
0.011134
0.612092
0.583726
0.661199
0.648411
1.000000
0.011114
0.812473
0.115384
0.854307
0.175078
1.000000
0.011087
0.097853
0.521366
0.131015
0.575659
1.000000
0.011071
0.703448
0.015853
0.788786
0.138861
1.000000
0.011071
0.550546
0.706345
0.644731
0.838159
1.000000
0.011069
0.139619
0.409415
0.229375
0.553575
1.000000
0.011067
0.573451
0.758273
0.610548
0.804654
1.000000
0.011063
0.470570
0.575993
0.573030
0.709476
1.000000
0.011036
0.766899
0.947940
0.812433
0.999287
1.000000
0.011035
0.004605
0.763719
0.081328
0.925363
1.000000
0.011025
0.661382
0.777817
0.768433
0.932546
1.000000
0.010973
0.685964
0.553914
0.738134
0.615815
1.000000
0.010971
0.787503
0.108388
0.833345
0.174847
1.000000
0.010971
0.095475
0.289529
0.132421
0.348168
1.000000
0.010961
0.595722
0.726541
0.633993
0.775949
1.000000
0.010958
0.071586
0.522951
0.102016
0.573836
1.000000
0.010951
0.638710
0.025026
0.683299
0.089974
1.000000
0.010913
0.315835
0.594503
0.353897
0.648576
1.000000
0.010910
0.714367
0.718237
0.758282
0.778132
1.000000
0.010858
0.618332
0.727545
0.661296
0.781461
1.000000
0.010797
0.612969
0.253794
0.664483
0.327112
1.000000
0.010768
0.717790
0.080010
0.757013
0.138142
1.000000
0.010745
0.264127
0.602509
0.307617
0.661194
1.000000
0.010743
0.785439
0.751138
0.832737
0.819860
1.000000
0.010738
0.684641
0.480155
0.735706
0.550564
1.000000
0.010716
0.167230
0.529658
0.267757
0.672679
1.000000
0.010709
0.442102
0.407178
0.537104
0.545164
1.000000
0.010704
0.119279
0.823802
0.155025
0.874145
1.000000
0.010687
0.045743
0.413217
0.127858
0.550963
1.000000
0.010602
0.044921
0.701399
0.133701
0.856043
1.000000
0.010581
0.545804
0.717277
0.583154
0.765003
1.000000
0.010539
0.097678
0.825277
0.131471
0.874308
1.000000
0.010482
0.097626
0.857241
0.130666
0.906488
1.000000
0.010463
0.588845
0.508269
0.642172
0.579711
1.000000
0.010463
0.219889
0.558839
0.259921
0.613997
1.000000
0.010411
0.705677
0.524677
0.905594
0.865115
1.000000
0.010349
0.090301
0.071344
0.181805
0.234528
1.000000
0.010337
0.096409
0.425053
0.131106
0.479605
1.000000
0.010330
0.004010
0.880051
0.034656
0.947407
1.000000
0.010274
0.222907
0.286619
0.261709
0.344715
1.000000
0.010205
0.120443
0.857202
0.156309
0.908037
1.000000
0.010203
0.494079
0.619622
0.536263
0.678004
1.000000
0.010166
0.831408
0.855142
0.945492
1.001651
1.000000
0.010160
0.640110
0.727753
0.686877
0.784443
1.000000
0.010147
0.200852
0.248683
0.285267
0.387588
1.000000
0.010115
0.140307
0.356600
0.177302
0.414290
1.000000
0.010110
0.139140
0.285371
0.177399
0.345584
1.000000
0.010103
0.764280
0.711848
0.813402
0.787072
1.000000
0.010079
0.069068
0.957555
0.106705
1.001230
1.000000
0.010065
0.089086
-0.123732
0.535898
0.759869
1.000000
0.010042
0.717492
0.955399
0.758369
0.999348
1.000000
0.010005
0.166381
0.558341
0.206391
0.614615
