1.000000
0.301147
0.393597
0.513297
0.610512
0.850394
1.000000
0.045571
0.004413
0.377833
0.516456
1.067784
1.000000
0.038501
0.765490
0.075428
0.810144
0.136816
1.000000
0.036498
-0.010570
0.730747
0.133362
0.953177
1.000000
0.034026
0.761316
0.027856
0.805633
0.088061
1.000000
0.031317
0.469296
0.596229
0.889005
1.046161
1.000000
0.030497
0.731830
0.656775
1.010070
0.989459
1.000000
0.030353
0.503381
0.885486
0.551353
0.952230
1.000000
0.029570
0.743004
0.008882
0.782473
0.054178
1.000000
0.029312
0.488193
0.623068
0.605574
0.778505
1.000000
0.023418
0.407394
0.487599
0.522505
0.671581
1.000000
0.022907
0.529617
0.679398
0.587213
0.755840
1.000000
0.022046
0.016292
0.753895
0.060554
0.821029
1.000000
0.022000
0.415116
0.247444
0.547055
0.396856
1.000000
0.021917
0.519312
0.540128
0.636182
0.700484
1.000000
0.021898
0.464001
0.749884
0.513202
0.817148
1.000000
0.021563
0.078366
0.728006
0.176631
0.854182
1.000000
0.021001
0.718982
0.005390
0.759624
0.052590
1.000000
0.020682
0.785915
0.028888
0.829204
0.087840
1.000000
0.020512
0.422880
0.328762
0.671946
0.712075
1.000000
0.020427
0.115118
0.750620
0.157502
0.812150
1.000000
0.020338
0.819432
0.452554
0.859328
0.506133
1.000000
0.019948
0.089546
0.753814
0.135340
0.818221
1.000000
0.019931
0.782943
0.059818
0.825832
0.120683
1.000000
0.019625
0.732050
0.039982
0.817323
0.157299
1.000000
0.019292
0.538687
0.675398
0.668666
0.820038
1.000000
0.019240
0.789366
0.007963
0.828363
0.051733
1.000000
0.019126
0.368387
0.447912
0.465285
0.620323
1.000000
0.018996
0.606041
0.709524
0.732697
0.854186
1.000000
0.018343
0.514143
0.620120
0.562527
0.686922
1.000000
0.017835
0.801349
0.406161
0.884317
0.525201
1.000000
0.017411
0.719542
0.053809
0.759395
0.111145
1.000000
0.017389
0.064303
0.753092
0.109120
0.819107
1.000000
0.017380
0.434772
0.663602
0.551712
0.829501
1.000000
0.017318
0.141527
0.730497
0.183785
0.785002
1.000000
0.017317
0.370056
0.619072
0.486224
0.799780
1.000000
0.017168
0.265757
0.077978
0.698647
0.881598
1.000000
0.017041
0.052000
0.856939
0.159434
0.992408
1.000000
0.016869
0.465187
0.949315
0.511241
0.996823
1.000000
0.016831
0.436319
0.580036
0.488424
0.653563
1.000000
0.016808
0.509688
0.943305
0.558803
0.996542
1.000000
0.016766
0.746703
0.050866
0.792239
0.113318
1.000000
0.016564
0.462995
0.585693
0.513639
0.658156
1.000000
0.016457
0.488113
0.705994
0.546461
0.787604
1.000000
0.016434
0.478013
0.838805
0.564858
0.968902
1.000000
0.016260
0.473760
0.470749
0.604138
0.654553
1.000000
0.016226
0.321886
0.639321
0.422532
0.787212
1.000000
0.016107
0.068211
0.783821
0.269959
1.015488
1.000000
0.016061
0.265985
0.654396
0.641800
1.003937
1.000000
0.015978
0.007294
0.695284
0.093251
0.835747
1.000000
0.015528
0.432418
0.397444
0.556934
0.574152
1.000000
0.015427
0.582452
0.648588
0.634267
0.716885
1.000000
0.015370
0.660362
0.658725
0.781675
0.806607
1.000000
0.015322
0.012060
0.810103
0.058985
0.883896
1.000000
0.015276
0.165025
0.726955
0.206992
0.783002
1.000000
0.014985
0.416988
0.546649
0.464056
0.619949
1.000000
0.014795
0.560327
0.619848
0.610473
0.687942
1.000000
0.014769
0.509281
0.741136
0.559743
0.810923
1.000000
0.014611
0.669163
0.245649
0.770121
0.384967
1.000000
0.014585
0.535895
0.584320
0.588357
0.655100
1.000000
0.014539
0.435004
0.521664
0.482033
0.591020
1.000000
0.014463
0.694786
0.067851
0.787552
0.197460
1.000000
0.014439
0.613178
0.715310
0.664057
0.783188
1.000000
0.014417
0.550067
0.462608
0.666296
0.643312
1.000000
0.014410
0.696149
0.374683
0.788661
0.522071
1.000000
0.014381
0.315256
0.531746
0.414407
0.698578
1.000000
0.014368
0.488872
0.652691
0.542130
0.727284
1.000000
0.014310
0.618610
0.126120
0.826878
0.448939
1.000000
0.014277
0.000470
0.943911
0.036230
0.996291
1.000000
0.014247
0.391497
0.337098
0.506826
0.504795
1.000000
0.014160
0.929594
0.406147
0.999373
0.563983
1.000000
0.014070
0.502894
0.902994
0.593264
1.003403
1.000000
0.014049
0.585042
0.714127
0.637390
0.780517
1.000000
0.014048
0.461785
0.551872
0.510302
0.619257
1.000000
0.014012
0.554854
0.708401
0.607797
0.778704
1.000000
0.013975
0.787395
0.462208
0.883564
0.598713
1.000000
0.013973
0.625358
0.489615
0.836499
0.809803
1.000000
0.013921
0.571978
0.583821
0.679341
0.728484
1.000000
0.013833
0.662270
0.956432
0.707830
0.999568
1.000000
0.013808
0.616656
0.957851
0.660067
0.998773
1.000000
0.013764
0.600395
0.391444
0.694730
0.559439
1.000000
0.013742
0.662230
0.551224
0.768940
0.696305
1.000000
0.013672
0.664507
0.317745
0.763987
0.470578
1.000000
0.013664
0.038371
0.778642
0.082570
0.847484
1.000000
0.013627
0.003272
0.722988
0.036559
0.781358
1.000000
0.013620
0.842220
0.430346
0.879928
0.481058
1.000000
0.013503
0.367949
0.450590
0.404846
0.509064
1.000000
0.013424
0.490412
0.553262
0.537295
0.617521
1.000000
0.013421
0.390039
0.710605
0.438135
0.780674
1.000000
0.013387
0.498439
0.724173
0.616609
0.886515
1.000000
0.013266
0.002743
0.786899
0.038186
0.849491
1.000000
0.013266
0.741800
0.851390
0.845765
0.988996
1.000000
0.013237
0.321086
0.429775
0.496714
0.766851
1.000000
0.013152
0.662833
0.686121
0.713117
0.749086
1.000000
0.013152
0.687380
0.721360
0.802752
0.889099
1.000000
0.013036
0.569940
0.802055
0.782368
1.027193
1.000000
0.012968
0.862629
0.426249
0.900157
0.477936
1.000000
0.012961
0.814286
0.005024
0.854876
0.051294
1.000000
0.012864
0.718498
0.387336
0.760151
0.446021
1.000000
0.012818
0.963544
0.420255
0.996860
0.485571
1.000000
0.012757
0.001705
0.871553
0.069081
0.984355
1.000000
0.012750
0.470200
0.859927
0.511140
0.917660
1.000000
0.012748
0.786185
0.683235
0.836583
0.752979
1.000000
0.012673
0.707502
0.003207
0.783313
0.096757
1.000000
0.012653
0.679987
0.321170
0.886199
0.663959
1.000000
0.012607
0.465337
0.486896
0.510595
0.551255
1.000000
0.012538
0.516386
0.553066
0.563381
0.618596
1.000000
0.012498
0.788148
0.326656
0.879820
0.469571
1.000000
0.012487
0.041288
0.733965
0.082350
0.791369
1.000000
0.012476
0.784810
0.109621
0.828632
0.168752
1.000000
0.012446
0.806473
0.057035
0.846145
0.113648
1.000000
0.012407
0.513129
0.782106
0.556966
0.843604
1.000000
0.012399
0.462829
0.677409
0.516011
0.754442
1.000000
0.012323
0.713888
0.954586
0.758252
1.001588
1.000000
0.012292
0.839346
0.362777
0.927875
0.499926
1.000000
0.012164
0.438715
0.708925
0.493691
0.785376
1.000000
0.012116
0.320167
0.437577
0.409655
0.596793
1.000000
0.012115
0.584631
0.581045
0.636995
0.650401
1.000000
0.012042
0.611422
0.653142
0.659219
0.719646
1.000000
0.012010
0.386563
0.648316
0.436455
0.722660
1.000000
0.012002
0.414672
0.488201
0.460097
0.556295
1.000000
0.011985
0.811418
0.663671
0.851942
0.718938
1.000000
0.011947
0.611396
0.618088
0.657532
0.683302
1.000000
0.011941
0.770522
0.011180
0.856181
0.125195
1.000000
0.011936
0.134651
0.722440
0.225920
0.836176
1.000000
0.011915
0.564324
0.955841
0.608046
1.000798
1.000000
0.011897
0.540347
0.252741
0.652655
0.398999
1.000000
0.011839
0.001962
0.682089
0.034947
0.741785
1.000000
0.011769
0.090427
0.848876
0.132102
0.912299
1.000000
0.011744
0.593262
0.958730
0.637430
1.000270
1.000000
0.011705
0.696113
0.004004
0.735989
0.049017
1.000000
0.011697
0.115276
0.952269
0.157624
0.998545
1.000000
0.011673
0.392259
0.583303
0.436702
0.651893
1.000000
0.011672
0.601180
0.257806
0.707385
0.404410
1.000000
0.011576
0.509971
0.017888
0.912139
0.677076
1.000000
0.011556
0.695760
0.908096
0.787290
1.008780
1.000000
0.011493
0.369360
0.482925
0.407455
0.545396
1.000000
0.011435
0.548432
0.767221
0.678817
0.920918
1.000000
0.011405
0.002022
0.853235
0.036680
0.918522
1.000000
0.011396
0.583064
0.281337
0.636120
0.353144
1.000000
0.011378
0.812083
0.118412
0.852524
0.172372
1.000000
0.011370
0.268883
0.651543
0.368548
0.778826
1.000000
0.011350
0.487065
0.779134
0.533110
0.839029
1.000000
0.011345
0.388582
0.485698
0.433674
0.552512
1.000000
0.011342
0.414929
0.747886
0.462702
0.814230
1.000000
0.011318
0.368311
0.582490
0.409814
0.649043
1.000000
0.011252
0.439075
0.650539
0.491468
0.722363
1.000000
0.011226
0.414318
0.453370
0.457708
0.517077
1.000000
0.011203
0.632831
0.889858
0.737527
0.998867
1.000000
0.011127
0.116234
0.817658
0.154665
0.877176
1.000000
0.011102
0.559190
0.746789
0.611012
0.814972
1.000000
0.011100
0.745546
0.116109
0.788962
0.171065
1.000000
0.011079
0.537895
0.953723
0.583220
1.000319
1.000000
0.011067
0.662875
0.746751
0.712681
0.814964
1.000000
0.011019
0.763248
0.644340
0.854256
0.773264
1.000000
0.011006
0.562548
0.548931
0.614382
0.619866
1.000000
0.010929
0.444151
0.778967
0.490562
0.843979
1.000000
0.010876
0.666218
0.114574
0.764502
0.249773
1.000000
0.010847
0.386710
0.451900
0.429268
0.513681
1.000000
0.010797
0.963413
0.549489
0.997063
0.617803
1.000000
0.010597
0.064210
0.814124
0.107369
0.882396
1.000000
0.010580
0.715554
0.116590
0.757489
0.173177
1.000000
0.010522
0.714881
0.277721
0.809233
0.413185
1.000000
0.010519
0.370752
0.517033
0.411165
0.582279
1.000000
0.010508
0.688692
0.714458
0.739383
0.783505
1.000000
0.010496
0.965384
0.354572
0.997319
0.414039
1.000000
0.010464
0.716590
0.317371
0.759573
0.377605
1.000000
0.010448
0.120211
0.694889
0.159292
0.751260
1.000000
0.010444
0.764423
0.950103
0.811391
1.002589
1.000000
0.010418
0.633522
0.383364
0.685305
0.464807
1.000000
0.010410
0.414098
0.346968
0.462401
0.414616
1.000000
0.010370
0.698931
0.025917
0.739522
0.082858
1.000000
0.010358
0.719931
0.420899
0.759975
0.478507
1.000000
0.010333
0.447561
0.921949
0.491443
0.979901
1.000000
0.010316
0.711998
0.688721
0.763521
0.753283
1.000000
0.010314
0.439846
0.455812
0.482946
0.517417
1.000000
0.010299
0.750660
0.731421
0.854821
0.914289
1.000000
0.010278
0.793812
0.483212
0.834418
0.536905
1.000000
0.010274
0.342931
0.715046
0.386468
0.774682
1.000000
0.010253
0.419099
0.211666
0.656170
0.485110
1.000000
0.010136
0.693747
0.116555
0.733711
0.172599
1.000000
0.010133
0.868290
0.398574
0.904431
0.451352
1.000000
0.010078
0.738162
0.106663
0.828648
0.234120
1.000000
0.010046
0.788060
0.247387
0.878037
0.378078
1.000000
0.010033
0.369817
0.748171
0.411562
0.807848
1.000000
0.010004
0.012180
0.647319
0.053894
0.712459
