1.000000
0.742131
0.264812
0.426023
0.536863
0.863372
1.000000
0.042402
-0.021711
0.605836
0.380710
1.101874
1.000000
0.042082
0.766036
0.077425
0.808429
0.137712
1.000000
0.031638
0.462058
0.442847
0.559306
0.599245
1.000000
0.030832
0.761363
0.028802
0.803847
0.087061
1.000000
0.025649
0.737912
0.670407
1.011760
0.995696
1.000000
0.025347
0.363836
0.498078
0.509075
0.723704
1.000000
0.025126
0.350908
0.618793
0.482941
0.821349
1.000000
0.024153
-0.009761
0.731698
0.123601
0.953549
1.000000
0.024033
0.743364
0.009265
0.782169
0.054471
1.000000
0.023355
0.015312
0.754234
0.056704
0.820937
1.000000
0.023166
0.747089
0.045697
0.823844
0.157032
1.000000
0.023102
0.516212
0.458017
0.555027
0.522823
1.000000
0.022387
0.656345
0.949584
0.708118
0.997912
1.000000
0.021942
0.784102
0.063146
0.824593
0.120611
1.000000
0.021704
0.062321
0.732395
0.159998
0.856399
1.000000
0.021394
0.091843
0.757269
0.134335
0.815791
1.000000
0.020729
0.786857
0.028951
0.828253
0.084974
1.000000
0.020515
0.492718
0.473810
0.543044
0.550986
1.000000
0.020143
0.259030
0.484405
0.373827
0.640538
1.000000
0.019935
0.114942
0.753563
0.157712
0.812125
1.000000
0.019706
0.436807
0.458485
0.900164
0.987651
1.000000
0.018921
0.790571
0.008392
0.828032
0.050581
1.000000
0.018842
0.819832
0.450715
0.861539
0.504454
1.000000
0.018055
0.069587
0.756681
0.109091
0.816258
1.000000
0.017847
0.398190
0.706860
0.514391
0.873155
1.000000
0.017734
0.718349
0.053917
0.757602
0.111793
1.000000
0.017408
0.822452
0.404987
0.918812
0.535540
1.000000
0.016797
0.387150
0.706152
0.446127
0.788219
1.000000
0.016653
0.285482
0.658605
0.630289
0.982629
1.000000
0.016411
0.718513
0.005644
0.758604
0.053415
1.000000
0.016274
0.460474
0.891946
0.556481
1.002074
1.000000
0.016149
0.650287
0.920854
0.747613
1.007917
1.000000
0.016128
0.615119
0.953584
0.665568
0.998872
1.000000
0.015690
0.010475
0.150167
0.293474
0.751685
1.000000
0.015542
0.007290
0.692980
0.086349
0.831635
1.000000
0.015538
0.303775
0.437924
0.440588
0.623688
1.000000
0.015287
0.003869
0.723456
0.035049
0.782051
1.000000
0.015266
0.463041
0.478596
0.516335
0.557285
1.000000
0.015136
0.004325
0.919419
0.039957
0.986085
1.000000
0.014947
0.290909
0.543684
0.421725
0.734669
1.000000
0.014906
0.040983
0.756050
0.081745
0.818614
1.000000
0.014765
0.591044
0.956950
0.638600
0.999942
1.000000
0.014735
0.113818
0.710602
0.209930
0.828083
1.000000
0.014641
0.685291
0.705088
0.804405
0.857174
1.000000
0.014638
0.001929
0.765712
0.071237
0.892276
1.000000
0.014608
0.462951
0.948949
0.510559
0.998274
1.000000
0.014372
0.785255
0.110972
0.827330
0.168125
1.000000
0.014036
0.437258
0.779084
0.486279
0.845115
1.000000
0.014019
0.137176
0.749818
0.183809
0.811672
1.000000
0.013915
0.409097
0.737455
0.463520
0.815323
1.000000
0.013909
0.792310
0.188132
0.831083
0.238568
1.000000
0.013804
0.471541
0.862408
0.517191
0.922979
1.000000
0.013801
0.422421
0.806509
0.536374
0.953609
1.000000
0.013754
0.764731
0.889819
0.853551
1.002930
1.000000
0.013654
0.814746
0.188958
0.853421
0.241315
1.000000
0.013562
0.785358
0.686095
0.835609
0.756282
1.000000
0.013504
0.215442
0.347574
0.261903
0.423013
1.000000
0.013461
0.713089
0.955366
0.757351
1.001484
1.000000
0.013451
0.375907
0.411792
0.503368
0.590561
1.000000
0.013277
0.011548
0.849410
0.052619
0.915647
1.000000
0.013218
0.411930
0.481324
0.465291
0.555880
1.000000
0.013194
0.060911
0.329017
0.147708
0.470402
1.000000
0.013110
0.011394
0.679951
0.052495
0.745112
1.000000
0.013070
0.814593
0.005748
0.854405
0.050452
1.000000
0.012981
0.269014
0.693162
0.377314
0.849697
1.000000
0.012873
0.232497
0.392744
0.360258
0.568948
1.000000
0.012859
0.183685
0.343995
0.274874
0.483509
1.000000
0.012821
0.003620
0.651514
0.036486
0.716643
1.000000
0.012815
0.486604
0.370402
0.573442
0.524165
1.000000
0.012809
0.565374
0.957139
0.610328
1.000117
1.000000
0.012733
0.083801
0.777968
0.189631
0.926632
1.000000
0.012504
0.340551
0.710357
0.392479
0.783803
1.000000
0.012460
0.808390
0.059075
0.846247
0.112844
1.000000
0.012252
0.314615
0.712805
0.363721
0.780629
1.000000
0.012222
0.114663
0.341017
0.202958
0.480626
1.000000
0.012173
0.748559
0.117679
0.788523
0.170050
1.000000
0.012142
0.540738
0.956250
0.586854
1.001404
1.000000
0.012128
0.388184
0.547785
0.441145
0.621609
1.000000
0.012122
0.208549
0.677902
0.311720
0.817857
1.000000
0.012122
0.734609
0.665981
0.841315
0.798607
1.000000
0.011958
0.000456
0.616124
0.066288
0.737364
1.000000
0.011956
0.444236
0.917260
0.492201
0.978980
1.000000
0.011953
0.816311
0.222090
0.855549
0.275518
1.000000
0.011925
0.166722
0.725130
0.213452
0.784955
1.000000
0.011916
0.814969
0.256110
0.854109
0.308803
1.000000
0.011833
0.513154
0.952320
0.559094
0.999743
1.000000
0.011790
0.469446
0.735871
0.582973
0.900979
1.000000
0.011782
0.697651
0.067205
0.784086
0.189946
1.000000
0.011773
0.608386
0.714032
0.725385
0.850885
1.000000
0.011769
0.003949
0.787076
0.036625
0.848525
1.000000
0.011687
0.433010
0.469333
0.652727
0.770624
1.000000
0.011635
0.812211
0.120837
0.851463
0.173386
1.000000
0.011630
0.765091
0.147269
0.850844
0.271538
1.000000
0.011616
0.716992
0.119164
0.754470
0.172046
1.000000
0.011562
0.859117
0.426827
0.900767
0.479714
1.000000
0.011490
0.812839
0.664210
0.853241
0.719896
1.000000
0.011396
0.660490
0.771810
0.774609
0.920298
1.000000
0.011395
0.222213
0.246369
0.487278
0.587842
1.000000
0.011368
0.416446
0.954339
0.460642
0.997507
1.000000
0.011343
0.434461
0.507661
0.491741
0.587896
1.000000
0.011302
0.435175
-0.037156
0.921340
0.695802
1.000000
0.011130
0.789982
0.155445
0.829800
0.208443
1.000000
0.011101
0.788330
0.331029
0.880253
0.471737
1.000000
0.011071
0.060048
0.897818
0.152498
1.006697
1.000000
0.011067
0.430217
0.710736
0.488334
0.791465
1.000000
0.010986
0.364450
0.738440
0.417642
0.813987
1.000000
0.010981
0.440640
0.457481
0.489475
0.525239
1.000000
0.010936
0.212082
0.411106
0.259887
0.481781
1.000000
0.010876
0.309523
0.638397
0.368071
0.723680
1.000000
0.010871
0.746032
0.288022
0.786545
0.339543
1.000000
0.010787
0.000582
0.840086
0.071237
0.975773
1.000000
0.010748
0.520948
0.444274
0.620519
0.596511
1.000000
0.010711
0.706938
0.004189
0.782426
0.101303
1.000000
0.010690
0.004800
0.587107
0.035667
0.647274
1.000000
0.010677
0.574274
0.927220
0.673158
1.009043
1.000000
0.010660
0.787787
0.471918
0.885368
0.600272
1.000000
0.010551
0.252601
0.601112
0.357622
0.756736
1.000000
0.010515
0.786982
0.247905
0.873415
0.372657
1.000000
0.010451
0.484877
0.640404
0.537186
0.713991
1.000000
0.010448
0.763922
0.949050
0.811371
1.001788
1.000000
0.010434
0.433518
0.582131
0.489342
0.657889
1.000000
0.010413
0.470497
0.589534
0.577086
0.761443
1.000000
0.010411
0.447605
0.855962
0.491334
0.912529
1.000000
0.010406
0.457039
0.745175
0.508903
0.820881
1.000000
0.010354
0.391238
0.777273
0.440644
0.842950
1.000000
0.010334
0.163166
0.653258
0.255805
0.784957
1.000000
0.010299
0.355634
0.638866
0.418237
0.727832
1.000000
0.010285
0.822085
0.403104
0.861658
0.455878
1.000000
0.010281
0.142965
0.389223
0.180230
0.442983
1.000000
0.010274
0.070013
0.690873
0.104688
0.745492
1.000000
0.010269
0.814720
0.289415
0.854239
0.339745
1.000000
0.010250
0.223563
0.544646
0.327208
0.692011
1.000000
0.010245
0.363022
0.480343
0.415043
0.551578
1.000000
0.010245
0.502183
0.874871
0.550585
0.938923
1.000000
0.010227
0.695419
0.118569
0.732424
0.171524
1.000000
0.010219
0.216315
0.450983
0.263277
0.516488
1.000000
0.010194
0.773905
0.011306
0.856221
0.124006
1.000000
0.010183
0.561189
0.682595
0.803793
0.948465
1.000000
0.010164
0.342449
0.329889
0.478446
0.519971
1.000000
0.010117
0.003303
0.884021
0.034739
0.948703
