1.000000
0.958833
0.427711
0.432846
0.596736
0.682359
1.000000
0.044053
0.022488
0.495588
0.422045
1.068399
1.000000
0.041326
0.763432
0.022370
0.809415
0.092282
1.000000
0.038720
0.415325
0.400060
0.786202
0.939721
1.000000
0.030312
0.463582
0.335935
0.599509
0.556920
1.000000
0.025577
0.747224
0.005784
0.788401
0.056054
1.000000
0.025324
0.382971
0.355758
0.524292
0.553836
1.000000
0.025176
0.372510
0.496433
0.491676
0.656769
1.000000
0.024519
0.784623
0.047858
0.829839
0.114395
1.000000
0.024304
0.717404
0.026074
0.760379
0.087668
1.000000
0.023865
0.541498
0.399430
0.647352
0.568964
1.000000
0.022666
0.480844
0.564150
0.547625
0.658685
1.000000
0.021516
0.787136
0.006579
0.830860
0.057520
1.000000
0.020828
0.728458
0.664786
1.005548
0.992832
1.000000
0.020817
0.558680
0.658221
0.603149
0.723152
1.000000
0.020510
0.072856
0.125294
0.478465
0.836856
1.000000
0.020271
0.765970
0.067594
0.810510
0.132542
1.000000
0.020161
0.533688
0.607022
0.626190
0.746245
1.000000
0.019688
0.117209
0.479691
0.195632
0.617365
1.000000
0.019685
0.381028
0.229418
0.596468
0.467755
1.000000
0.019490
0.175605
0.621278
0.212642
0.677231
1.000000
0.019019
0.418090
0.547202
0.466154
0.614683
1.000000
0.019006
0.659163
0.595649
0.770104
0.752159
1.000000
0.018774
0.126129
0.520945
0.160389
0.579798
1.000000
0.018293
0.561115
0.408595
0.608672
0.486371
1.000000
0.017799
0.152349
0.615721
0.241026
0.748642
1.000000
0.017571
0.503725
0.604568
0.558186
0.677728
1.000000
0.017519
0.748731
0.050183
0.832305
0.184455
1.000000
0.017193
0.017762
0.556873
0.054582
0.616554
1.000000
0.017169
0.076528
0.546563
0.160743
0.682347
1.000000
0.017091
0.599054
0.691512
0.700547
0.822909
1.000000
0.016986
0.714730
0.567338
0.821503
0.727515
1.000000
0.016888
0.215695
0.607487
0.307799
0.736980
1.000000
0.016860
-0.001071
0.012474
0.081652
0.151443
1.000000
0.016804
0.440625
0.571253
0.497006
0.651524
1.000000
0.016422
0.507841
0.447110
0.568514
0.533941
1.000000
0.016353
0.125442
0.551744
0.213039
0.684020
1.000000
0.016260
0.256036
0.571977
0.347089
0.695394
1.000000
0.016041
0.747510
0.045196
0.793444
0.112634
1.000000
0.015795
0.309797
0.553493
0.405784
0.685868
1.000000
0.015745
0.175116
0.694762
0.210697
0.749362
1.000000
0.015587
0.074504
0.441868
0.160080
0.596272
1.000000
0.015538
0.097138
0.244714
0.177633
0.402057
1.000000
0.015514
0.766425
0.738132
0.852654
0.895011
1.000000
0.015479
0.127775
0.687138
0.221260
0.825685
1.000000
0.015476
0.215278
0.618467
0.257929
0.678963
1.000000
0.015475
0.001458
0.601603
0.059924
0.720516
1.000000
0.015448
0.583363
0.442904
0.630389
0.514306
1.000000
0.015423
0.071974
0.617036
0.157733
0.755782
1.000000
0.015322
0.530875
0.570584
0.586097
0.652210
1.000000
0.015283
0.174536
0.651911
0.209346
0.706135
1.000000
0.015156
0.465524
0.604013
0.521703
0.677254
1.000000
0.015149
0.005976
0.589627
0.035503
0.647346
1.000000
0.015125
0.439750
0.520052
0.493816
0.594988
1.000000
0.015073
0.068941
0.348322
0.152563
0.501150
1.000000
0.014978
0.748407
0.865507
0.839927
0.993008
1.000000
0.014957
0.124592
0.587983
0.157259
0.641599
1.000000
0.014877
0.147212
0.655477
0.179477
0.704987
1.000000
0.014863
0.766033
0.223977
0.804445
0.272614
1.000000
0.014768
0.285158
0.614511
0.331766
0.682126
1.000000
0.014762
0.242765
0.723190
0.282804
0.778932
1.000000
0.014675
0.744803
0.119117
0.783753
0.172013
1.000000
0.014542
0.011643
0.548269
0.087320
0.682113
1.000000
0.014378
-0.000411
0.751337
0.054962
0.897283
1.000000
0.014346
0.677751
0.524730
0.867934
0.837597
1.000000
0.014312
0.493981
0.661405
0.589615
0.796763
1.000000
0.014254
0.718613
0.080341
0.757322
0.135107
1.000000
0.014251
0.526938
0.505264
0.587833
0.597284
1.000000
0.014229
0.004852
0.652639
0.035873
0.717816
1.000000
0.014219
0.564178
0.427657
0.778965
0.704101
1.000000
0.014195
0.767224
0.115413
0.807460
0.171498
1.000000
0.014157
0.544945
0.673720
0.644815
0.802009
1.000000
0.014147
0.812636
0.003220
0.854374
0.051603
1.000000
0.014077
0.144013
0.591107
0.180471
0.644584
1.000000
0.014046
0.693516
0.123630
0.729149
0.173263
1.000000
0.014042
0.674469
0.704953
0.782245
0.853977
1.000000
0.014004
0.012277
0.679292
0.050487
0.750806
1.000000
0.013966
0.643483
0.053723
0.680282
0.108584
1.000000
0.013959
0.575582
0.344215
0.677656
0.512048
1.000000
0.013953
0.241276
0.755204
0.283160
0.813177
1.000000
0.013940
0.416412
0.612867
0.463575
0.678276
1.000000
0.013880
0.210483
0.686696
0.295301
0.815214
1.000000
0.013867
0.573780
0.470188
0.678372
0.635122
1.000000
0.013857
0.719123
0.120186
0.756534
0.171255
1.000000
0.013855
0.119332
0.343193
0.203877
0.496886
1.000000
0.013783
0.790745
0.194702
0.828494
0.243011
1.000000
0.013763
0.517242
0.648631
0.561252
0.708456
1.000000
0.013751
-0.000431
0.500782
0.062401
0.615101
1.000000
0.013677
0.691159
0.068988
0.880049
0.383469
1.000000
0.013638
0.409940
0.445446
0.466623
0.524129
1.000000
0.013609
0.005151
0.526900
0.033256
0.581105
1.000000
0.013517
0.129741
0.556164
0.324265
0.862466
1.000000
0.013494
0.321701
0.482855
0.420674
0.622750
1.000000
0.013485
0.087552
0.014330
0.138220
0.080431
1.000000
0.013439
0.390982
0.582683
0.438265
0.648465
1.000000
0.013436
0.096502
0.724683
0.128439
0.776203
1.000000
0.013329
0.117423
0.110608
0.209609
0.270101
1.000000
0.013321
0.003990
0.389720
0.032166
0.444966
1.000000
0.013321
0.099221
0.588659
0.130599
0.640033
1.000000
0.013290
-0.001046
0.359902
0.059454
0.473191
1.000000
0.013269
0.148988
0.725860
0.181847
0.775253
1.000000
0.013242
0.067053
0.560544
0.098941
0.612238
1.000000
0.013167
0.365102
0.598378
0.474154
0.751861
1.000000
0.013150
0.102370
0.133635
0.280930
0.479241
1.000000
0.013137
0.147081
0.623379
0.183437
0.678236
1.000000
0.013122
0.002958
0.843849
0.037236
0.920524
1.000000
0.013116
0.124644
0.621889
0.157907
0.677084
1.000000
0.013091
0.203631
0.910763
0.298808
1.002640
1.000000
0.013079
0.313922
0.588636
0.355500
0.648586
1.000000
0.013044
0.141704
0.241048
0.234003
0.404152
1.000000
0.013012
0.138690
0.549100
0.177000
0.608173
1.000000
0.012934
0.008615
0.641530
0.086668
0.800480
1.000000
0.012852
0.078724
0.711468
0.170034
0.854259
1.000000
0.012792
0.522366
0.681498
0.566237
0.741829
1.000000
0.012756
0.124390
0.724956
0.156658
0.777378
1.000000
0.012688
0.094072
0.391387
0.129225
0.447856
1.000000
0.012682
0.096242
0.654780
0.127774
0.706779
1.000000
0.012676
0.100827
0.522665
0.134295
0.576692
1.000000
0.012673
0.255372
0.676211
0.346177
0.815993
1.000000
0.012670
0.788872
0.113693
0.831390
0.172477
1.000000
0.012670
0.746631
0.195944
0.783806
0.244397
1.000000
0.012658
0.813899
0.120024
0.854423
0.174704
1.000000
0.012652
0.767638
0.197859
0.805154
0.246862
1.000000
0.012647
0.190434
0.722009
0.228498
0.776612
1.000000
0.012626
0.073059
0.391744
0.104291
0.442749
1.000000
0.012613
0.174585
0.756057
0.210487
0.808354
1.000000
0.012595
-0.001073
0.421497
0.060117
0.535794
1.000000
0.012583
0.123750
0.454011
0.159329
0.514092
1.000000
0.012458
0.744520
0.653669
0.834215
0.818869
1.000000
0.012455
0.721546
0.774296
0.819084
0.925104
1.000000
0.012443
0.612316
0.575639
0.718231
0.724570
1.000000
0.012435
0.700382
0.120400
0.783814
0.248476
1.000000
0.012367
0.616750
0.057588
0.654842
0.111008
1.000000
0.012317
0.148546
0.694198
0.181979
0.745844
1.000000
0.012283
0.796186
0.898661
0.883044
1.007776
1.000000
0.012267
0.243948
0.692912
0.284875
0.750395
1.000000
0.012155
0.816303
0.190014
0.855333
0.241048
1.000000
0.012131
0.038584
0.480846
0.124773
0.622728
1.000000
0.012111
0.690016
0.868919
0.792923
0.998516
1.000000
0.012103
0.439265
0.664764
0.539216
0.811403
1.000000
0.012082
0.693581
0.004680
0.733774
0.051612
1.000000
0.012065
0.192010
0.602830
0.232416
0.657586
1.000000
0.012056
0.260510
0.488214
0.357893
0.630215
1.000000
0.012029
0.015862
0.490271
0.050616
0.545672
1.000000
0.011947
0.124159
0.756273
0.157462
0.809101
1.000000
0.011941
0.266912
0.644436
0.308066
0.705694
1.000000
0.011908
0.124230
0.654721
0.156580
0.707496
1.000000
0.011874
0.165008
0.479976
0.261940
0.628341
1.000000
0.011852
0.478698
0.279692
0.544337
0.360237
1.000000
0.011776
0.212532
0.530650
0.314859
0.670992
1.000000
0.011774
0.265208
0.689226
0.303258
0.745010
1.000000
0.011739
0.000674
0.946603
0.033471
0.997437
1.000000
0.011737
0.700635
0.051455
0.737891
0.106057
1.000000
0.011733
0.671063
0.126552
0.704957
0.174132
1.000000
0.011721
0.717426
0.955079
0.759627
1.000519
1.000000
0.011694
0.788345
0.223310
0.828117
0.272191
1.000000
0.011652
0.073587
0.423335
0.104586
0.473665
1.000000
0.011636
0.244466
0.647579
0.286403
0.707679
1.000000
0.011609
0.097674
0.453880
0.132159
0.510353
1.000000
0.011604
0.815393
0.224019
0.854641
0.274172
1.000000
0.011599
0.637448
0.730066
0.689099
0.793805
1.000000
0.011578
0.519473
0.565197
0.711790
0.838386
1.000000
0.011572
0.004029
0.455310
0.031905
0.509879
1.000000
0.011572
0.100486
0.558549
0.133158
0.611837
1.000000
0.011552
0.064617
0.651502
0.253121
0.960494
1.000000
0.011520
0.268950
0.556503
0.311896
0.615638
1.000000
0.011509
0.095443
0.422085
0.130456
0.477786
1.000000
0.011470
0.492288
0.641264
0.537487
0.701279
1.000000
0.011445
0.069883
0.525679
0.100723
0.576382
1.000000
0.011407
0.667228
0.026576
0.706527
0.082197
1.000000
0.011397
0.392212
0.512304
0.440526
0.581278
1.000000
0.011368
0.003987
0.717076
0.035410
0.785331
1.000000
0.011329
0.148313
0.757982
0.182379
0.808625
1.000000
0.011322
0.124512
0.691302
0.157673
0.745878
1.000000
0.011301
0.122529
0.421953
0.157938
0.482187
1.000000
0.011244
0.663732
0.526296
0.767683
0.664367
1.000000
0.011204
0.167647
0.555952
0.205907
0.611919
1.000000
0.011193
0.097841
0.624687
0.131007
0.680115
1.000000
0.011180
-0.001579
0.293934
0.059870
0.412241
1.000000
0.011175
0.164685
0.521746
0.202955
0.579815
1.000000
0.011145
0.311972
0.670966
0.412130
0.823586
1.000000
0.011145
0.040461
0.560235
0.073734
0.614289
1.000000
0.011117
0.069529
0.626469
0.101861
0.681626
1.000000
0.011000
0.070593
0.163786
0.158187
0.333208
1.000000
0.010918
0.138157
0.488346
0.176820
0.552184
1.000000
0.010910
0.122293
0.389058
0.157435
0.447933
1.000000
0.010896
0.712658
0.717958
0.757306
0.779816
1.000000
0.010879
0.459569
0.537742
0.523490
0.625400
1.000000
0.010857
0.072422
0.494492
0.102967
0.545280
1.000000
0.010837
0.097663
0.757537
0.130019
0.809153
1.000000
0.010810
0.141110
0.387727
0.177931
0.446042
1.000000
0.010789
0.069413
0.587569
0.100434
0.639901
1.000000
0.010699
0.218565
0.694113
0.256489
0.747783
1.000000
0.010682
0.689533
0.582749
0.736214
0.648259
1.000000
0.010661
0.444691
0.645914
0.488081
0.707534
1.000000
0.010660
0.637673
0.124642
0.723295
0.253164
1.000000
0.010614
0.291259
0.721190
0.327766
0.774405
1.000000
0.010592
0.216859
0.557809
0.259283
0.616077
1.000000
0.010581
0.595439
0.120994
0.633439
0.174312
1.000000
0.010569
0.555913
0.192212
0.772559
0.537925
1.000000
0.010554
0.515111
0.281465
0.629216
0.451931
1.000000
0.010530
0.586422
0.516043
0.634236
0.584777
1.000000
0.010530
0.099403
0.492188
0.132800
0.547308
1.000000
0.010515
0.518577
0.716599
0.559834
0.770840
1.000000
0.010506
0.003201
0.786081
0.035873
0.858163
1.000000
0.010499
0.096991
0.321376
0.132225
0.378059
1.000000
0.010449
0.584976
0.580216
0.635044
0.647923
1.000000
0.010448
0.745046
0.157326
0.783759
0.209964
1.000000
0.010439
0.785273
0.911735
0.835709
0.980371
1.000000
0.010430
0.004018
0.325572
0.031396
0.378249
1.000000
0.010422
0.290014
0.409692
0.385968
0.558052
1.000000
0.010419
0.609589
0.447004
0.655353
0.514117
1.000000
0.010381
0.011236
0.910794
0.054444
0.981206
1.000000
0.010339
0.814810
0.953276
0.859838
1.001530
1.000000
0.010336
0.121943
0.320112
0.157521
0.379556
1.000000
0.010334
0.074031
0.454678
0.104835
0.505915
1.000000
0.010325
0.765216
0.949955
0.810852
1.001194
1.000000
0.010321
0.014274
0.420059
0.049615
0.476672
1.000000
0.010318
0.239990
0.599914
0.284607
0.658980
1.000000
0.010311
0.335789
0.581698
0.378223
0.642600
1.000000
0.010278
0.201438
0.664549
0.725209
1.007765
1.000000
0.010255
0.547280
0.735991
0.656302
0.885125
1.000000
0.010245
0.816464
0.155216
0.857108
0.209472
1.000000
0.010203
0.198491
0.257372
0.297954
0.419266
1.000000
0.010198
0.263135
0.785085
0.300753
0.836929
1.000000
0.010180
0.723058
0.225056
0.759657
0.274370
1.000000
0.010173
0.786524
0.800491
0.875444
0.961474
1.000000
0.010148
0.388249
0.315577
0.442852
0.393118
1.000000
0.010134
0.642395
0.123621
0.678446
0.173421
1.000000
0.010120
0.784068
-0.005688
0.860830
0.095880
1.000000
0.010106
0.766824
0.154503
0.806416
0.208644
1.000000
0.010102
0.559526
0.615878
0.606748
0.686993
1.000000
0.010090
0.097151
0.691212
0.129852
0.745771
1.000000
0.010081
0.625183
0.780351
0.821184
1.020859
1.000000
0.010078
0.418808
0.578611
0.534505
0.739830
1.000000
0.010073
0.507970
0.382275
0.567076
0.465773
1.000000
0.010060
0.823114
0.361009
0.861917
0.411740
1.000000
0.010044
0.608337
0.074291
0.692214
0.208768
1.000000
0.010041
0.267482
0.598336
0.312662
0.661316
1.000000
0.010005
0.167804
0.334712
0.267713
0.489899
