1.000000
0.997579
0.279930
0.305725
0.503190
0.661927
1.000000
0.053414
0.765171
0.075321
0.809681
0.139800
1.000000
0.043137
-0.038525
0.574286
0.351675
1.082097
1.000000
0.035963
0.252080
0.475801
0.653303
1.011991
1.000000
0.033217
0.762086
0.028595
0.804944
0.088438
1.000000
0.027892
0.737798
0.672910
1.010007
1.000530
1.000000
0.027072
0.744902
0.009154
0.782218
0.053081
1.000000
0.026071
-0.014244
0.739387
0.127262
0.958395
1.000000
0.025714
0.473692
0.359065
0.560216
0.532678
1.000000
0.024233
0.017975
0.755651
0.059811
0.819413
1.000000
0.021763
0.052705
0.735783
0.152593
0.868968
1.000000
0.021380
0.655021
0.947255
0.707027
0.996982
1.000000
0.021102
0.784981
0.028701
0.828572
0.088057
1.000000
0.021036
0.823765
0.431526
0.862153
0.484246
1.000000
0.020725
0.495061
0.389689
0.539444
0.464522
1.000000
0.019454
0.064224
0.757069
0.104167
0.815440
1.000000
0.019140
0.118583
0.755282
0.157702
0.809827
1.000000
0.018698
0.719529
0.056159
0.755440
0.111473
1.000000
0.018610
0.045683
0.861896
0.151203
0.990322
1.000000
0.018567
0.720217
0.006022
0.758234
0.051411
1.000000
0.018294
0.788956
0.007351
0.827794
0.051551
1.000000
0.017651
0.458949
0.419433
0.921818
1.007960
1.000000
0.017498
0.396050
0.566487
0.523739
0.752309
1.000000
0.017483
0.091403
0.758060
0.131805
0.813979
1.000000
0.017188
0.753159
0.040235
0.834820
0.159104
1.000000
0.016868
0.797302
0.401753
0.882058
0.526567
1.000000
0.016671
0.006960
0.700728
0.086635
0.834809
1.000000
0.016619
0.004353
0.724686
0.035374
0.780321
1.000000
0.016573
0.013593
0.813795
0.057973
0.883267
1.000000
0.016136
0.314215
0.537421
0.372444
0.619545
1.000000
0.015731
0.617191
0.952977
0.667046
0.999018
1.000000
0.015542
0.641644
0.896497
0.752420
1.001080
1.000000
0.015439
0.115735
0.728501
0.209176
0.848652
1.000000
0.015180
0.748556
0.052239
0.791865
0.114417
1.000000
0.015108
0.721123
0.027307
0.759769
0.083153
1.000000
0.015094
0.682565
0.684962
0.805112
0.832469
1.000000
0.015033
0.042197
0.735564
0.079712
0.788294
1.000000
0.014802
0.783966
0.108257
0.828167
0.168566
1.000000
0.014795
0.462675
0.952858
0.507201
0.998014
1.000000
0.014725
0.001079
0.945576
0.035712
0.995615
1.000000
0.014664
0.307091
0.522729
0.431791
0.701642
1.000000
0.014450
0.364845
0.656557
0.483713
0.818226
1.000000
0.014058
0.593115
0.956973
0.639429
1.000746
1.000000
0.014007
0.607430
0.689359
0.726239
0.824547
1.000000
0.013947
0.038255
0.781833
0.078069
0.843031
1.000000
0.013848
0.806774
0.057134
0.846734
0.114884
1.000000
0.013839
0.141266
0.752835
0.184168
0.809221
1.000000
0.013701
0.012579
0.918784
0.059594
0.984216
1.000000
0.013601
0.354788
0.569689
0.414888
0.653895
1.000000
0.013556
0.090913
0.854827
0.129886
0.914098
1.000000
0.013547
0.516127
0.954811
0.559256
0.999488
1.000000
0.013466
0.003196
0.685613
0.034000
0.742093
1.000000
0.013460
0.810783
0.117532
0.852373
0.173537
1.000000
0.013442
0.114458
0.952607
0.155927
0.998228
1.000000
0.013356
0.507246
0.854623
0.552581
0.917779
1.000000
0.013275
0.058156
0.337485
0.147138
0.480139
1.000000
0.013242
0.713811
0.956632
0.757805
1.002125
1.000000
0.013176
0.790470
0.187143
0.828980
0.237193
1.000000
0.013140
0.818237
0.478069
0.858333
0.530678
1.000000
0.013083
0.443379
0.923504
0.486990
0.980251
1.000000
0.013065
0.065558
0.614747
0.156702
0.749207
1.000000
0.013064
0.762917
0.891135
0.853573
1.004105
1.000000
0.012941
0.069996
0.422165
0.158428
0.564236
1.000000
0.012852
0.171571
0.730108
0.213099
0.783941
1.000000
0.012797
0.140761
0.452708
0.226644
0.586275
1.000000
0.012772
0.837816
0.449987
0.878812
0.507264
1.000000
0.012763
0.003946
0.789477
0.037621
0.848319
1.000000
0.012615
0.489766
0.955395
0.536803
1.001525
1.000000
0.012516
0.095794
0.655426
0.130011
0.708303
1.000000
0.012448
0.067507
0.689954
0.266608
0.957096
1.000000
0.012447
0.527810
0.335087
0.624758
0.501242
1.000000
0.012379
0.147474
0.461593
0.179972
0.515306
1.000000
0.012354
0.756754
0.675303
0.855169
0.827441
1.000000
0.012261
0.071095
0.692555
0.103695
0.742798
1.000000
0.012047
0.815182
0.188323
0.854023
0.240974
1.000000
0.012013
0.810025
0.023832
0.852205
0.081618
1.000000
0.011939
0.788051
0.153430
0.828864
0.207928
1.000000
0.011915
0.314797
0.606954
0.366864
0.682109
1.000000
0.011863
0.748668
0.116178
0.789514
0.169334
1.000000
0.011833
0.828394
0.435428
0.918461
0.576503
1.000000
0.011833
0.362587
0.649645
0.415975
0.723254
1.000000
0.011785
0.091705
0.820694
0.131642
0.880334
1.000000
0.011659
0.465610
0.901440
0.560411
1.008904
1.000000
0.011652
0.003782
0.855603
0.037284
0.915695
1.000000
0.011585
0.472482
0.854274
0.513019
0.909427
1.000000
0.011570
0.802601
0.460367
0.840920
0.510030
1.000000
0.011558
0.072466
0.653768
0.104639
0.706126
1.000000
0.011544
0.435088
0.284457
0.620462
0.596491
1.000000
0.011528
0.488749
0.430213
0.536685
0.511677
1.000000
0.011485
0.121637
0.542816
0.208795
0.678364
1.000000
0.011439
0.569584
0.833001
0.776771
1.028470
1.000000
0.011425
0.118367
0.822482
0.154315
0.876771
1.000000
0.011422
0.821916
0.403163
0.859858
0.456862
1.000000
0.011380
0.576373
0.920483
0.678313
1.009528
1.000000
0.011369
0.567858
0.683119
0.809575
0.947181
1.000000
0.011345
0.539528
0.956816
0.583792
1.000847
1.000000
0.011337
0.565351
0.958314
0.608459
1.000449
1.000000
0.011286
0.189547
0.337047
0.380948
0.635086
1.000000
0.011267
0.785463
0.685752
0.836325
0.756907
1.000000
0.011262
0.860433
0.452954
0.897825
0.509342
1.000000
0.011252
0.308303
0.474156
0.365424
0.553945
1.000000
0.011193
0.120174
0.691394
0.156040
0.742628
1.000000
0.011162
0.010557
0.219443
0.324538
0.751278
1.000000
0.011114
0.658204
0.770228
0.774631
0.920532
1.000000
0.011061
0.742005
0.103360
0.827061
0.227411
1.000000
0.011030
0.119838
0.655569
0.154545
0.706838
1.000000
0.010953
0.418158
0.410513
0.535507
0.630855
1.000000
0.010933
0.361075
0.756199
0.473453
0.920878
1.000000
0.010916
0.012864
0.883138
0.053726
0.949403
1.000000
0.010886
0.243677
0.282420
0.361690
0.463633
1.000000
0.010872
0.720556
0.277387
0.914911
0.600106
1.000000
0.010816
-0.001265
0.651770
0.064422
0.771951
1.000000
0.010668
0.145496
0.590418
0.179237
0.642863
1.000000
0.010663
0.390796
0.797315
0.571247
1.014312
1.000000
0.010657
0.117423
0.655916
0.212795
0.787053
1.000000
0.010647
0.170561
0.458806
0.204342
0.514634
1.000000
0.010614
0.292009
0.505630
0.344354
0.579555
1.000000
0.010602
0.098866
0.464613
0.129733
0.515685
1.000000
0.010597
0.788481
0.284097
0.877766
0.428472
1.000000
0.010564
0.173245
0.694962
0.211163
0.745433
1.000000
0.010453
0.065505
0.820574
0.104775
0.883235
1.000000
0.010415
0.816417
0.223131
0.855660
0.276073
1.000000
0.010355
0.815438
0.257181
0.854260
0.308893
1.000000
0.010154
0.714876
0.922784
0.759885
0.981233
1.000000
0.010140
0.314086
0.705913
0.430376
0.854539
1.000000
0.010129
0.738332
0.793493
0.846983
0.964107
1.000000
0.010103
0.963015
0.448745
0.997682
0.521731
1.000000
0.010076
0.294232
0.573556
0.343705
0.645935
1.000000
0.010025
0.717802
0.117281
0.754888
0.169837
1.000000
0.010019
0.812330
0.152816
0.854285
0.209264
1.000000
0.010010
0.143151
0.654709
0.179793
0.706821
1.000000
0.010005
0.482656
0.817389
0.575543
0.947296
