1.000000
0.927640
0.452730
0.396926
0.679028
0.781883
1.000000
0.031988
0.930397
0.439031
0.998951
0.571598
1.000000
0.027977
0.260507
0.527763
0.704644
1.017362
1.000000
0.027970
0.959849
0.510689
0.997173
0.579864
1.000000
0.021668
0.404811
0.241408
0.622142
0.581592
1.000000
0.021058
0.812656
0.580770
0.862607
0.642070
1.000000
0.020847
0.862544
0.563093
0.901342
0.614219
1.000000
0.020357
0.920489
0.521265
0.961549
0.578758
1.000000
0.020289
0.390335
0.408247
0.483297
0.574825
1.000000
0.020105
0.964339
0.582762
0.998054
0.646659
1.000000
0.019915
0.667106
0.378546
0.983740
0.974524
1.000000
0.019827
0.623098
0.404259
0.728106
0.562295
1.000000
0.019577
0.834182
0.527779
0.926036
0.652045
1.000000
0.019131
0.434309
0.239008
0.559635
0.409665
1.000000
0.019078
0.913847
0.555571
0.999383
0.718240
1.000000
0.018789
0.155325
0.744266
0.369792
1.015316
1.000000
0.018630
0.773961
0.536404
0.872795
0.652729
1.000000
0.018503
0.662740
0.340645
0.872590
0.633373
1.000000
0.018417
0.512594
0.911342
0.559272
0.974635
1.000000
0.018357
0.042953
-0.105057
0.572194
0.814392
1.000000
0.018185
0.346079
0.436448
0.441670
0.596805
1.000000
0.017941
0.764167
0.561045
0.807595
0.618162
1.000000
0.017823
0.533593
0.550994
0.659393
0.755087
1.000000
0.017706
0.709996
0.493360
0.815078
0.630285
1.000000
0.017656
0.574607
0.838707
0.775431
1.014424
1.000000
0.017263
0.916752
0.557463
0.954675
0.609714
1.000000
0.016915
0.661197
0.944732
0.717599
0.997801
1.000000
0.016724
0.410061
0.590455
0.528458
0.762487
1.000000
0.016713
0.840303
0.580799
0.885444
0.637464
1.000000
0.016670
0.677102
0.440311
0.777380
0.581483
1.000000
0.016588
0.680905
0.347758
0.774069
0.498988
1.000000
0.016423
0.910973
0.737829
0.996910
0.899068
1.000000
0.015873
0.474813
0.178819
0.619745
0.334271
1.000000
0.015857
0.867504
0.811548
0.997421
0.995698
1.000000
0.015489
0.292682
0.445922
0.392972
0.584165
1.000000
0.015434
0.219388
0.564290
0.256078
0.607570
1.000000
0.015374
0.878743
0.481832
0.972599
0.618342
1.000000
0.015357
0.811166
0.947542
0.863823
0.999443
1.000000
0.015273
0.365690
0.531660
0.472698
0.694911
1.000000
0.015152
0.765272
0.421026
0.868347
0.550857
1.000000
0.015115
0.660179
0.477573
0.706594
0.543050
1.000000
0.015087
0.791772
0.610441
0.893064
0.746811
1.000000
0.015077
0.508277
0.741163
0.616433
0.902232
1.000000
0.015011
0.912817
0.651976
1.000490
0.808065
1.000000
0.015004
0.654607
0.510542
0.759483
0.658451
1.000000
0.014903
0.964105
0.691225
0.998068
0.751572
1.000000
0.014825
0.942352
0.545328
0.986914
0.609043
1.000000
0.014722
0.963942
0.950526
1.000017
0.999692
1.000000
0.014615
0.963514
0.425649
0.998727
0.488614
1.000000
0.014508
0.516021
0.898539
0.608970
1.003584
1.000000
0.014497
0.297269
0.361593
0.478416
0.650390
1.000000
0.014302
0.867871
0.529668
0.907188
0.583637
1.000000
0.014267
0.921399
0.483195
0.963868
0.548734
1.000000
0.014261
0.705427
0.948730
0.760694
1.000651
1.000000
0.014254
0.759801
0.950458
0.810166
1.000275
1.000000
0.014199
0.416055
0.334660
0.526618
0.523146
1.000000
0.014172
0.692379
0.913719
0.810172
1.007513
1.000000
0.014003
0.567357
0.922172
0.615862
0.985102
1.000000
0.013968
0.712635
0.450444
0.755538
0.512236
1.000000
0.013877
0.739213
0.573263
0.845926
0.707170
1.000000
0.013872
0.565547
0.421561
0.784869
0.708129
1.000000
0.013858
0.508439
0.208199
0.566513
0.287181
1.000000
0.013805
0.633433
0.574932
0.684265
0.648205
1.000000
0.013751
0.001419
0.542350
0.064759
0.667478
1.000000
0.013738
0.770656
0.713065
0.868678
0.855052
1.000000
0.013689
0.461309
0.216985
0.516089
0.295459
1.000000
0.013689
0.558456
0.678528
0.613423
0.750875
1.000000
0.013547
0.896531
0.586413
0.934710
0.639113
1.000000
0.013533
0.314995
0.572113
0.427017
0.714083
1.000000
0.013479
0.371067
0.483138
0.413688
0.549820
1.000000
0.013377
0.461323
0.702830
0.574105
0.859160
1.000000
0.013305
0.588362
0.948293
0.638037
0.998547
1.000000
0.013302
0.650693
0.688909
0.762179
0.844500
1.000000
0.013302
0.238500
0.413156
0.336075
0.538334
1.000000
0.013287
0.494796
0.948479
0.538169
0.996147
1.000000
0.013236
0.271315
0.562930
0.307416
0.603804
1.000000
0.013227
0.793527
0.562814
0.840468
0.618899
1.000000
0.013221
0.683216
0.449873
0.730811
0.516551
1.000000
0.013208
0.586408
0.610720
0.644337
0.693595
1.000000
0.013160
0.292808
0.560636
0.333240
0.606625
1.000000
0.013116
0.638806
0.515004
0.686169
0.581798
1.000000
0.013083
0.941447
0.613964
0.986161
0.673704
1.000000
0.013023
0.537424
0.951958
0.584637
1.000165
1.000000
0.012920
0.681858
0.612070
0.790361
0.766588
1.000000
0.012905
0.809049
0.446343
0.912594
0.584852
1.000000
0.012818
0.686759
0.519105
0.734517
0.582148
1.000000
0.012724
0.967093
0.656582
0.999838
0.715329
1.000000
0.012653
0.316669
0.560652
0.359269
0.608298
1.000000
0.012590
0.269322
0.426084
0.303438
0.475918
1.000000
0.012587
0.775770
0.431509
0.968613
0.713774
1.000000
0.012538
0.965402
0.752447
0.998153
0.814060
1.000000
0.012509
0.594917
0.909434
0.701941
1.004553
1.000000
0.012459
0.895393
0.527342
0.934775
0.579993
1.000000
0.012424
0.964029
0.815399
0.998865
0.881899
1.000000
0.012419
0.713251
0.484149
0.756281
0.543435
1.000000
0.012382
0.816458
0.674115
0.917552
0.824611
1.000000
0.012366
0.233665
0.482428
0.454694
0.768889
1.000000
0.012323
0.245012
0.424859
0.280298
0.475562
1.000000
0.012322
0.758133
0.916867
0.863708
1.007770
1.000000
0.012205
0.793639
0.612909
0.841140
0.675407
1.000000
0.012153
0.394759
0.420807
0.436771
0.489142
1.000000
0.012111
0.764854
0.525031
0.810366
0.585794
1.000000
0.012108
0.814425
0.650197
0.860708
0.711280
1.000000
0.012095
0.762686
0.614176
0.808926
0.678674
1.000000
0.012082
0.537170
0.645371
0.589913
0.720483
1.000000
0.012062
0.241934
0.563416
0.281103
0.606556
1.000000
0.012035
0.372126
0.422141
0.410394
0.482825
1.000000
0.012026
0.197455
0.560458
0.236697
0.608151
1.000000
0.011977
0.056498
0.534616
0.164212
0.679445
1.000000
0.011974
0.392824
0.476888
0.438064
0.554732
1.000000
0.011967
0.857951
0.557487
1.006276
0.871792
1.000000
0.011934
0.791500
0.455693
0.834185
0.511397
1.000000
0.011922
0.866920
0.655590
0.909310
0.714465
1.000000
0.011893
0.862792
0.954469
0.908681
1.000573
1.000000
0.011893
0.262022
0.548806
0.373377
0.665048
1.000000
0.011882
0.515024
0.755672
0.561289
0.818263
1.000000
0.011855
0.742233
0.450650
0.785442
0.509668
1.000000
0.011849
0.967078
0.391351
1.000735
0.452998
1.000000
0.011796
0.766676
0.483552
0.810899
0.542358
1.000000
0.011785
0.916336
0.613307
0.955891
0.666927
1.000000
0.011777
0.490199
0.417198
0.540497
0.489865
1.000000
0.011726
0.866953
0.615515
0.908384
0.671659
1.000000
0.011710
0.792220
0.485289
0.835542
0.541664
1.000000
0.011694
0.237195
0.501349
0.339073
0.617810
1.000000
0.011646
0.288713
0.356084
0.381900
0.496730
1.000000
0.011643
0.270444
0.454100
0.304779
0.504574
1.000000
0.011640
0.017993
0.451936
0.055770
0.512918
1.000000
0.011623
0.296145
0.451798
0.332594
0.506367
1.000000
0.011600
0.318348
0.452901
0.355731
0.507075
1.000000
0.011593
0.792630
0.524478
0.836176
0.580587
1.000000
0.011572
0.942655
0.714594
0.988093
0.778277
1.000000
0.011561
0.501952
0.821849
0.591491
0.957586
1.000000
0.011549
0.742644
0.577960
0.792255
0.644941
1.000000
0.011538
0.161442
0.413951
0.263633
0.545721
1.000000
0.011389
0.245721
0.452221
0.281095
0.504543
1.000000
0.011363
0.562525
0.485269
0.613341
0.560438
1.000000
0.011362
0.866379
0.453647
0.905160
0.509095
1.000000
0.011357
0.518645
0.857823
0.564977
0.923125
1.000000
0.011337
0.458148
0.270970
0.518051
0.360691
1.000000
0.011326
0.815398
0.717845
0.861983
0.780790
1.000000
0.011315
0.028072
0.464306
0.226790
0.790930
1.000000
0.011306
0.738625
0.525327
0.785103
0.584914
1.000000
0.011291
0.515725
0.681620
0.569715
0.748726
1.000000
0.011254
0.436004
0.422112
0.559571
0.627991
1.000000
0.011250
0.580218
0.512468
0.633911
0.586806
1.000000
0.011247
0.000278
0.608485
0.065024
0.742837
1.000000
0.011242
0.055292
0.612202
0.163341
0.758085
1.000000
0.011228
0.814991
0.452005
0.858297
0.509278
1.000000
0.011204
0.892650
0.257514
0.931925
0.311837
1.000000
0.011163
0.841626
0.615125
0.885399
0.673601
1.000000
0.011143
0.220845
0.424111
0.256103
0.474133
1.000000
0.011136
0.161664
0.367577
0.381653
0.646969
1.000000
0.011127
0.731767
0.645158
0.834844
0.786285
1.000000
0.011120
0.434498
0.645843
0.486375
0.715695
1.000000
0.011056
0.270431
0.398620
0.304742
0.448663
1.000000
0.011008
0.318784
0.394431
0.354808
0.449397
1.000000
0.010988
0.967041
0.252844
0.998966
0.311308
1.000000
0.010951
0.867455
0.490853
0.905131
0.544433
1.000000
0.010918
0.737575
0.751363
0.785764
0.817584
1.000000
0.010881
0.736010
0.349874
0.837573
0.493954
1.000000
0.010872
0.540187
0.849460
0.588983
0.912950
1.000000
0.010852
0.319985
0.486587
0.358309
0.541547
1.000000
0.010844
0.741632
0.483744
0.786022
0.542924
1.000000
0.010844
0.002142
0.612044
0.038351
0.677004
1.000000
0.010797
0.711085
0.549071
0.760022
0.614236
1.000000
0.010790
0.347376
0.422580
0.387427
0.483016
1.000000
0.010660
0.791492
0.778123
0.890050
0.910396
1.000000
0.010658
0.695276
0.745694
0.804605
0.888987
1.000000
0.010590
0.481229
0.243030
0.539145
0.320580
1.000000
0.010573
0.364268
0.668777
0.483483
0.827221
1.000000
0.010479
0.815493
0.788652
0.861845
0.848103
1.000000
0.010449
0.538449
0.786191
0.585723
0.849347
1.000000
0.010448
0.968111
0.287237
0.999242
0.341559
1.000000
0.010434
0.537623
0.708282
0.590170
0.777256
1.000000
0.010412
0.655383
0.250004
0.760344
0.410608
1.000000
0.010410
0.619620
0.561525
0.726101
0.724266
1.000000
0.010360
0.275149
0.686167
0.401540
0.839151
1.000000
0.010358
0.897217
0.489303
0.936644
0.547126
1.000000
0.010344
0.194988
0.425250
0.231429
0.477146
1.000000
0.010335
0.514954
0.617119
0.563814
0.683122
1.000000
0.010328
0.129927
0.562107
0.353769
0.898870
1.000000
0.010325
0.540409
0.585066
0.588001
0.650890
1.000000
0.010294
0.411641
0.443556
0.457601
0.522332
1.000000
0.010288
0.560213
0.209126
0.617129
0.282567
1.000000
0.010264
0.194706
0.533621
0.232154
0.583094
1.000000
0.010262
0.115729
0.538739
0.220110
0.668072
1.000000
0.010260
0.173462
0.427687
0.207635
0.477974
1.000000
0.010238
0.705726
0.280879
0.804362
0.428555
1.000000
0.010232
0.844076
0.652494
0.886175
0.708924
1.000000
0.010212
0.188772
0.526796
0.288349
0.640609
1.000000
0.010194
0.554715
0.183983
0.688191
0.326156
1.000000
0.010176
0.469407
0.954756
0.508202
0.995958
1.000000
0.010125
0.868521
0.685842
0.911262
0.745852
1.000000
0.010113
0.295679
0.395254
0.330836
0.447746
1.000000
0.010113
0.737031
0.649800
0.788157
0.718906
1.000000
0.010103
0.603485
0.771792
0.732432
0.927649
1.000000
0.010099
0.843589
0.528269
0.886526
0.583038
1.000000
0.010097
0.969113
0.358243
1.000599
0.415085
1.000000
0.010025
0.895010
0.616993
0.933122
0.669608
1.000000
0.010014
0.462870
0.585123
0.511063
0.649106
1.000000
0.010005
0.196698
0.399306
0.231008
0.449192
