1.000000
0.133665
0.335560
0.464895
0.728819
1.005872
1.000000
0.058056
0.653297
0.415460
1.035473
1.093888
1.000000
0.047807
0.029007
0.486671
0.415299
1.111501
1.000000
0.038156
-0.005569
0.761153
0.259704
1.025028
1.000000
0.037135
0.376348
0.521759
0.608675
0.779081
1.000000
0.036807
0.361342
0.375878
0.565189
0.602175
1.000000
0.035707
0.399488
0.503896
0.537340
0.650545
1.000000
0.023918
0.425837
0.574670
0.551241
0.710947
1.000000
0.023094
0.165355
0.954667
0.211603
0.995765
1.000000
0.022528
0.338205
0.550141
0.461929
0.696191
1.000000
0.022497
0.783945
0.522789
0.870884
0.633546
1.000000
0.021878
0.811030
0.552403
0.852141
0.603856
1.000000
0.021551
0.299297
0.258610
0.504998
0.517148
1.000000
0.021404
0.518625
0.622150
0.632809
0.784014
1.000000
0.021112
0.012312
0.949040
0.054963
0.994593
1.000000
0.021074
0.320389
0.359344
0.357781
0.416200
1.000000
0.020988
0.554250
0.465276
0.659372
0.612989
1.000000
0.020505
0.316431
0.609631
0.425045
0.760491
1.000000
0.020046
0.963609
0.523872
0.997219
0.583588
1.000000
0.019631
0.314590
0.411735
0.420865
0.547375
1.000000
0.019053
0.541967
0.684388
0.592619
0.748088
1.000000
0.018703
0.316589
0.486246
0.426456
0.621996
1.000000
0.018703
0.291483
0.323901
0.385236
0.457013
1.000000
0.018356
0.433487
0.582136
0.493023
0.653737
1.000000
0.017973
0.410293
0.549391
0.470621
0.618352
1.000000
0.017957
0.213463
0.957123
0.258317
0.998537
1.000000
0.017904
0.142529
0.957999
0.187342
0.998074
1.000000
0.017795
0.773141
0.549757
0.812272
0.602624
1.000000
0.017726
0.465389
0.473418
0.589151
0.631248
1.000000
0.017683
0.386962
0.523906
0.439792
0.587451
1.000000
0.017459
0.221769
0.394740
0.315407
0.517954
1.000000
0.017380
0.482166
0.380098
0.613452
0.534713
1.000000
0.017201
0.002469
0.584223
0.035170
0.644126
1.000000
0.017154
0.117707
0.960145
0.160005
0.999166
1.000000
0.017025
0.117318
0.387372
0.218264
0.524157
1.000000
0.017022
0.341603
0.250068
0.441192
0.391519
1.000000
0.017010
0.182820
0.024679
0.631158
0.626392
1.000000
0.016930
-0.000119
0.549251
0.060829
0.660659
1.000000
0.016922
0.940573
0.550722
0.986293
0.609883
1.000000
0.016879
0.174147
0.394737
0.209283
0.446978
1.000000
0.016835
0.389586
0.579210
0.443800
0.647681
1.000000
0.016831
0.003284
0.922869
0.039182
0.981821
1.000000
0.016521
0.366453
0.485850
0.411602
0.545228
1.000000
0.016445
0.387530
0.480418
0.441179
0.550574
1.000000
0.016383
0.961771
0.946661
0.999544
0.997840
1.000000
0.016353
0.194935
0.396538
0.228983
0.446371
1.000000
0.016326
0.272093
0.390430
0.307465
0.440822
1.000000
0.016268
0.585695
0.657862
0.633005
0.721791
1.000000
0.016253
0.337396
0.449106
0.386069
0.514494
1.000000
0.016245
0.145109
0.906545
0.240838
0.997393
1.000000
0.016186
0.528754
0.324612
0.640622
0.467067
1.000000
0.016179
0.937321
0.428152
1.002146
0.557632
1.000000
0.016087
0.406983
0.442769
0.469053
0.522197
1.000000
0.016077
0.411284
0.347575
0.466579
0.427746
1.000000
0.016026
0.342915
0.225507
0.380179
0.277345
1.000000
0.016012
0.459827
0.618590
0.513543
0.684557
1.000000
0.015880
0.171264
0.391521
0.264635
0.516551
1.000000
0.015878
0.488262
0.653271
0.534911
0.710764
1.000000
0.015740
0.546800
0.687504
0.648651
0.860472
1.000000
0.015734
0.339210
0.354686
0.383056
0.419553
1.000000
0.015702
0.967253
0.488799
0.998943
0.549695
1.000000
0.015631
0.453208
0.547723
0.515772
0.620272
1.000000
0.015496
0.016205
0.391127
0.057161
0.449294
1.000000
0.015411
0.052849
0.397410
0.160386
0.535234
1.000000
0.015402
0.611749
0.477663
0.708440
0.615210
1.000000
0.015343
0.367436
0.548746
0.417161
0.611973
1.000000
0.015312
0.343286
0.522059
0.389145
0.578356
1.000000
0.015276
0.584747
0.616624
0.637748
0.686338
1.000000
0.015266
0.367137
0.351426
0.410326
0.416838
1.000000
0.015235
0.300484
0.674282
0.389946
0.827664
1.000000
0.015090
0.271510
0.551224
0.377134
0.692593
1.000000
0.015074
0.552501
0.560488
0.745488
0.854124
1.000000
0.015011
0.267958
0.437446
0.363129
0.571269
1.000000
0.014992
0.293807
0.449226
0.334358
0.508079
1.000000
0.014988
0.146945
0.393136
0.183245
0.445598
1.000000
0.014947
0.602997
0.613456
0.699569
0.761627
1.000000
0.014937
0.366287
0.283681
0.407319
0.345077
1.000000
0.014914
0.292690
0.387594
0.332462
0.442624
1.000000
0.014866
0.242395
0.557895
0.282531
0.606604
1.000000
0.014818
0.220037
0.393932
0.255453
0.445200
1.000000
0.014789
0.267965
0.557551
0.306580
0.605041
1.000000
0.014755
0.544897
0.700099
0.931008
1.004789
1.000000
0.014735
0.342542
0.483784
0.387912
0.543765
1.000000
0.014719
0.496640
0.444317
0.693213
0.747464
1.000000
0.014601
0.192716
0.918540
0.284144
1.004557
1.000000
0.014562
0.319709
0.484493
0.359503
0.538735
1.000000
0.014476
0.221143
0.425801
0.256302
0.477293
1.000000
0.014456
0.797053
0.624050
0.886531
0.756782
1.000000
0.014436
0.341502
0.553019
0.391205
0.614850
1.000000
0.014358
0.272169
0.361111
0.307021
0.412196
1.000000
0.014312
0.001165
0.491001
0.069904
0.605931
1.000000
0.014280
0.339140
0.584025
0.390994
0.653390
1.000000
0.014273
0.920422
0.581787
0.959792
0.634860
1.000000
0.014254
0.194882
0.440083
0.287039
0.573468
1.000000
0.014214
0.508192
0.516169
0.562647
0.586984
1.000000
0.014170
0.456750
0.350405
0.515458
0.428235
1.000000
0.014164
0.313371
0.748261
0.357944
0.814170
1.000000
0.014100
0.868141
0.555750
0.904114
0.603589
1.000000
0.014099
0.271016
0.452500
0.306572
0.503731
1.000000
0.014063
0.963653
0.581628
0.999347
0.644953
1.000000
0.014029
0.575691
0.557899
0.671532
0.703605
1.000000
0.014017
0.267447
0.956279
0.310050
0.997964
1.000000
0.014010
0.360340
0.612891
0.415989
0.686830
1.000000
0.013890
0.965439
0.419683
0.996945
0.477528
1.000000
0.013839
0.323381
0.286378
0.358103
0.340805
1.000000
0.013839
0.416845
0.610764
0.470335
0.678762
1.000000
0.013797
0.966714
0.453408
0.999390
0.517114
1.000000
0.013783
0.431435
0.516117
0.494780
0.592569
1.000000
0.013763
0.727453
0.515603
0.821715
0.634052
1.000000
0.013739
0.288520
0.554986
0.332573
0.608802
1.000000
0.013726
0.294505
0.486339
0.332492
0.540574
1.000000
0.013723
0.390066
0.411941
0.445274
0.490357
1.000000
0.013708
0.065918
0.959443
0.106805
0.999621
1.000000
0.013698
0.090788
0.960314
0.133546
0.999727
1.000000
0.013689
0.301167
0.210534
0.389734
0.345056
1.000000
0.013685
0.558262
0.659800
0.609905
0.728105
1.000000
0.013654
0.817869
0.655580
0.858504
0.711912
1.000000
0.013635
0.269907
0.532762
0.307337
0.580262
1.000000
0.013632
0.222424
0.452788
0.257409
0.504683
1.000000
0.013624
0.247221
0.392612
0.282516
0.443117
1.000000
0.013617
0.467357
0.657856
0.582218
0.801095
1.000000
0.013555
0.314730
0.648122
0.364378
0.717667
1.000000
0.013515
0.867073
0.528824
0.902777
0.577875
1.000000
0.013455
0.735058
0.550745
0.933087
0.864000
1.000000
0.013455
0.290198
0.529295
0.330820
0.580190
1.000000
0.013424
0.915581
0.528913
0.997869
0.671002
1.000000
0.013411
0.455597
0.443183
0.518519
0.523821
1.000000
0.013399
0.385173
0.639422
0.501708
0.789764
1.000000
0.013339
0.790771
0.537858
0.832632
0.588323
1.000000
0.013281
0.245825
0.452748
0.281078
0.505074
1.000000
0.013269
0.584671
0.479910
0.637691
0.547693
1.000000
0.013235
0.325130
0.250724
0.359252
0.305197
1.000000
0.013152
0.002590
0.655410
0.033542
0.709993
1.000000
0.013110
0.840066
0.518454
0.931636
0.643974
1.000000
0.013094
0.321159
0.326802
0.357282
0.385135
1.000000
0.013084
0.136574
0.834473
0.321203
1.029809
1.000000
0.013063
0.244357
0.357914
0.442080
0.636889
1.000000
0.013039
0.318875
0.426283
0.359872
0.482871
1.000000
0.013029
0.146206
0.423060
0.183723
0.478522
1.000000
0.012980
0.845839
0.534178
0.881384
0.578911
1.000000
0.012950
0.315303
0.555850
0.360279
0.611347
1.000000
0.012947
0.144942
0.453628
0.181292
0.508109
1.000000
0.012884
0.666893
0.516356
0.765837
0.647999
1.000000
0.012865
0.391129
0.323936
0.439259
0.390091
1.000000
0.012847
0.751422
0.528620
0.789492
0.578851
1.000000
0.012835
0.171314
0.452747
0.206938
0.506626
1.000000
0.012829
0.316446
0.525318
0.359230
0.578309
1.000000
0.012780
0.577301
0.393839
0.670857
0.533149
1.000000
0.012776
0.560109
0.586184
0.614634
0.657515
1.000000
0.012769
0.818115
0.687789
0.858663
0.745158
1.000000
0.012716
0.195052
0.422280
0.230556
0.475040
1.000000
0.012705
0.506624
0.619199
0.562335
0.689281
1.000000
0.012699
0.967326
0.619382
0.999712
0.675932
1.000000
0.012699
0.054765
0.472650
0.158038
0.610384
1.000000
0.012635
0.240006
0.489133
0.334011
0.614210
1.000000
0.012600
0.869919
0.589481
0.907675
0.641238
1.000000
0.012592
0.613493
0.514884
0.658313
0.579815
1.000000
0.012573
0.002077
0.522415
0.037139
0.584986
1.000000
0.012527
0.432432
0.373822
0.498362
0.460534
1.000000
0.012507
0.605916
0.745311
0.692471
0.887286
1.000000
0.012493
0.871900
0.814679
1.002480
1.002974
1.000000
0.012481
0.338566
0.720300
0.383835
0.782331
1.000000
0.012419
0.966164
0.691994
0.998413
0.749993
1.000000
0.012332
0.640174
0.518390
0.681651
0.577878
1.000000
0.012314
0.583430
0.290085
0.680498
0.423634
1.000000
0.012309
0.143228
0.485853
0.237076
0.611264
1.000000
0.012283
0.670947
0.711547
0.761659
0.859521
1.000000
0.012261
0.119716
0.392025
0.156965
0.447103
1.000000
0.012258
0.587951
0.551978
0.638820
0.620496
1.000000
0.012225
0.241558
0.956026
0.287466
0.999002
1.000000
0.012212
0.642156
0.586170
0.684785
0.646110
1.000000
0.012194
0.089610
0.923383
0.183351
1.009645
1.000000
0.012189
0.667847
0.956560
0.709027
0.999629
1.000000
0.012155
0.722988
0.713916
0.811472
0.854597
1.000000
0.012123
0.291150
0.584650
0.334891
0.645146
1.000000
0.012112
0.119210
0.424866
0.156758
0.480708
1.000000
0.012101
-0.003294
0.245363
0.307669
0.745789
1.000000
0.012098
0.008142
0.367433
0.092908
0.491814
1.000000
0.012087
0.608672
0.885637
0.703158
0.999613
1.000000
0.012068
0.366149
0.420679
0.412641
0.485370
1.000000
0.012065
0.914500
0.681803
0.999954
0.848771
1.000000
0.012028
0.665491
0.584918
0.709682
0.645297
1.000000
0.012019
0.631589
0.431767
0.832500
0.716245
1.000000
0.012013
0.196303
0.451925
0.231624
0.505748
1.000000
0.012012
0.640985
0.582513
0.734506
0.719706
1.000000
0.012004
0.405686
0.312776
0.534221
0.466040
1.000000
0.011977
0.436349
0.326460
0.490433
0.394575
1.000000
0.011971
0.345473
0.284317
0.384745
0.345439
1.000000
0.011958
0.010333
0.821191
0.051349
0.879848
1.000000
0.011944
0.719031
0.525732
0.756958
0.578483
1.000000
0.011941
0.837256
0.585238
0.936895
0.732334
1.000000
0.011912
0.640147
0.485950
0.680823
0.543658
1.000000
0.011899
0.483223
0.584832
0.536478
0.653939
1.000000
0.011868
0.192713
0.558901
0.231875
0.605561
1.000000
0.011817
0.272364
0.489290
0.306569
0.537836
1.000000
0.011816
0.365606
0.720925
0.408125
0.781293
1.000000
0.011795
0.001871
0.617562
0.034322
0.673446
1.000000
0.011785
0.003047
0.723742
0.034715
0.779567
1.000000
0.011757
0.815853
0.580318
0.854716
0.634982
1.000000
0.011737
0.220977
0.559436
0.258467
0.604120
1.000000
0.011731
0.743441
0.586677
0.832762
0.720675
1.000000
0.011664
0.066680
0.449734
0.107334
0.509751
1.000000
0.011662
0.172528
0.560007
0.209022
0.605053
1.000000
0.011641
0.895670
0.589561
0.931496
0.636660
1.000000
0.011638
0.040227
0.957502
0.083447
0.999433
1.000000
0.011608
0.920943
0.532475
0.960602
0.585034
1.000000
0.011577
0.644167
0.778983
0.731057
0.914695
1.000000
0.011572
0.248996
0.680541
0.339704
0.830640
1.000000
0.011524
0.008872
0.852388
0.050180
0.909974
1.000000
0.011499
0.297562
0.722137
0.337718
0.782181
1.000000
0.011498
0.585094
0.420582
0.636886
0.490491
1.000000
0.011457
0.223839
0.359309
0.256932
0.408736
1.000000
0.011441
0.214636
0.545783
0.309006
0.677307
1.000000
0.011342
0.664036
0.519478
0.708273
0.581285
1.000000
0.011300
0.561666
0.708542
0.607266
0.767637
1.000000
0.011298
0.003446
0.420163
0.037465
0.477632
1.000000
0.011296
0.772706
0.678622
0.860238
0.818699
1.000000
0.011283
0.478585
0.377038
0.544139
0.458831
1.000000
0.011250
0.718892
0.556107
0.757957
0.609743
1.000000
0.011242
0.093649
0.391464
0.129444
0.445203
1.000000
0.011239
0.967143
0.655787
0.999533
0.714280
1.000000
0.011227
0.795208
0.656271
0.833146
0.710034
1.000000
0.011224
0.609781
0.687564
0.652940
0.747825
1.000000
0.011209
0.174021
0.361418
0.207693
0.411125
1.000000
0.011206
0.693016
0.521329
0.734718
0.577714
1.000000
0.011188
0.068205
0.391991
0.105639
0.447636
1.000000
0.011147
0.611318
0.585456
0.656833
0.651022
1.000000
0.011143
0.587978
0.713357
0.632352
0.772804
1.000000
0.011143
0.868879
0.688349
0.908469
0.742349
1.000000
0.011125
0.392300
0.722971
0.433533
0.778184
1.000000
0.011117
0.362190
0.225662
0.402165
0.279659
1.000000
0.011116
0.867411
0.656576
0.907855
0.712730
1.000000
0.011062
0.010450
0.754357
0.051688
0.814622
1.000000
0.011054
0.091313
0.453230
0.130087
0.510685
1.000000
0.011046
0.012230
0.792092
0.051788
0.847713
1.000000
0.011001
0.172166
0.488188
0.208404
0.540355
1.000000
0.010986
0.715375
0.957789
0.759208
1.000521
1.000000
0.010864
0.897045
0.560588
0.934109
0.607405
1.000000
0.010861
0.819161
0.464309
0.911324
0.592210
1.000000
0.010832
0.193054
0.532465
0.230423
0.580013
1.000000
0.010812
0.818369
0.626868
0.858015
0.680421
1.000000
0.010810
0.500045
0.255435
0.710234
0.529898
1.000000
0.010809
0.001811
0.690173
0.034124
0.746272
1.000000
0.010766
0.445267
0.645198
0.489871
0.700950
1.000000
0.010763
0.005100
0.904731
0.083464
0.998369
1.000000
0.010747
0.514922
0.257510
0.621497
0.392726
1.000000
0.010727
0.851535
0.605371
1.007762
0.934108
1.000000
0.010714
0.564547
0.348419
0.615272
0.417282
1.000000
0.010703
0.567537
0.901439
0.647998
1.001743
1.000000
0.010665
0.295351
0.329042
0.330742
0.383927
1.000000
0.010651
0.515269
0.683158
0.565397
0.744133
1.000000
0.010645
0.608618
0.452768
0.656380
0.520668
1.000000
0.010636
0.003044
0.453481
0.037320
0.513981
1.000000
0.010611
0.691198
0.641871
0.780447
0.788794
1.000000
0.010602
0.344273
0.321172
0.385340
0.383133
1.000000
0.010600
0.642082
0.655118
0.681017
0.712224
1.000000
0.010549
0.868499
0.621669
0.908456
0.676042
1.000000
0.010539
0.222671
0.487191
0.257650
0.537219
1.000000
0.010513
0.390316
0.285143
0.435590
0.349045
1.000000
0.010482
0.039281
0.392901
0.078979
0.447929
1.000000
0.010448
0.612897
0.954742
0.653529
0.997793
1.000000
0.010446
0.793340
0.577298
0.831420
0.631007
1.000000
0.010444
0.015670
0.358958
0.054665
0.416284
1.000000
0.010434
0.388943
0.249657
0.433824
0.314183
1.000000
0.010426
0.664103
0.455684
0.705192
0.514293
1.000000
0.010343
0.172205
0.530552
0.209182
0.579008
1.000000
0.010334
0.296672
0.756041
0.391114
0.914785
1.000000
0.010320
0.506580
0.446035
0.565313
0.524425
1.000000
0.010311
0.535494
0.353488
0.588344
0.423215
1.000000
0.010280
0.771602
0.722415
0.810619
0.781531
1.000000
0.010263
0.220442
0.532176
0.258322
0.579996
1.000000
0.010259
0.146848
0.332257
0.237999
0.462366
1.000000
0.010252
0.247047
0.359913
0.281487
0.410478
1.000000
0.010252
0.294910
0.622206
0.339190
0.685031
1.000000
0.010252
0.614199
0.720586
0.652724
0.776424
1.000000
0.010250
0.390222
0.647918
0.435934
0.708531
1.000000
0.010236
0.962830
0.751370
0.998715
0.817447
1.000000
0.010235
0.669440
0.653845
0.707848
0.709587
1.000000
0.010198
0.198744
0.332714
0.288398
0.459345
1.000000
0.010192
0.245261
0.488002
0.280124
0.537993
1.000000
0.010184
0.419446
0.648602
0.462887
0.706546
1.000000
0.010183
0.839372
0.655600
0.880918
0.710621
1.000000
0.010160
0.483865
0.325898
0.536633
0.391623
1.000000
0.010153
0.144503
0.529709
0.181197
0.577576
1.000000
0.010129
0.267111
0.656082
0.307532
0.711724
1.000000
0.010115
0.591123
0.754333
0.632816
0.811220
1.000000
0.010106
0.640034
0.619672
0.682920
0.681087
1.000000
0.010102
0.092554
0.526143
0.130724
0.579319
1.000000
0.010028
0.068887
0.556805
0.107723
0.608185
1.000000
0.010004
0.815241
0.719539
0.857173
0.778645
1.000000
0.010004
0.268890
0.789712
0.307205
0.840553
