1.000000
0.170102
0.346767
0.518251
0.622150
0.928837
1.000000
0.059715
0.399503
0.576941
0.534244
0.803730
1.000000
0.028844
0.732968
0.491863
1.007796
1.046151
1.000000
0.027210
0.931021
0.438833
0.999609
0.569240
1.000000
0.026204
0.520167
0.622794
0.627912
0.761767
1.000000
0.023538
0.961047
0.513235
0.997716
0.580414
1.000000
0.023280
0.518389
0.853585
0.564681
0.914077
1.000000
0.022835
0.659443
0.942082
0.716787
0.995148
1.000000
0.022256
0.387362
0.647005
0.440918
0.722590
1.000000
0.022214
0.862996
0.587923
0.902113
0.639973
1.000000
0.021168
0.764608
0.580771
0.808243
0.640725
1.000000
0.020712
0.329745
0.356209
0.544079
0.726992
1.000000
0.020591
0.298920
0.103930
0.780881
0.806255
1.000000
0.020574
0.812255
0.585042
0.857089
0.641679
1.000000
0.020400
0.916746
0.559291
0.956237
0.611122
1.000000
0.020061
0.481433
0.871455
0.584002
0.987509
1.000000
0.019565
0.580211
0.648881
0.633081
0.715431
1.000000
0.019524
0.294770
0.418680
0.383414
0.556332
1.000000
0.019108
0.422697
0.741773
0.824898
1.010730
1.000000
0.019010
0.318393
0.543374
0.415735
0.688454
1.000000
0.018835
0.360766
0.491190
0.464991
0.653654
1.000000
0.018734
0.101618
0.788076
0.299217
1.025753
1.000000
0.018371
0.916960
0.497987
0.995549
0.641523
1.000000
0.018334
0.837210
0.530069
0.927528
0.654219
1.000000
0.018260
0.749092
0.549398
0.841307
0.665104
1.000000
0.018227
0.509565
0.951037
0.559050
0.997774
1.000000
0.018181
0.964026
0.582598
0.997928
0.645566
1.000000
0.018021
0.454797
0.643292
0.512936
0.730074
1.000000
0.017847
0.554120
0.569720
0.652334
0.703042
1.000000
0.017727
0.439392
0.586722
0.489216
0.662358
1.000000
0.017594
0.240141
0.411671
0.336753
0.547416
1.000000
0.017570
0.918333
0.526201
0.960170
0.583413
1.000000
0.017343
0.352198
0.150542
0.590226
0.401872
1.000000
0.017115
0.498776
0.741060
0.615590
0.898193
1.000000
0.017037
0.474091
0.553157
0.589056
0.735159
1.000000
0.017030
0.486096
0.650113
0.540076
0.729026
1.000000
0.016885
0.633388
0.430430
0.833082
0.727436
1.000000
0.016808
0.613971
0.950628
0.665585
0.997482
1.000000
0.016585
0.476167
0.620969
0.710549
0.900603
1.000000
0.016551
0.389168
0.588724
0.435906
0.658373
1.000000
0.016524
0.560116
0.485875
0.654820
0.624922
1.000000
0.016412
0.619228
0.907482
0.735350
0.999536
1.000000
0.016260
0.602390
0.682248
0.720949
0.828177
1.000000
0.015922
0.499012
0.414145
0.702822
0.729799
1.000000
0.015918
0.481782
0.922930
0.536939
0.987014
1.000000
0.015910
0.608547
0.622817
0.654239
0.681256
1.000000
0.015888
0.789552
0.497169
0.886752
0.626505
1.000000
0.015863
0.670158
0.411648
0.762147
0.532596
1.000000
0.015695
0.359281
0.603453
0.467113
0.764027
1.000000
0.015652
0.450543
0.695765
0.567662
0.868847
1.000000
0.015623
0.534269
0.906568
0.645612
1.007233
1.000000
0.015599
0.617065
0.406959
0.707960
0.541560
1.000000
0.015534
0.868727
0.532028
0.906341
0.582211
1.000000
0.015532
0.152248
0.410459
0.259569
0.547138
1.000000
0.015496
0.669013
0.523075
0.774215
0.654806
1.000000
0.015479
0.795872
0.606589
0.892245
0.744669
1.000000
0.015412
0.689881
0.583586
0.793676
0.716904
1.000000
0.015087
0.268516
0.493221
0.367925
0.628812
1.000000
0.015040
0.531970
0.705066
0.586181
0.777561
1.000000
0.015025
0.041998
-0.066993
0.559221
0.753299
1.000000
0.014906
0.845964
0.567804
0.886868
0.617302
1.000000
0.014836
0.563052
0.625777
0.614560
0.693191
1.000000
0.014823
0.487858
0.586460
0.534686
0.657329
1.000000
0.014796
0.480821
0.700154
0.542426
0.789802
1.000000
0.014775
0.704473
0.950400
0.756880
0.998984
1.000000
0.014516
0.322580
0.486439
0.361453
0.543361
1.000000
0.014499
0.812797
0.416323
0.908031
0.546945
1.000000
0.014378
0.218141
0.563824
0.255490
0.610591
1.000000
0.014368
0.387844
0.408293
0.498940
0.563080
1.000000
0.014358
0.938672
0.547756
0.985791
0.611535
1.000000
0.014318
0.667377
0.450554
0.706879
0.504611
1.000000
0.014290
0.535720
0.954473
0.585101
1.000105
1.000000
0.014280
0.515232
0.621922
0.561512
0.691394
1.000000
0.014224
0.364471
0.455932
0.406312
0.513358
1.000000
0.014218
0.066374
0.418439
0.178234
0.558620
1.000000
0.014177
0.556049
0.671255
0.613021
0.745867
1.000000
0.014168
0.166428
0.362624
0.371035
0.661033
1.000000
0.014141
0.387784
0.551170
0.434504
0.618030
1.000000
0.014132
0.564265
0.954602
0.611781
0.999240
1.000000
0.014080
0.963082
0.426031
0.998413
0.487575
1.000000
0.014063
0.549209
0.709776
0.667045
0.859002
1.000000
0.014011
0.725600
0.369622
0.925716
0.662386
1.000000
0.014009
0.614017
0.520193
0.707545
0.648205
1.000000
0.013959
0.342618
0.488597
0.382699
0.546191
1.000000
0.013940
0.866703
0.616512
0.905827
0.669451
1.000000
0.013915
0.017459
0.421905
0.056082
0.481346
1.000000
0.013851
0.510658
0.784499
0.558764
0.849829
1.000000
0.013814
0.081875
0.623443
0.504721
1.031024
1.000000
0.013679
0.363294
0.585301
0.411002
0.653678
1.000000
0.013614
0.516588
0.585516
0.561959
0.654016
1.000000
0.013593
0.641857
0.452769
0.683331
0.509617
1.000000
0.013577
0.509874
0.674412
0.565378
0.756261
1.000000
0.013574
0.794655
0.566605
0.838114
0.617258
1.000000
0.013504
0.409188
0.617039
0.465661
0.695967
1.000000
0.013485
0.317340
0.666572
0.428433
0.819447
1.000000
0.013457
0.910653
0.603516
0.999401
0.771542
1.000000
0.013457
0.715226
0.445067
0.813443
0.573851
1.000000
0.013414
0.746307
0.560118
0.791210
0.616332
1.000000
0.013411
0.688464
0.687898
0.738235
0.752995
1.000000
0.013387
0.363990
0.488314
0.406448
0.547840
1.000000
0.013368
0.410749
0.704265
0.468414
0.784390
1.000000
0.013345
0.465574
0.556356
0.508727
0.623904
1.000000
0.013260
0.361463
0.550810
0.407372
0.613428
1.000000
0.013233
0.640872
0.521957
0.681310
0.574159
1.000000
0.013230
0.270922
0.561754
0.308739
0.606993
1.000000
0.013214
0.714872
0.580801
0.763392
0.645797
1.000000
0.013194
0.811734
0.948597
0.863143
0.999374
1.000000
0.013140
0.242397
0.561550
0.282018
0.608816
1.000000
0.013110
0.588671
0.594085
0.635447
0.652231
1.000000
0.013092
0.369774
0.622210
0.414358
0.686357
1.000000
0.013062
0.008190
0.421375
0.092719
0.558126
1.000000
0.013056
0.683716
0.915118
0.804176
1.009508
1.000000
0.013026
0.294655
0.558910
0.335511
0.609256
1.000000
0.012909
0.609171
0.682520
0.656554
0.743548
1.000000
0.012880
0.004056
0.388739
0.033892
0.444302
1.000000
0.012865
0.209603
0.546693
0.318101
0.666409
1.000000
0.012827
0.762289
0.953370
0.809144
1.000029
1.000000
0.012826
0.714485
0.451533
0.755619
0.503995
1.000000
0.012808
0.319711
0.454150
0.359306
0.512065
1.000000
0.012780
0.868328
0.493508
0.904507
0.543754
1.000000
0.012780
0.412730
0.552694
0.460595
0.621076
1.000000
0.012771
0.866196
0.454749
0.903961
0.507233
1.000000
0.012722
0.683236
0.659239
0.782333
0.795948
1.000000
0.012719
0.433651
0.485731
0.543596
0.663605
1.000000
0.012698
0.600498
0.593172
0.705929
0.722548
1.000000
0.012610
0.341928
0.455902
0.383655
0.515475
1.000000
0.012590
0.919843
0.484163
0.962494
0.546910
1.000000
0.012589
0.652624
0.718912
0.759755
0.862243
1.000000
0.012584
0.764880
0.615276
0.807105
0.674254
1.000000
0.012512
0.338546
0.552225
0.382610
0.611998
1.000000
0.012391
0.714795
0.618525
0.762017
0.681046
1.000000
0.012383
0.242538
0.480799
0.441158
0.771212
1.000000
0.012371
0.586540
0.712208
0.634336
0.774982
1.000000
0.012367
0.717910
0.527748
0.761858
0.582837
1.000000
0.012211
0.169540
0.425405
0.204684
0.476312
1.000000
0.012163
0.268442
0.570373
0.373416
0.708308
1.000000
0.012123
0.965888
0.692464
0.998201
0.750391
1.000000
0.012057
0.897905
0.588247
0.935940
0.638288
1.000000
0.012007
0.460160
0.735271
0.520026
0.817338
1.000000
0.011944
0.868217
0.566978
0.964804
0.708701
1.000000
0.011934
0.244087
0.451838
0.282333
0.507774
1.000000
0.011918
0.295245
0.448843
0.337078
0.508036
1.000000
0.011863
0.895945
0.529230
0.933907
0.578737
1.000000
0.011800
0.325585
0.243284
0.443934
0.398610
1.000000
0.011798
0.940435
0.614802
0.985614
0.673452
1.000000
0.011795
0.663487
0.521448
0.705725
0.574677
1.000000
0.011736
0.843328
0.616029
0.885091
0.671163
1.000000
0.011702
0.193502
0.450796
0.230264
0.504934
1.000000
0.011694
0.316995
0.423280
0.356180
0.480835
1.000000
0.011641
0.270238
0.423484
0.308031
0.476786
1.000000
0.011635
0.194560
0.559880
0.234688
0.610886
1.000000
0.011625
0.413389
0.217946
0.467925
0.292506
1.000000
0.011585
0.319515
0.341404
0.420609
0.498907
1.000000
0.011554
0.859292
0.807442
1.003858
1.003348
1.000000
0.011527
0.642628
0.352189
0.734501
0.493342
1.000000
0.011503
0.218789
0.452594
0.255234
0.506263
1.000000
0.011482
0.209439
0.721891
0.332487
0.878445
1.000000
0.011428
0.604528
0.275417
0.702602
0.427658
1.000000
0.011415
0.739256
0.615625
0.833093
0.745588
1.000000
0.011371
-0.001754
0.349069
0.064750
0.467935
1.000000
0.011368
0.460202
0.217311
0.514152
0.289309
1.000000
0.011336
0.966717
0.392257
1.000499
0.452704
1.000000
0.011260
0.004563
0.455692
0.035899
0.512911
1.000000
0.011255
0.637992
0.685362
0.686742
0.747416
1.000000
0.011232
0.892914
0.261896
0.931989
0.315636
1.000000
0.011193
0.320409
0.529887
0.363092
0.588573
1.000000
0.011173
0.218731
0.423920
0.254177
0.476028
1.000000
0.011173
0.012735
0.484247
0.054813
0.551461
1.000000
0.011170
0.168072
0.451544
0.205148
0.505940
1.000000
0.011114
0.268930
0.452127
0.307822
0.506696
1.000000
0.011109
0.559241
0.222398
0.666044
0.371196
1.000000
0.011092
0.639667
0.554981
0.681167
0.607943
1.000000
0.011078
0.761395
0.917847
0.864774
1.008480
1.000000
0.011054
0.001084
0.547072
0.067206
0.671180
1.000000
0.011026
0.768738
0.488357
0.808375
0.540166
1.000000
0.011013
0.430055
0.668339
0.494973
0.759417
1.000000
0.011001
0.566685
0.553523
0.608884
0.610967
1.000000
0.010975
0.967744
0.657147
0.999407
0.714388
1.000000
0.010956
0.243403
0.531009
0.282836
0.583386
1.000000
0.010946
0.589090
0.554680
0.633346
0.611610
1.000000
0.010926
0.505914
0.741907
0.558311
0.812864
1.000000
0.010918
0.158538
0.490660
0.264379
0.620700
1.000000
0.010913
0.815648
0.530443
0.857637
0.582846
1.000000
0.010900
0.966664
0.252608
0.998879
0.310833
1.000000
0.010898
0.796519
0.614336
0.839803
0.670314
1.000000
0.010881
0.617662
0.556160
0.657215
0.609277
1.000000
0.010868
0.268945
0.530361
0.310430
0.584713
1.000000
0.010822
0.717047
0.484632
0.758028
0.537388
1.000000
0.010770
0.641686
0.485378
0.681934
0.540157
1.000000
0.010751
0.142280
0.450894
0.180797
0.507866
1.000000
0.010746
0.113373
0.543657
0.217630
0.674604
1.000000
0.010719
0.967604
0.287422
0.999096
0.341489
1.000000
0.010707
0.845735
0.531971
0.885692
0.581941
1.000000
0.010686
0.815522
0.648888
0.860225
0.707595
1.000000
0.010667
0.767173
0.455341
0.806636
0.508034
1.000000
0.010665
0.916424
0.613420
0.956095
0.665904
1.000000
0.010658
0.740164
0.653154
0.786783
0.715242
1.000000
0.010602
0.535067
0.825446
0.583091
0.890216
1.000000
0.010581
0.743983
0.533015
0.785267
0.584622
1.000000
0.010556
0.294698
0.486394
0.336969
0.546115
1.000000
0.010518
0.668407
0.555246
0.880862
0.858242
1.000000
0.010518
0.096432
0.452202
0.134808
0.509418
1.000000
0.010518
0.591893
0.929406
0.641998
0.985808
1.000000
0.010506
0.064807
0.295892
0.286261
0.597987
1.000000
0.010496
0.211235
0.359701
0.309146
0.496211
1.000000
0.010458
0.692344
0.558119
0.739921
0.614908
1.000000
0.010452
0.414639
0.760699
0.522022
0.916700
1.000000
0.010425
0.191389
0.532173
0.230802
0.584811
1.000000
0.010413
0.439668
0.523850
0.482805
0.587210
1.000000
0.010401
0.690679
0.522110
0.735982
0.576507
1.000000
0.010401
0.538483
0.790301
0.585227
0.850719
1.000000
0.010389
0.489959
0.886981
0.540139
0.949216
1.000000
0.010374
0.816765
0.452378
0.858104
0.505970
1.000000
0.010374
0.765698
0.529993
0.807842
0.584436
1.000000
0.010325
0.664184
0.555099
0.707987
0.609270
1.000000
0.010311
0.689359
0.655710
0.737569
0.717568
1.000000
0.010292
0.618559
0.523514
0.659222
0.578394
1.000000
0.010264
0.666078
0.485930
0.705736
0.539563
1.000000
0.010246
0.388704
0.455035
0.432169
0.513932
1.000000
0.010243
0.771882
0.678071
0.870090
0.821044
1.000000
0.010241
0.490068
0.818284
0.539716
0.882579
1.000000
0.010219
0.867221
0.653029
0.907552
0.709155
1.000000
0.010213
0.864568
0.429922
0.902615
0.478066
1.000000
0.010194
0.414706
0.486769
0.461015
0.550220
1.000000
0.010101
0.243618
0.487542
0.282396
0.543963
1.000000
0.010092
0.688688
0.751024
0.737748
0.816745
1.000000
0.010055
0.388235
0.490725
0.433439
0.551764
1.000000
0.010026
0.110932
0.618064
0.217901
0.754117
1.000000
0.010021
0.842333
0.450984
0.883045
0.504597
1.000000
0.010014
0.561242
0.750680
0.610854
0.815451
