1.000000
0.718585
0.345291
0.366042
0.502986
0.608794
1.000000
0.291139
0.319029
0.319009
0.685388
0.943764
1.000000
0.047400
0.717020
0.455455
1.029121
1.093922
1.000000
0.039369
0.421464
0.572002
0.518087
0.708829
1.000000
0.036278
0.463369
0.619623
0.511675
0.689220
1.000000
0.034216
0.008808
0.502463
0.360276
1.100742
1.000000
0.033179
-0.011953
0.767596
0.225751
1.022545
1.000000
0.032209
0.420216
0.481864
0.530173
0.646799
1.000000
0.031568
0.461533
0.381956
0.510527
0.457779
1.000000
0.029562
0.390327
0.296557
0.514831
0.472015
1.000000
0.029089
0.478363
0.409414
0.580710
0.566532
1.000000
0.026954
0.318992
0.311398
0.447141
0.503762
1.000000
0.025093
0.382876
0.496721
0.444294
0.584521
1.000000
0.024735
0.432264
0.443721
0.488621
0.527573
1.000000
0.024232
0.409426
0.380738
0.467149
0.464045
1.000000
0.024211
0.470089
0.546636
0.575143
0.697556
1.000000
0.024103
0.013097
0.947014
0.058283
0.994185
1.000000
0.024044
0.340247
0.448065
0.391815
0.520984
1.000000
0.023502
0.269117
0.354524
0.375478
0.499362
1.000000
0.023073
0.439027
0.582617
0.490242
0.652512
1.000000
0.022011
0.508227
0.351818
0.615614
0.506764
1.000000
0.021701
0.362489
0.472568
0.422058
0.555422
1.000000
0.021408
0.778433
0.525310
0.868354
0.635861
1.000000
0.021371
0.408406
0.539683
0.466391
0.614174
1.000000
0.021207
0.162637
0.955613
0.209713
0.997461
1.000000
0.021131
0.459197
0.544083
0.511058
0.618885
1.000000
0.021007
0.435672
0.346086
0.491247
0.426941
1.000000
0.020818
0.961079
0.549185
0.996327
0.608232
1.000000
0.020226
0.003603
0.924037
0.040528
0.983161
1.000000
0.020152
0.117034
0.958132
0.160445
0.997949
1.000000
0.019827
0.382373
0.442267
0.445494
0.532624
1.000000
0.019638
0.015423
0.388405
0.056285
0.448077
1.000000
0.019603
0.413050
0.580086
0.462970
0.645627
1.000000
0.019088
0.788709
0.552426
0.832934
0.606460
1.000000
0.019027
0.318836
0.570178
0.421620
0.723475
1.000000
0.018865
0.416691
0.614460
0.468129
0.686128
1.000000
0.018853
0.484593
0.511303
0.533384
0.585247
1.000000
0.018174
0.337968
0.382159
0.390811
0.461023
1.000000
0.018037
0.362861
0.317080
0.416938
0.396548
1.000000
0.017903
0.221600
0.388900
0.314417
0.519801
1.000000
0.017847
0.532056
0.468956
0.631716
0.621315
1.000000
0.017794
0.409046
0.317680
0.466174
0.399706
1.000000
0.017699
0.319848
0.483372
0.364557
0.543200
1.000000
0.017627
0.015141
0.358564
0.054032
0.416322
1.000000
0.017309
0.168753
0.390481
0.264683
0.519385
1.000000
0.017240
0.485738
0.445880
0.535466
0.519312
1.000000
0.017160
0.273853
0.436335
0.380078
0.585377
1.000000
0.017026
0.313041
0.219772
0.413361
0.353186
1.000000
0.016819
0.271059
0.544798
0.375855
0.690826
1.000000
0.016671
0.063533
0.957009
0.107100
0.998942
1.000000
0.016664
0.457809
0.473920
0.512260
0.559729
1.000000
0.016587
0.460094
0.323038
0.506163
0.393616
1.000000
0.016491
0.507001
0.616705
0.558346
0.683706
1.000000
0.016437
0.171385
0.392508
0.207466
0.445230
1.000000
0.016352
0.007096
0.359995
0.089478
0.483155
1.000000
0.016307
0.768602
0.532585
0.810373
0.586330
1.000000
0.016301
0.058633
0.359819
0.158573
0.488495
1.000000
0.016216
0.387371
0.343398
0.443504
0.425996
1.000000
0.016055
0.472978
0.278063
0.579528
0.433812
1.000000
0.015989
0.931484
0.527733
0.998556
0.642268
1.000000
0.015944
0.461369
0.222458
0.662068
0.546802
1.000000
0.015845
0.536816
0.283039
0.639551
0.436079
1.000000
0.015556
0.089688
0.958629
0.134308
0.998984
1.000000
0.015478
0.054801
0.435172
0.161217
0.584788
1.000000
0.015461
0.546944
0.620322
0.643630
0.786401
1.000000
0.015415
0.116690
0.921959
0.211191
1.006244
1.000000
0.015385
0.004415
0.253295
0.034370
0.310699
1.000000
0.015304
0.938798
0.429068
1.002951
0.556328
1.000000
0.015293
0.108747
0.004591
0.532048
0.655960
1.000000
0.015246
0.214986
0.956629
0.259578
1.000282
1.000000
0.015098
0.147579
0.393976
0.183184
0.444799
1.000000
0.014897
0.351790
0.488879
0.534448
0.815078
1.000000
0.014883
0.189575
0.886261
0.291485
0.996843
1.000000
0.014814
0.668433
0.513406
0.768867
0.649750
1.000000
0.014802
0.922966
0.559158
0.962382
0.608634
1.000000
0.014735
0.968130
0.489776
0.999484
0.550107
1.000000
0.014687
0.070515
0.390551
0.107266
0.445340
1.000000
0.014674
0.191333
0.443094
0.285057
0.582578
1.000000
0.014674
0.726283
0.517953
0.822792
0.635175
1.000000
0.014671
0.118664
0.411194
0.216320
0.551785
1.000000
0.014662
0.070270
0.423774
0.107307
0.478638
1.000000
0.014562
0.588468
0.654922
0.632250
0.719369
1.000000
0.014461
0.211034
0.306848
0.403232
0.575902
1.000000
0.014398
0.318808
0.418393
0.364930
0.482207
1.000000
0.014394
0.484939
0.354089
0.530202
0.422803
1.000000
0.014284
0.193431
0.391691
0.230858
0.445641
1.000000
0.014267
0.563043
0.405807
0.653803
0.548169
1.000000
0.014217
0.570353
0.698751
0.951359
1.009686
1.000000
0.014196
0.485769
0.640734
0.592072
0.792792
1.000000
0.014129
0.092889
0.452533
0.128973
0.507645
1.000000
0.014108
0.962446
0.580502
0.998793
0.643686
1.000000
0.014019
0.809746
0.533624
0.852558
0.586507
1.000000
0.013997
0.794577
0.595543
0.884839
0.721664
1.000000
0.013946
0.241340
0.556122
0.283911
0.607973
1.000000
0.013922
0.450017
0.432818
0.639341
0.736623
1.000000
0.013868
0.962031
0.948091
0.999626
0.998298
1.000000
0.013792
0.605427
0.676019
0.696333
0.838987
1.000000
0.013700
0.668075
0.710292
0.755925
0.855890
1.000000
0.013682
0.212865
0.517498
0.308090
0.645534
1.000000
0.013652
0.360413
0.412329
0.416138
0.494452
1.000000
0.013639
0.048113
0.898998
0.161025
1.002363
1.000000
0.013614
0.843757
0.523651
0.938058
0.649749
1.000000
0.013470
0.620148
0.480588
0.709962
0.618982
1.000000
0.013461
0.071745
0.361712
0.106409
0.412781
1.000000
0.013449
0.340877
0.509339
0.390658
0.576178
1.000000
0.013430
0.000541
0.427123
0.074493
0.549663
1.000000
0.013396
0.391237
0.614145
0.440333
0.682046
1.000000
0.013357
0.510886
0.480883
0.558334
0.551642
1.000000
0.013342
0.964413
0.752871
0.998595
0.814297
1.000000
0.013315
0.483784
0.583498
0.534389
0.656993
1.000000
0.013284
0.008472
0.906493
0.089419
0.996120
1.000000
0.013278
0.145825
0.452653
0.181192
0.507629
1.000000
0.013206
0.268016
0.420400
0.307788
0.476757
1.000000
0.013200
0.337217
0.582726
0.387488
0.653056
1.000000
0.013194
0.869651
0.556160
0.906662
0.605502
1.000000
0.013146
0.380878
0.219650
0.489610
0.374121
1.000000
0.013118
0.719159
0.526741
0.757633
0.579140
1.000000
0.013116
0.841714
0.588744
0.942048
0.728712
1.000000
0.013101
0.536481
0.446144
0.587256
0.516361
1.000000
0.013061
0.868261
0.528378
0.905563
0.579726
1.000000
0.013003
0.965743
0.421085
0.997390
0.477677
1.000000
0.012976
0.269419
0.244043
0.374237
0.395048
1.000000
0.012956
0.513660
0.352481
0.558558
0.419342
1.000000
0.012948
0.864938
0.820968
1.001327
1.003154
1.000000
0.012915
0.445781
0.641666
0.494252
0.705503
1.000000
0.012899
0.118745
0.454033
0.155158
0.508544
1.000000
0.012898
0.189891
0.802758
0.365976
1.022914
1.000000
0.012884
0.171205
0.452524
0.207587
0.507667
1.000000
0.012856
0.818746
0.686534
0.860249
0.743105
1.000000
0.012838
0.818617
0.654804
0.860683
0.711733
1.000000
0.012829
-0.000828
0.289071
0.063410
0.405753
1.000000
0.012827
0.966648
0.692635
0.998171
0.747802
1.000000
0.012815
0.092683
0.390194
0.128674
0.444071
1.000000
0.012800
0.913083
0.680147
0.998257
0.835941
1.000000
0.012794
0.967223
0.453338
0.999842
0.516568
1.000000
0.012780
0.001362
0.552045
0.036061
0.614096
1.000000
0.012777
0.290462
0.388851
0.335195
0.451082
1.000000
0.012717
0.338345
0.245303
0.381622
0.310038
1.000000
0.012699
0.041606
0.391643
0.079632
0.444668
1.000000
0.012687
0.869206
0.591120
0.908671
0.644613
1.000000
0.012659
0.614361
0.419800
0.654579
0.482070
1.000000
0.012652
0.197302
0.330455
0.288798
0.456007
1.000000
0.012641
0.509243
0.548519
0.559145
0.619877
1.000000
0.012607
0.324901
0.226561
0.362254
0.280042
1.000000
0.012546
0.321271
0.320234
0.364688
0.386478
1.000000
0.012535
0.439586
0.290671
0.487110
0.358010
1.000000
0.012532
0.119437
0.392245
0.156573
0.446225
1.000000
0.012521
0.340534
0.283796
0.387353
0.354476
1.000000
0.012515
0.265381
0.557265
0.306523
0.606861
1.000000
0.012497
0.866326
0.654424
0.909483
0.712092
1.000000
0.012489
0.665134
0.520461
0.707878
0.580033
1.000000
0.012458
0.465447
0.292152
0.507316
0.353593
1.000000
0.012422
0.589415
0.587023
0.634800
0.651285
1.000000
0.012419
0.719219
0.555964
0.758672
0.608893
1.000000
0.012411
0.718141
0.451932
0.913766
0.728308
1.000000
0.012365
0.592442
0.448982
0.636957
0.514536
1.000000
0.012362
0.296906
0.644828
0.391588
0.810624
1.000000
0.012346
0.641615
0.520497
0.680321
0.576868
1.000000
0.012317
0.585387
0.319976
0.676889
0.467693
1.000000
0.012292
0.002931
0.417459
0.036294
0.476248
1.000000
0.012281
0.535552
0.583033
0.589404
0.653237
1.000000
0.012276
0.641105
0.457378
0.679768
0.514152
1.000000
0.012239
0.146704
0.420301
0.183573
0.475192
1.000000
0.012230
0.219891
0.389847
0.258742
0.444775
1.000000
0.012228
0.003680
0.324154
0.033243
0.378204
1.000000
0.012228
0.482684
0.646752
0.528752
0.706477
1.000000
0.012228
0.641051
0.488682
0.680087
0.543935
1.000000
0.012225
0.694308
0.522626
0.735996
0.577773
1.000000
0.012211
0.896812
0.559383
0.934975
0.607423
1.000000
0.012195
0.617554
0.484519
0.656654
0.542280
1.000000
0.012193
0.852595
0.608590
1.007981
0.926739
1.000000
0.012183
0.010393
0.852665
0.052432
0.908556
1.000000
0.012100
0.396389
0.628324
0.498057
0.779432
1.000000
0.012090
0.172132
0.558887
0.208922
0.605814
1.000000
0.012073
0.590842
0.621930
0.634928
0.685440
1.000000
0.012040
0.244458
0.387549
0.285477
0.445616
1.000000
0.012038
0.290694
0.524901
0.332889
0.578295
1.000000
0.012002
0.966815
0.617724
0.999725
0.674291
1.000000
0.011985
0.664967
0.555748
0.708435
0.614434
1.000000
0.011980
0.894088
0.589331
0.932105
0.639019
1.000000
0.011958
0.743623
0.584863
0.836785
0.718017
1.000000
0.011956
0.873332
0.459565
1.005312
0.724908
1.000000
0.011952
0.012998
0.790223
0.053605
0.846148
1.000000
0.011925
-0.001390
0.516432
0.067628
0.640582
1.000000
0.011920
0.195068
0.450951
0.232307
0.508694
1.000000
0.011909
0.001623
0.198595
0.311578
0.724207
1.000000
0.011830
0.815158
0.583735
0.854832
0.637377
1.000000
0.011780
0.488179
0.319977
0.531646
0.384961
1.000000
0.011780
0.011731
0.888789
0.053108
0.947014
1.000000
0.011769
0.511555
0.419394
0.559813
0.488660
1.000000
0.011750
0.538483
0.659700
0.585819
0.722086
1.000000
0.011748
0.265932
0.357335
0.305917
0.416783
1.000000
0.011726
0.316303
0.619843
0.364555
0.683875
1.000000
0.011721
0.119084
0.422400
0.155874
0.477064
1.000000
0.011721
0.366592
0.542968
0.418684
0.612803
1.000000
0.011720
0.295689
0.487158
0.338355
0.545979
1.000000
0.011718
0.244960
0.449498
0.284621
0.509915
1.000000
0.011691
0.747820
0.552448
0.791048
0.606694
1.000000
0.011680
0.665967
0.457840
0.705619
0.513740
1.000000
0.011678
0.513826
0.288852
0.556048
0.349630
1.000000
0.011667
0.011110
0.819400
0.052882
0.877716
1.000000
0.011593
0.538508
0.387192
0.586259
0.453915
1.000000
0.011548
0.288209
0.555005
0.332919
0.609903
1.000000
0.011487
0.967369
0.656559
0.999326
0.713393
1.000000
0.011384
0.665085
0.488770
0.706457
0.545239
1.000000
0.011368
0.172173
0.487805
0.208927
0.542087
1.000000
0.011345
0.143956
0.479655
0.237793
0.612824
1.000000
0.011329
0.219869
0.452701
0.256982
0.508040
1.000000
0.011296
0.866545
0.622543
0.909666
0.680613
1.000000
0.011259
0.619121
0.518271
0.658322
0.578561
1.000000
0.011255
0.294116
0.449338
0.337568
0.511323
1.000000
0.011208
0.172142
0.527817
0.209273
0.578209
1.000000
0.011198
0.317301
0.518324
0.362442
0.574845
1.000000
0.011196
0.593267
0.514889
0.636495
0.577663
1.000000
0.011193
0.003034
0.283890
0.032913
0.338723
1.000000
0.011190
0.364271
0.581699
0.413228
0.649095
1.000000
0.011175
0.720778
0.714891
0.811698
0.853408
1.000000
0.011143
0.846081
0.530708
0.884455
0.579050
1.000000
0.011107
0.563259
0.417236
0.611965
0.487920
1.000000
0.011060
-0.009519
0.318099
0.143070
0.556318
1.000000
0.011038
0.216995
0.922610
0.266016
0.982784
1.000000
0.011031
0.593513
0.388630
0.636351
0.452038
1.000000
0.010984
0.292026
0.585234
0.335671
0.644004
1.000000
0.010926
0.641173
0.641453
0.733592
0.795198
1.000000
0.010903
0.042813
0.422304
0.081803
0.478352
1.000000
0.010891
0.564581
0.480225
0.611502
0.546008
1.000000
0.010842
0.614400
0.352902
0.654773
0.416412
1.000000
0.010827
0.219851
0.422707
0.257848
0.477195
1.000000
0.010802
0.193024
0.556935
0.233480
0.606679
1.000000
0.010801
0.815969
0.464537
0.912036
0.591710
1.000000
0.010747
0.617941
0.576488
0.709586
0.722837
1.000000
0.010745
0.491080
0.688500
0.533558
0.744080
1.000000
0.010725
0.604240
0.767885
0.690733
0.922107
1.000000
0.010708
0.267922
0.530045
0.308148
0.580519
1.000000
0.010670
0.916636
0.492168
0.955398
0.545338
1.000000
0.010653
0.000496
0.210974
0.060973
0.331592
1.000000
0.010641
0.143616
0.559982
0.181580
0.607990
1.000000
0.010639
0.144460
0.528461
0.180722
0.577464
1.000000
0.010617
0.569033
0.287776
0.609474
0.346604
1.000000
0.010617
0.619789
0.554892
0.658412
0.613545
1.000000
0.010614
0.643045
0.585150
0.682906
0.643051
1.000000
0.010607
0.117937
0.361596
0.153267
0.412240
1.000000
0.010588
0.222234
0.357669
0.259668
0.411955
1.000000
0.010568
0.514361
0.655164
0.560444
0.715349
1.000000
0.010510
0.593312
0.555875
0.636540
0.617549
1.000000
0.010482
0.566565
0.351224
0.611069
0.417305
1.000000
0.010451
0.692817
0.554949
0.737525
0.612837
1.000000
0.010439
0.590000
0.715908
0.635486
0.784532
1.000000
0.010415
0.841079
0.654177
0.884671
0.709771
1.000000
0.010395
0.771487
0.578814
0.810067
0.632927
1.000000
0.010363
0.002620
0.452786
0.035787
0.513692
1.000000
0.010332
0.612286
0.654039
0.651524
0.714892
1.000000
0.010321
0.193294
0.528237
0.232301
0.579850
1.000000
0.010310
0.614496
0.384419
0.700716
0.525109
1.000000
0.010302
0.516603
0.687063
0.561515
0.745589
1.000000
0.010293
0.893850
0.529626
0.932756
0.580578
1.000000
0.010220
0.489823
0.560725
0.673937
0.892514
1.000000
0.010171
0.687814
0.583209
0.785290
0.723325
1.000000
0.010160
0.092842
0.524233
0.130139
0.577356
1.000000
0.010152
0.615124
0.621418
0.654914
0.681035
1.000000
0.010146
0.794908
0.655889
0.833719
0.709233
1.000000
0.010124
0.842607
0.556586
0.882027
0.606367
1.000000
0.010115
0.173352
0.363317
0.207720
0.413442
1.000000
0.010115
0.120003
0.485855
0.157125
0.541403
1.000000
0.010023
0.668159
0.723897
0.705787
0.779160
1.000000
0.010014
0.243785
0.486505
0.283017
0.543231
