1.000000
0.611320
0.496333
0.411903
0.660564
0.656499
1.000000
0.152687
0.333836
0.379104
0.670403
0.887349
1.000000
0.055064
0.055368
0.391986
0.555054
1.020300
1.000000
0.045396
0.543968
0.678574
0.589614
0.743886
1.000000
0.044433
0.531935
0.387686
0.893421
0.972310
1.000000
0.039589
0.577862
0.561558
0.689586
0.717097
1.000000
0.036481
0.510197
0.287006
0.715720
0.552464
1.000000
0.030109
0.519196
0.588738
0.612936
0.742841
1.000000
0.028906
0.609384
0.517279
0.660981
0.593451
1.000000
0.028356
0.684370
0.572488
0.800192
0.723306
1.000000
0.027573
0.786151
0.025437
0.833693
0.094160
1.000000
0.026528
0.473044
0.377243
0.583063
0.564859
1.000000
0.025290
0.584229
0.479451
0.697323
0.628138
1.000000
0.025154
0.173701
0.614202
0.263081
0.737260
1.000000
0.024040
0.088148
-0.069292
0.563003
0.652273
1.000000
0.023875
0.621856
0.602893
0.736125
0.758344
1.000000
0.023869
0.556064
0.564214
0.613383
0.650813
1.000000
0.023778
0.766298
0.045521
0.812702
0.117068
1.000000
0.023633
0.001571
0.679120
0.360099
0.973217
1.000000
0.022749
0.736518
0.658394
1.001446
0.995783
1.000000
0.022696
0.241234
0.756708
0.280188
0.811098
1.000000
0.022320
0.655099
0.523190
0.767449
0.664720
1.000000
0.022294
0.764645
0.005065
0.809387
0.059214
1.000000
0.022251
0.634540
0.577403
0.688906
0.649934
1.000000
0.022195
0.487945
0.537264
0.546065
0.621564
1.000000
0.022151
0.194488
0.785379
0.230700
0.833607
1.000000
0.021370
0.578963
0.538349
0.641452
0.624468
1.000000
0.021293
0.194876
0.621724
0.236275
0.679870
1.000000
0.021055
0.175945
0.695340
0.210989
0.748102
1.000000
0.020660
0.531146
0.444574
0.593000
0.533255
1.000000
0.020206
0.567159
0.254437
0.700264
0.412739
1.000000
0.020194
0.679235
0.532303
0.875479
0.831546
1.000000
0.019755
0.489841
0.609335
0.541304
0.680226
1.000000
0.019644
0.100657
0.685823
0.186995
0.817082
1.000000
0.019586
0.075569
0.618409
0.158175
0.749233
1.000000
0.019577
0.644119
0.673476
0.752947
0.825812
1.000000
0.019392
0.633646
0.482683
0.687228
0.558851
1.000000
0.019213
0.614855
0.404474
0.726886
0.567073
1.000000
0.018985
0.490476
0.379923
0.536033
0.455785
1.000000
0.018755
0.660525
0.550512
0.710933
0.617132
1.000000
0.018712
0.207197
0.693400
0.289875
0.816496
1.000000
0.018711
0.508687
0.567418
0.569466
0.652690
1.000000
0.018569
0.124489
0.758185
0.157247
0.809645
1.000000
0.018544
0.096712
0.655209
0.127578
0.706193
1.000000
0.018468
0.117283
0.482722
0.198001
0.617641
1.000000
0.018364
0.127958
0.554239
0.216160
0.681582
1.000000
0.018215
0.594199
0.686515
0.693434
0.815075
1.000000
0.017989
0.154899
0.688341
0.237391
0.809562
1.000000
0.017972
0.555794
0.631453
0.663846
0.773996
1.000000
0.017787
0.176274
0.759284
0.210267
0.808509
1.000000
0.017766
0.744089
0.020680
0.790873
0.087342
1.000000
0.017647
0.147853
0.655495
0.179540
0.704240
1.000000
0.017443
0.752326
0.023029
0.834816
0.160213
1.000000
0.017409
0.676281
0.052329
0.872294
0.375689
1.000000
0.017362
0.148020
0.789239
0.179854
0.833315
1.000000
0.017346
0.242282
0.728219
0.279006
0.780298
1.000000
0.017334
0.097643
0.723119
0.129275
0.774531
1.000000
0.017297
0.125911
0.910725
0.218607
1.003381
1.000000
0.017254
0.126863
0.788612
0.220513
0.914772
1.000000
0.017122
0.174560
0.652215
0.209862
0.706269
1.000000
0.016869
0.219230
0.760855
0.256442
0.812344
1.000000
0.016828
0.573252
0.345949
0.811369
0.666315
1.000000
0.016754
0.660643
0.612483
0.712458
0.685783
1.000000
0.016754
0.426684
0.399318
0.523460
0.553699
1.000000
0.016740
0.098120
0.590737
0.128647
0.640167
1.000000
0.016716
0.082429
0.744445
0.167653
0.878314
1.000000
0.016694
0.217842
0.691599
0.255306
0.744266
1.000000
0.016603
0.168946
0.746619
0.254604
0.868848
1.000000
0.016585
0.101844
0.565382
0.286850
0.857928
1.000000
0.016483
0.098535
0.788851
0.129822
0.837481
1.000000
0.016471
0.148029
0.761332
0.180205
0.808707
1.000000
0.016467
0.126311
0.523746
0.159071
0.579212
1.000000
0.016397
0.425363
0.541794
0.528272
0.683883
1.000000
0.016370
0.547293
0.509057
0.613231
0.606502
1.000000
0.016349
0.560705
0.612929
0.608728
0.684708
1.000000
0.016253
0.192417
0.723202
0.227625
0.774009
1.000000
0.016234
0.744156
0.653104
0.836018
0.824939
1.000000
0.016198
-0.000147
0.620969
0.056214
0.747360
1.000000
0.016171
0.123687
0.726161
0.155809
0.776785
1.000000
0.016099
0.143721
0.592185
0.178243
0.641203
1.000000
0.016069
0.496297
0.293039
0.608947
0.453833
1.000000
0.016069
0.123834
0.787411
0.156098
0.836550
1.000000
0.015938
0.216990
0.648628
0.255049
0.703655
1.000000
0.015925
0.094507
0.068193
0.276081
0.419220
1.000000
0.015923
0.125063
0.588551
0.157117
0.639213
1.000000
0.015903
0.004813
0.651241
0.035184
0.716601
1.000000
0.015891
-0.000722
0.717301
0.055233
0.860109
1.000000
0.015846
0.576478
0.173637
0.813711
0.474145
1.000000
0.015826
0.468915
0.447040
0.511876
0.514780
1.000000
0.015815
0.468468
0.583213
0.514056
0.645994
1.000000
0.015780
0.095659
0.243271
0.178920
0.404046
1.000000
0.015677
0.686601
0.581073
0.738420
0.652684
1.000000
0.015610
0.149075
0.727269
0.180730
0.773869
1.000000
0.015479
0.225051
0.609853
0.318215
0.736750
1.000000
0.015461
0.169633
0.852750
0.210263
0.902088
1.000000
0.015440
0.112070
0.081065
0.202892
0.235627
1.000000
0.015398
0.066074
0.885262
0.172587
0.999287
1.000000
0.015384
0.523780
0.655431
0.567810
0.717612
1.000000
0.015294
0.679951
0.445020
0.793680
0.596625
1.000000
0.015214
0.765335
0.733139
0.850675
0.896482
1.000000
0.015180
0.145845
0.829240
0.180749
0.875909
1.000000
0.015152
0.147794
0.624545
0.183174
0.678141
1.000000
0.015149
0.489607
0.441147
0.539916
0.519680
1.000000
0.014999
0.145193
0.854557
0.183130
0.902968
1.000000
0.014964
0.628197
0.282837
0.690605
0.364372
1.000000
0.014950
0.507835
0.508538
0.578708
0.603779
1.000000
0.014916
0.097330
0.380769
0.179016
0.534248
1.000000
0.014910
0.149143
0.693613
0.181856
0.743179
1.000000
0.014845
0.123125
0.655428
0.155425
0.706830
1.000000
0.014819
0.099380
0.758185
0.131632
0.810262
1.000000
0.014761
0.812339
0.003688
0.854321
0.052353
1.000000
0.014748
0.509335
0.351137
0.559215
0.427093
1.000000
0.014735
0.123616
0.826063
0.157732
0.876101
1.000000
0.014728
0.165379
0.954150
0.210826
0.997625
1.000000
0.014707
0.802657
0.051643
0.846263
0.113728
1.000000
0.014614
0.141453
0.237970
0.240759
0.404229
1.000000
0.014614
0.016952
0.589743
0.053460
0.650393
1.000000
0.014589
0.560249
0.280509
0.619289
0.361640
1.000000
0.014549
0.584249
0.448017
0.642797
0.531057
1.000000
0.014529
0.016759
0.554833
0.053444
0.615899
1.000000
0.014503
0.470495
0.483527
0.512670
0.549448
1.000000
0.014387
0.471348
0.518081
0.517939
0.586845
1.000000
0.014358
0.610026
0.610341
0.664328
0.684989
1.000000
0.014332
0.138456
0.552494
0.175364
0.608215
1.000000
0.014286
0.366924
0.583631
0.460585
0.720035
1.000000
0.014241
0.444229
0.554797
0.488045
0.614378
1.000000
0.014231
0.139535
0.954179
0.185757
0.998437
1.000000
0.014222
0.509722
0.409083
0.563555
0.492076
1.000000
0.014190
0.191330
0.851024
0.234137
0.901903
1.000000
0.014160
0.172885
0.888237
0.280657
0.993290
1.000000
0.014154
0.096838
0.624033
0.129490
0.678880
1.000000
0.014106
0.123122
0.691685
0.156375
0.743994
1.000000
0.014102
0.241203
0.692837
0.279674
0.746774
1.000000
0.014092
0.559313
0.711158
0.601077
0.766741
1.000000
0.014087
0.265787
0.620144
0.307450
0.679787
1.000000
0.014068
0.117464
0.953694
0.160213
0.997423
1.000000
0.013969
0.240192
0.651068
0.279732
0.707762
1.000000
0.013820
0.616058
0.751270
0.661867
0.807631
1.000000
0.013812
0.083166
0.802092
0.270469
1.005412
1.000000
0.013789
0.006111
0.555867
0.073166
0.689424
1.000000
0.013752
0.005242
0.523875
0.033811
0.580769
1.000000
0.013745
0.139268
0.132904
0.236125
0.299514
1.000000
0.013714
0.123291
0.622263
0.156556
0.676994
1.000000
0.013694
0.070294
0.306572
0.159899
0.471251
1.000000
0.013683
0.214367
0.827247
0.254074
0.876454
1.000000
0.013626
0.658916
0.730080
0.702002
0.787260
1.000000
0.013602
0.717220
0.023687
0.761749
0.087315
1.000000
0.013565
0.172938
0.827573
0.209675
0.874710
1.000000
0.013473
0.257846
0.684304
0.345737
0.813629
1.000000
0.013406
0.631211
0.370491
0.695183
0.457797
1.000000
0.013354
0.067837
0.132782
0.159929
0.300840
1.000000
0.013296
0.763715
0.221338
0.806831
0.279172
1.000000
0.013284
0.097496
0.691616
0.129767
0.744697
1.000000
0.013277
0.631067
0.312048
0.752373
0.466222
1.000000
0.013236
0.765867
0.861850
0.859028
0.994427
1.000000
0.013227
0.288446
0.618748
0.329507
0.678960
1.000000
0.013193
0.077394
0.518201
0.159081
0.654951
1.000000
0.013169
0.263302
0.785652
0.298363
0.834258
1.000000
0.013080
0.253843
0.572650
0.346963
0.690496
1.000000
0.013080
0.087826
0.016066
0.137121
0.079513
1.000000
0.013039
0.473402
0.360378
0.510380
0.421904
1.000000
0.013038
0.202281
0.231766
0.298669
0.385092
1.000000
0.012979
0.213258
0.952814
0.259768
0.996567
1.000000
0.012938
0.495957
0.649668
0.538391
0.709138
1.000000
0.012838
0.516720
0.287746
0.561794
0.355022
1.000000
0.012757
0.709995
0.611140
0.761869
0.686025
1.000000
0.012725
0.018483
0.485599
0.094848
0.626530
1.000000
0.012710
0.479832
0.663037
0.575646
0.802975
1.000000
0.012702
0.531291
0.382555
0.590013
0.462611
1.000000
0.012692
0.317735
0.591411
0.356344
0.647295
1.000000
0.012658
0.123473
0.320619
0.158810
0.380793
1.000000
0.012506
0.264384
0.726023
0.299228
0.777613
1.000000
0.012480
0.197209
0.779758
0.291464
0.909175
1.000000
0.012477
0.168078
0.534599
0.264509
0.671070
1.000000
0.012452
0.804542
0.315548
0.893333
0.447690
1.000000
0.012347
0.215348
0.604814
0.255947
0.659170
1.000000
0.012334
0.683940
0.730838
0.788818
0.887294
1.000000
0.012326
0.000089
0.804914
0.058005
0.948482
1.000000
0.012281
0.098336
0.825990
0.131383
0.875605
1.000000
0.012261
0.173749
0.602314
0.209832
0.652522
1.000000
0.012228
0.040974
0.584464
0.123306
0.721904
1.000000
0.012217
0.691862
0.216411
0.798630
0.349332
1.000000
0.012212
0.787837
0.110543
0.833048
0.173895
1.000000
0.012183
0.124532
0.453005
0.159518
0.511118
1.000000
0.012181
0.239895
0.602440
0.281604
0.656136
1.000000
0.012142
0.093232
0.953526
0.136921
0.999003
1.000000
0.012123
0.100247
0.522973
0.132323
0.574895
1.000000
0.012108
0.525408
0.713153
0.565841
0.767015
1.000000
0.012100
0.071718
0.589669
0.101909
0.640699
1.000000
0.012067
0.012904
0.715673
0.048975
0.782350
1.000000
0.012017
0.122574
0.852278
0.158924
0.903565
1.000000
0.012006
0.074806
0.652733
0.103908
0.704263
1.000000
0.011925
0.010415
0.942839
0.053264
0.997160
1.000000
0.011898
0.239745
0.825229
0.279625
0.875506
1.000000
0.011849
0.547681
0.707773
0.637563
0.831233
1.000000
0.011833
0.265402
0.691299
0.301144
0.743735
1.000000
0.011812
0.096510
0.390805
0.130737
0.446233
1.000000
0.011806
-0.000860
0.460727
0.059495
0.580291
1.000000
0.011771
0.100945
0.560957
0.131952
0.612029
1.000000
0.011761
0.292910
0.722277
0.328623
0.773938
1.000000
0.011731
0.656956
0.448187
0.710686
0.523099
1.000000
0.011693
0.812339
0.118074
0.854392
0.175567
1.000000
0.011636
0.217226
0.561114
0.255301
0.613896
1.000000
0.011635
0.219707
0.725845
0.255683
0.776113
1.000000
0.011620
0.096032
0.855898
0.131302
0.907959
1.000000
0.011614
0.271219
0.559442
0.310229
0.612658
1.000000
0.011593
0.098250
0.319208
0.133751
0.377044
1.000000
0.011524
0.740774
0.093128
0.833309
0.243852
1.000000
0.011488
0.788712
0.190911
0.829259
0.245069
1.000000
0.011440
0.616647
0.121215
0.658220
0.178035
1.000000
0.011415
0.003311
0.750895
0.033841
0.818648
1.000000
0.011381
0.699303
0.064832
0.792479
0.208796
1.000000
0.011374
0.443376
0.521232
0.486553
0.583098
1.000000
0.011357
0.000159
0.016575
0.080431
0.135065
1.000000
0.011342
0.070853
0.625538
0.102229
0.679341
1.000000
0.011322
0.069438
0.560294
0.100013
0.612000
1.000000
0.011278
0.137039
0.405634
0.228191
0.553966
1.000000
0.011260
0.391953
0.586440
0.434007
0.648536
1.000000
0.011213
0.070420
0.522845
0.100302
0.573346
1.000000
0.011204
0.003867
0.390174
0.031868
0.444864
1.000000
0.011168
0.014703
0.489816
0.049965
0.548790
1.000000
0.011163
0.498502
0.720686
0.536220
0.772284
1.000000
0.011152
0.047618
0.679423
0.129387
0.822861
1.000000
0.011145
0.742755
0.116343
0.785764
0.175040
1.000000
0.011134
0.075085
0.721155
0.104810
0.774255
1.000000
0.011104
0.286917
0.608151
0.378064
0.738453
1.000000
0.011093
0.011772
0.130797
0.304656
0.771314
1.000000
0.011084
0.963091
0.947876
0.999368
0.998581
1.000000
0.011071
0.592579
0.112329
0.684120
0.241418
1.000000
0.011062
0.004135
0.323570
0.032464
0.378284
1.000000
0.010996
0.317881
0.561209
0.357236
0.615203
1.000000
0.010985
0.122526
0.387841
0.158182
0.447967
1.000000
0.010981
0.556354
0.339160
0.617887
0.426153
1.000000
0.010961
0.096610
0.256478
0.133388
0.314841
1.000000
0.010911
0.537513
0.197344
0.648904
0.352141
1.000000
0.010908
0.121090
0.183552
0.157814
0.246559
1.000000
0.010903
0.713455
0.717116
0.758264
0.779559
1.000000
0.010867
0.710868
0.553308
0.763801
0.620127
1.000000
0.010861
0.451519
0.331933
0.538097
0.480514
1.000000
0.010856
0.498370
0.687668
0.539493
0.744263
1.000000
0.010846
0.767220
0.912044
0.814715
0.980087
1.000000
0.010815
0.688021
0.642945
0.738361
0.714166
1.000000
0.010797
0.123541
0.492003
0.157484
0.551219
1.000000
0.010779
0.418965
0.638300
0.516183
0.786347
1.000000
0.010778
0.004294
0.456751
0.032481
0.512542
1.000000
0.010715
0.360363
0.339322
0.554176
0.637491
1.000000
0.010680
0.122164
0.152399
0.159351
0.212265
1.000000
0.010658
0.686871
0.721958
0.732014
0.781987
1.000000
0.010656
0.584238
0.652948
0.632983
0.717015
1.000000
0.010648
0.535173
0.311751
0.594694
0.393442
1.000000
0.010636
0.122837
0.220209
0.157851
0.280090
1.000000
0.010636
0.167185
0.557456
0.204834
0.610072
1.000000
0.010627
0.040551
0.588748
0.073234
0.643094
1.000000
0.010606
0.649785
0.310302
0.709465
0.391755
1.000000
0.010559
-0.001521
0.215913
0.062793
0.337666
1.000000
0.010544
0.317106
0.650999
0.354124
0.707394
1.000000
0.010535
0.583635
0.376560
0.644477
0.462438
1.000000
0.010525
0.464379
0.225945
0.566747
0.368865
1.000000
0.010482
0.264293
0.824964
0.300232
0.873111
1.000000
0.010453
0.619190
0.153963
0.659219
0.207034
1.000000
0.010422
-0.001277
0.392815
0.059101
0.508751
1.000000
0.010415
0.003236
0.811993
0.035487
0.884219
1.000000
0.010412
0.121509
0.253037
0.156669
0.312260
1.000000
0.010395
0.315403
0.720322
0.352909
0.774496
1.000000
0.010394
-0.001439
0.292704
0.059463
0.408924
1.000000
0.010391
0.718665
0.957117
0.758575
1.000535
1.000000
0.010388
0.716018
0.117754
0.758935
0.176250
1.000000
0.010361
0.042330
0.720836
0.073136
0.775040
1.000000
0.010297
0.815484
0.954356
0.858606
1.001521
1.000000
0.010278
0.596018
0.728959
0.636196
0.781307
1.000000
0.010269
0.582528
0.255195
0.641725
0.331613
1.000000
0.010254
0.729828
0.520851
0.845786
0.675409
1.000000
0.010248
0.140163
0.423663
0.178699
0.483603
1.000000
0.010238
0.815940
0.187247
0.856108
0.241815
1.000000
0.010224
0.905295
0.852104
0.996430
0.997387
1.000000
0.010208
0.443351
0.617848
0.489100
0.681758
1.000000
0.010180
0.098618
0.494781
0.130484
0.547898
1.000000
0.010176
0.582613
0.301357
0.649282
0.390468
1.000000
0.010154
0.754228
0.170462
0.844974
0.319735
1.000000
0.010134
0.015258
0.423281
0.050051
0.480586
1.000000
0.010088
0.570591
0.753764
0.611978
0.806187
1.000000
0.010042
0.338602
0.587846
0.378339
0.644782
1.000000
0.010024
0.636680
0.645634
0.689259
0.716012
1.000000
0.010010
0.198635
0.557492
0.400532
0.843314
1.000000
0.010003
0.186920
0.925574
0.236812
0.981955
