1.000000
0.066815
0.210130
0.396176
0.696097
1.009227
1.000000
0.030444
0.741708
0.475672
1.007476
1.013126
1.000000
0.029794
0.930501
0.439056
0.999098
0.568762
1.000000
0.027015
0.960162
0.512281
0.997366
0.580383
1.000000
0.026158
0.862236
0.565426
0.900411
0.614557
1.000000
0.025549
0.176872
0.687600
0.400686
0.959269
1.000000
0.024321
0.480613
0.916340
0.537996
0.982376
1.000000
0.023799
0.816885
0.540952
0.905341
0.655416
1.000000
0.023038
0.396429
0.821755
0.576267
1.012164
1.000000
0.022705
0.402735
0.723143
0.515938
0.850009
1.000000
0.022518
0.965007
0.548075
0.998543
0.608970
1.000000
0.022126
0.916031
0.557937
0.953374
0.608301
1.000000
0.021753
0.814775
0.583719
0.860690
0.641444
1.000000
0.021594
0.466240
0.948904
0.517009
0.996806
1.000000
0.021509
0.919741
0.521938
0.961472
0.578825
1.000000
0.020464
0.508089
0.951678
0.558108
0.998624
1.000000
0.019537
0.965069
0.583616
0.997812
0.645669
1.000000
0.018828
0.577339
0.503326
0.781566
0.796290
1.000000
0.018704
0.764599
0.561505
0.805901
0.613948
1.000000
0.018079
0.900335
0.505406
0.982826
0.640958
1.000000
0.017620
0.509997
0.750132
0.906204
1.025919
1.000000
0.017584
0.683183
0.439198
0.888235
0.735799
1.000000
0.017310
0.415957
0.957041
0.462693
1.000094
1.000000
0.017236
0.842670
0.581920
0.885644
0.636938
1.000000
0.017150
0.692857
0.547861
0.794906
0.686070
1.000000
0.016976
0.565174
0.954649
0.612125
0.998549
1.000000
0.016864
0.440074
0.954816
0.490795
1.000786
1.000000
0.016853
0.066314
0.026595
0.580941
0.724035
1.000000
0.016670
0.869231
0.532883
0.906739
0.583241
1.000000
0.016640
0.748080
0.550169
0.843094
0.670955
1.000000
0.016529
0.548393
0.190784
0.964067
0.850667
1.000000
0.016397
0.538237
0.956012
0.586038
1.000144
1.000000
0.016202
0.920727
0.483256
0.964822
0.547694
1.000000
0.016202
0.613156
0.952867
0.663216
0.997937
1.000000
0.015677
0.487549
0.875964
0.609902
0.990564
1.000000
0.015204
0.797585
0.602946
0.894599
0.742914
1.000000
0.015191
0.445998
0.708992
0.675604
0.957918
1.000000
0.015114
0.240918
0.693852
0.349704
0.823381
1.000000
0.015080
0.214253
0.621714
0.319485
0.748781
1.000000
0.014866
0.616657
0.411465
0.711903
0.548662
1.000000
0.014858
0.515808
0.856329
0.567659
0.916934
1.000000
0.014668
0.221146
0.344681
0.322302
0.491909
1.000000
0.014615
0.290405
0.713907
0.338424
0.772197
1.000000
0.014486
0.707442
0.621439
0.807495
0.756191
1.000000
0.014450
0.963770
0.424648
0.998880
0.486825
1.000000
0.014352
0.608628
0.631155
0.717457
0.771972
1.000000
0.014254
0.769239
0.497311
0.868944
0.624813
1.000000
0.014151
0.896691
0.529580
0.934215
0.578991
1.000000
0.014119
0.907698
0.605305
0.998975
0.774986
1.000000
0.014087
0.160165
0.409259
0.255689
0.556506
1.000000
0.013959
0.812301
0.949654
0.864049
0.998958
1.000000
0.013865
0.896675
0.586751
0.934181
0.638068
1.000000
0.013726
0.839624
0.417649
0.932315
0.557321
1.000000
0.013679
0.242210
0.551283
0.342087
0.687518
1.000000
0.013679
0.672584
0.684546
0.784157
0.838185
1.000000
0.013677
0.966138
0.692038
0.998063
0.749060
1.000000
0.013646
0.861072
0.807358
0.998659
1.000921
1.000000
0.013473
0.765157
0.617976
0.807308
0.677052
1.000000
0.013460
0.768906
0.712433
0.865039
0.853219
1.000000
0.013394
0.372523
0.562393
0.573646
0.860802
1.000000
0.013381
0.398467
0.913793
0.494664
1.006673
1.000000
0.013247
0.413397
0.775183
0.474987
0.844160
1.000000
0.013178
0.863057
0.569519
0.959100
0.715751
1.000000
0.013170
0.002315
0.548493
0.065538
0.667197
1.000000
0.013102
0.238514
0.290389
0.461912
0.606003
1.000000
0.013056
0.612396
0.553118
0.714037
0.697338
1.000000
0.013033
0.743779
0.579140
0.790980
0.644059
1.000000
0.012991
0.596292
0.918563
0.700274
1.006016
1.000000
0.012982
0.070602
0.424508
0.168319
0.565903
1.000000
0.012962
0.869181
0.492537
0.904819
0.542476
1.000000
0.012944
0.532865
0.918270
0.584821
0.979392
1.000000
0.012935
0.794175
0.566225
0.837658
0.617510
1.000000
0.012862
0.865724
0.616702
0.905666
0.671716
1.000000
0.012862
0.269712
0.692609
0.316367
0.750705
1.000000
0.012818
0.216360
0.471682
0.312746
0.613419
1.000000
0.012786
0.532030
0.688928
0.644262
0.826461
1.000000
0.012779
0.268073
0.591669
0.311243
0.645355
1.000000
0.012644
0.963822
0.952146
0.999716
0.999799
1.000000
0.012581
0.685253
0.684044
0.736429
0.750417
1.000000
0.012563
0.654512
0.910009
0.767168
1.001653
1.000000
0.012526
0.330552
0.230070
0.452766
0.377896
1.000000
0.012449
0.664109
0.438843
0.765992
0.583505
1.000000
0.012386
0.310142
0.110069
0.531253
0.409721
1.000000
0.012376
0.263732
0.465698
0.373837
0.621966
1.000000
0.012326
0.286106
0.626908
0.386168
0.761488
1.000000
0.012292
0.241894
0.723454
0.292453
0.784406
1.000000
0.012258
0.795698
0.615096
0.839214
0.673228
1.000000
0.012211
0.942081
0.615015
0.985883
0.673132
1.000000
0.012178
0.058438
0.542113
0.160895
0.681315
1.000000
0.012177
0.966846
0.390282
1.000660
0.452347
1.000000
0.012155
0.462682
0.859009
0.512559
0.915850
1.000000
0.012117
0.714586
0.619626
0.761584
0.682571
1.000000
0.012103
0.558070
0.469573
0.647789
0.616893
1.000000
0.012079
0.079944
0.299780
0.284095
0.595372
1.000000
0.012045
0.015733
0.451396
0.051841
0.510060
1.000000
0.012036
0.715155
0.581043
0.762126
0.646059
1.000000
0.012015
0.867203
0.454951
0.904551
0.508461
1.000000
0.011982
0.561495
0.552290
0.654794
0.693238
1.000000
0.011952
0.898891
0.491074
0.936874
0.545127
1.000000
0.011925
0.661955
0.948866
0.714776
0.996748
1.000000
0.011887
0.466497
0.718239
0.578790
0.844032
1.000000
0.011855
0.315481
0.752781
0.360345
0.811803
1.000000
0.011854
0.217149
0.590617
0.258186
0.644463
1.000000
0.011818
0.583653
0.333740
0.772660
0.647636
1.000000
0.011753
0.845378
0.532963
0.885469
0.583437
1.000000
0.011737
0.462272
0.471276
0.660781
0.804943
1.000000
0.011736
0.267922
0.260060
0.382822
0.415318
1.000000
0.011705
0.761479
0.953016
0.809451
1.000222
1.000000
0.011609
0.011453
0.474689
0.103992
0.623468
1.000000
0.011562
0.308718
0.690644
0.356081
0.750099
1.000000
0.011553
0.739309
0.753597
0.785536
0.816500
1.000000
0.011514
0.862418
0.954785
0.908156
1.000217
1.000000
0.011459
0.785983
0.413809
0.884586
0.548305
1.000000
0.011363
0.737901
0.719129
0.784212
0.783216
1.000000
0.011331
0.759150
0.917035
0.864502
1.008589
1.000000
0.011301
0.916476
0.615312
0.954269
0.667025
1.000000
0.011296
0.704598
0.949035
0.758696
0.999044
1.000000
0.011291
0.163938
0.947158
0.209718
0.996971
1.000000
0.011224
0.637655
0.682209
0.691137
0.752074
1.000000
0.011208
0.260382
0.358364
0.378437
0.535885
1.000000
0.011203
0.967717
0.656233
0.999508
0.713780
1.000000
0.011198
0.478023
0.799675
0.583931
0.921666
1.000000
0.011194
0.739841
0.651830
0.787419
0.714681
1.000000
0.011152
0.908120
0.723673
0.996665
0.891992
1.000000
0.011147
0.895219
0.619003
0.932255
0.670215
1.000000
0.011114
0.766227
0.529785
0.808497
0.584665
1.000000
0.011066
0.171516
0.723730
0.284690
0.866494
1.000000
0.011044
0.558114
0.343687
0.655365
0.501386
1.000000
0.011023
0.815867
0.648526
0.860336
0.707354
1.000000
0.010977
0.647537
0.622443
0.853838
0.908372
1.000000
0.010881
0.718527
0.527127
0.760488
0.581395
1.000000
0.010856
0.512878
0.726038
0.562841
0.789603
1.000000
0.010843
0.265007
0.653893
0.311385
0.713185
1.000000
0.010837
0.965298
0.753728
0.997300
0.814813
1.000000
0.010832
0.260534
0.748806
0.312601
0.812989
1.000000
0.010822
0.468351
0.891380
0.519173
0.952268
1.000000
0.010817
0.192671
0.551526
0.285668
0.683397
1.000000
0.010815
0.241765
0.591135
0.282720
0.641935
1.000000
0.010770
0.218437
0.520594
0.258172
0.578574
1.000000
0.010768
0.478388
0.616912
0.581416
0.765226
1.000000
0.010709
0.215638
0.752439
0.267239
0.817665
1.000000
0.010641
0.743304
0.532772
0.784415
0.584207
1.000000
0.010577
0.866593
0.652278
0.907067
0.709083
1.000000
0.010570
0.816254
0.530339
0.858566
0.583218
1.000000
0.010551
0.190202
0.420252
0.231970
0.481636
1.000000
0.010525
0.261982
0.346833
0.312344
0.424928
1.000000
0.010501
0.171591
0.423664
0.208306
0.478396
1.000000
0.010501
0.265852
0.560495
0.308331
0.615639
1.000000
0.010477
0.315491
0.283109
0.362605
0.351797
1.000000
0.010428
0.093699
0.787327
0.285409
1.029302
1.000000
0.010259
0.815737
0.719556
0.860518
0.780319
1.000000
0.010245
0.266718
0.620606
0.309936
0.676862
1.000000
0.010215
0.388818
0.956475
0.437826
1.000838
1.000000
0.010187
0.114777
0.544255
0.214112
0.677917
1.000000
0.010179
0.662282
0.656500
0.711459
0.721665
1.000000
0.010171
0.219692
0.556389
0.256826
0.607506
1.000000
0.010161
0.002551
0.614628
0.038307
0.677480
1.000000
0.010150
0.111712
0.617732
0.215589
0.752159
1.000000
0.010134
0.663684
0.625014
0.709709
0.685215
1.000000
0.010124
0.531889
0.878854
0.581795
0.939753
1.000000
0.010108
0.145320
0.425120
0.181791
0.479794
1.000000
0.010088
0.195366
0.521047
0.235667
0.578566
1.000000
0.010039
0.413515
0.256852
0.460626
0.323224
