1.000000
0.943474
0.422711
0.318244
0.551690
0.507461
1.000000
0.078687
0.321869
0.333111
0.724265
1.018486
1.000000
0.062660
0.712638
0.508462
1.022342
1.070588
1.000000
0.036275
0.015207
0.477164
0.387283
1.097699
1.000000
0.033973
0.430618
0.423672
0.541433
0.598994
1.000000
0.023715
0.013790
0.951067
0.056056
0.994655
1.000000
0.023487
0.434191
0.439575
0.492709
0.522687
1.000000
0.022799
-0.002241
0.768372
0.248828
1.021055
1.000000
0.022199
0.963594
0.524389
0.997269
0.584907
1.000000
0.022076
0.164189
0.954485
0.212084
0.997013
1.000000
0.020463
0.779703
0.523851
0.869552
0.634203
1.000000
0.020052
0.961191
0.945922
0.999419
0.997177
1.000000
0.019728
0.584934
0.682145
0.666288
0.847365
1.000000
0.019454
0.941381
0.549780
0.987107
0.609527
1.000000
0.018976
0.117517
0.959897
0.159788
0.998494
1.000000
0.018806
0.771324
0.547996
0.812668
0.604217
1.000000
0.018723
0.225480
0.384207
0.316768
0.515556
1.000000
0.018334
0.940643
0.428276
1.002315
0.560286
1.000000
0.018327
0.003338
0.926207
0.037812
0.981115
1.000000
0.018260
0.967479
0.488777
0.999033
0.550440
1.000000
0.018186
0.810689
0.552889
0.852007
0.605131
1.000000
0.018144
0.519884
0.313478
0.630189
0.467892
1.000000
0.017675
0.212203
0.956184
0.258417
0.999987
1.000000
0.017254
0.320484
0.579541
0.427357
0.749722
1.000000
0.017238
0.670325
0.515051
0.773237
0.657894
1.000000
0.017209
0.454114
0.470666
0.518636
0.558005
1.000000
0.017123
0.065381
0.957876
0.106375
0.997790
1.000000
0.017026
0.617948
0.479209
0.709210
0.622626
1.000000
0.016930
0.392119
0.415947
0.438713
0.483746
1.000000
0.016925
0.368381
0.504432
0.473570
0.652259
1.000000
0.016781
0.323040
0.345571
0.414009
0.487291
1.000000
0.016704
0.456349
0.320704
0.519302
0.404006
1.000000
0.016704
0.505136
0.576741
0.609184
0.735978
1.000000
0.016468
0.535500
0.380783
0.587890
0.457658
1.000000
0.016367
0.966832
0.453051
0.999414
0.517297
1.000000
0.016349
0.965317
0.419434
0.997031
0.477909
1.000000
0.016287
0.588999
0.652872
0.631846
0.715297
1.000000
0.016233
0.270334
0.393286
0.306058
0.447119
1.000000
0.016117
0.924832
0.497980
0.996550
0.626426
1.000000
0.016008
0.436160
0.502656
0.493447
0.583873
1.000000
0.015914
0.248215
0.392038
0.283624
0.446502
1.000000
0.015866
0.506902
0.434256
0.560843
0.515155
1.000000
0.015727
0.264371
0.356523
0.359693
0.494437
1.000000
0.015705
0.169312
0.386013
0.262631
0.522307
1.000000
0.015687
0.376165
0.257624
0.467986
0.397548
1.000000
0.015609
0.324516
0.434769
0.419258
0.579386
1.000000
0.015542
0.528904
0.401465
0.626764
0.554183
1.000000
0.015480
0.422592
0.448440
0.604268
0.759372
1.000000
0.015409
0.242323
0.557712
0.280680
0.607014
1.000000
0.014967
0.963607
0.580603
0.999239
0.643147
1.000000
0.014829
0.869225
0.555496
0.905501
0.603346
1.000000
0.014828
0.618914
0.576431
0.712222
0.723572
1.000000
0.014802
0.964626
0.752989
0.998936
0.813418
1.000000
0.014794
0.416814
0.315749
0.465590
0.391554
1.000000
0.014704
0.963294
0.720453
0.998155
0.781352
1.000000
0.014691
0.913135
0.676967
0.997624
0.826042
1.000000
0.014654
0.189368
0.917806
0.281342
1.006433
1.000000
0.014635
0.553455
0.615961
0.644672
0.780105
1.000000
0.014585
0.089425
0.960414
0.132410
0.999035
1.000000
0.014542
0.213964
0.482027
0.307477
0.611995
1.000000
0.014522
0.267982
0.546788
0.370356
0.691266
1.000000
0.014521
0.119206
0.923453
0.213344
1.007508
1.000000
0.014508
0.823458
0.595500
0.922753
0.728884
1.000000
0.014423
0.840418
0.520552
0.934235
0.647332
1.000000
0.014404
0.267997
0.558223
0.305218
0.605337
1.000000
0.014380
0.905577
0.563996
0.998593
0.725449
1.000000
0.014380
0.672582
0.627470
0.764147
0.780815
1.000000
0.014131
0.589132
0.414951
0.676830
0.558647
1.000000
0.014087
0.922859
0.558346
0.961456
0.607801
1.000000
0.013971
0.634886
0.708134
0.719490
0.857973
1.000000
0.013965
0.506090
0.317181
0.556872
0.393491
1.000000
0.013958
0.058502
0.434043
0.155719
0.584776
1.000000
0.013882
0.418746
0.376688
0.474016
0.459629
1.000000
0.013873
0.222349
0.390300
0.257373
0.446169
1.000000
0.013838
0.865826
0.655171
0.910069
0.713925
1.000000
0.013767
0.343959
0.353680
0.383696
0.417942
1.000000
0.013761
0.845978
0.534012
0.881902
0.579040
1.000000
0.013757
0.014866
0.388067
0.054451
0.450440
1.000000
0.013725
0.266618
0.431225
0.362304
0.573423
1.000000
0.013677
0.312342
0.947817
0.360328
0.997581
1.000000
0.013673
0.664565
0.582652
0.709979
0.644425
1.000000
0.013663
0.818982
0.654401
0.860733
0.710412
1.000000
0.013618
0.866023
0.823907
0.999576
1.003646
1.000000
0.013615
0.416406
0.474889
0.469850
0.551712
1.000000
0.013586
0.394049
0.349654
0.439744
0.418723
1.000000
0.013528
0.391099
0.517590
0.437968
0.584193
1.000000
0.013467
0.266299
0.953209
0.309942
0.998100
1.000000
0.013451
0.562308
0.475672
0.656684
0.624377
1.000000
0.013448
0.964065
0.820281
0.999589
0.880808
1.000000
0.013434
0.132071
0.836688
0.312288
1.032048
1.000000
0.013430
0.146668
0.394736
0.179724
0.448867
1.000000
0.013385
0.681737
0.448440
0.875755
0.721630
1.000000
0.013378
0.146870
0.451792
0.180799
0.507943
1.000000
0.013375
0.818827
0.687936
0.860040
0.743688
1.000000
0.013257
0.377455
0.391954
0.485866
0.551968
1.000000
0.013251
0.246590
0.452362
0.280725
0.506265
1.000000
0.013208
0.664321
0.519085
0.708369
0.581158
1.000000
0.013202
0.247360
0.421175
0.283165
0.476955
1.000000
0.013151
0.010613
0.852674
0.051012
0.905744
1.000000
0.013146
0.967981
0.619475
1.000047
0.674387
1.000000
0.013137
0.443147
0.582745
0.488850
0.646476
1.000000
0.013056
0.724581
0.500606
0.821242
0.620799
1.000000
0.012909
0.122333
0.408005
0.212465
0.548840
1.000000
0.012885
0.243601
0.884214
0.341850
0.994933
1.000000
0.012855
0.269887
0.529695
0.305978
0.577761
1.000000
0.012791
0.172574
0.453478
0.206741
0.509020
1.000000
0.012766
0.489894
0.586876
0.535521
0.653023
1.000000
0.012759
0.439015
0.288171
0.489976
0.359158
1.000000
0.012716
0.501027
0.470554
0.607467
0.626784
1.000000
0.012659
0.559416
0.347366
0.610107
0.422241
1.000000
0.012646
0.172249
0.393180
0.206543
0.449610
1.000000
0.012630
0.463230
0.547136
0.514537
0.617742
1.000000
0.012610
0.195820
0.392098
0.230069
0.447235
1.000000
0.012595
0.413546
0.546938
0.462479
0.613488
1.000000
0.012547
0.694072
0.522766
0.736533
0.580018
1.000000
0.012532
0.447598
0.562271
0.540431
0.704620
1.000000
0.012504
0.193781
0.453588
0.228264
0.509078
1.000000
0.012492
0.736988
0.580361
0.831272
0.717665
1.000000
0.012467
0.789133
0.537091
0.831863
0.589048
1.000000
0.012436
0.011631
0.821974
0.051725
0.877023
1.000000
0.012359
0.962276
0.853445
0.999744
0.917453
1.000000
0.012343
0.749294
0.527811
0.790163
0.580710
1.000000
0.012325
0.719251
0.525923
0.758756
0.580974
1.000000
0.012321
0.243557
0.794057
0.423038
1.025652
1.000000
0.012314
0.239524
0.952394
0.287311
0.999515
1.000000
0.012306
0.637055
0.418101
0.731827
0.565434
1.000000
0.012294
0.869433
0.589809
0.908001
0.642453
1.000000
0.012278
0.063490
0.363411
0.157784
0.499413
1.000000
0.012231
0.816357
0.668783
0.920977
0.809068
1.000000
0.012222
0.300133
0.668866
0.395400
0.852136
1.000000
0.012175
0.640343
0.519463
0.680567
0.578980
1.000000
0.012167
0.616888
0.482192
0.658432
0.547216
1.000000
0.012163
0.120612
0.452393
0.155057
0.508956
1.000000
0.012115
0.344444
0.517852
0.385417
0.576048
1.000000
0.012076
0.640432
0.586123
0.682115
0.646216
1.000000
0.012048
0.001848
0.550589
0.035711
0.614352
1.000000
0.012041
0.311344
0.495582
0.501173
0.821943
1.000000
0.012013
0.535425
0.316170
0.587695
0.389243
1.000000
0.012012
0.435257
0.345505
0.499308
0.436650
1.000000
0.011925
0.918264
0.907960
0.996844
0.998762
1.000000
0.011920
0.592864
0.716690
0.638513
0.786863
1.000000
0.011895
0.270608
0.450749
0.305313
0.504561
1.000000
0.011880
0.842439
0.653326
0.887128
0.710006
1.000000
0.011877
0.589705
0.585356
0.636516
0.653895
1.000000
0.011870
0.963618
0.785712
0.999282
0.847413
1.000000
0.011861
0.183803
0.419687
0.371246
0.710930
1.000000
0.011855
0.718423
0.554979
0.759254
0.611553
1.000000
0.011830
0.614163
0.912540
0.699940
1.009565
1.000000
0.011801
0.896815
0.559758
0.933611
0.606671
1.000000
0.011796
0.093900
0.452486
0.128164
0.508895
1.000000
0.011704
0.002495
0.392913
0.069266
0.512307
1.000000
0.011673
0.473422
0.366073
0.540944
0.463025
1.000000
0.011673
0.368633
0.550696
0.414901
0.614203
1.000000
0.011657
0.769497
0.691441
0.807166
0.747491
1.000000
0.011638
0.391317
0.478444
0.440508
0.549427
1.000000
0.011599
0.272489
0.489362
0.305761
0.539211
1.000000
0.011545
0.966230
0.257246
0.997523
0.310580
1.000000
0.011533
0.037844
0.929397
0.083857
0.981257
1.000000
0.011524
0.222589
0.453332
0.256987
0.507091
1.000000
0.011516
0.214374
0.582063
0.306543
0.722884
1.000000
0.011494
0.588354
0.491271
0.771296
0.794869
1.000000
0.011490
0.773266
0.619684
0.866908
0.752191
1.000000
0.011475
0.291992
0.525682
0.330490
0.577949
1.000000
0.011436
0.640620
0.621838
0.680763
0.678859
1.000000
0.011428
0.895657
0.588222
0.931941
0.636209
1.000000
0.011425
0.613505
0.418630
0.656827
0.485894
1.000000
0.011425
0.915201
0.953034
0.962687
0.999255
1.000000
0.011327
0.070729
0.425014
0.105751
0.481916
1.000000
0.011316
0.967400
0.657752
0.999665
0.714932
1.000000
0.011304
0.341822
0.584591
0.387611
0.651422
1.000000
0.011302
0.850380
0.607551
1.007112
0.919759
1.000000
0.011296
0.270887
0.361182
0.305138
0.413097
1.000000
0.011270
0.223241
0.421197
0.258359
0.477151
1.000000
0.011265
0.222975
0.558695
0.258370
0.604889
1.000000
0.011249
0.578279
0.284877
0.680322
0.427155
1.000000
0.011240
0.004751
0.795298
0.035074
0.845085
1.000000
0.011186
0.317961
0.219051
0.404392
0.347417
1.000000
0.011168
0.615165
0.749368
0.656470
0.818590
1.000000
0.011165
0.965183
0.222412
0.996283
0.276378
1.000000
0.011143
0.324751
0.356486
0.360444
0.414055
1.000000
0.011129
0.602046
0.756205
0.688475
0.913498
1.000000
0.011107
0.967618
0.290285
0.998185
0.340979
1.000000
0.011104
0.298907
0.286064
0.390791
0.433863
1.000000
0.011101
0.122415
0.393368
0.156600
0.449756
1.000000
0.011097
0.918299
0.493581
0.955810
0.545641
1.000000
0.011096
0.717285
0.652340
0.758562
0.714702
1.000000
0.011071
0.509295
0.509778
0.559333
0.584305
1.000000
0.011054
0.247294
0.360774
0.281020
0.412728
1.000000
0.011039
0.048795
0.899204
0.158043
1.001650
1.000000
0.011036
0.266626
0.625130
0.304685
0.678505
1.000000
0.010985
0.266416
0.655277
0.304702
0.708568
1.000000
0.010966
0.618306
0.551612
0.659399
0.615763
1.000000
0.010953
0.245793
0.488075
0.280041
0.539746
1.000000
0.010945
0.071459
0.393246
0.105568
0.449742
1.000000
0.010938
0.664398
0.455114
0.705601
0.515412
1.000000
0.010936
0.716123
0.956321
0.759031
0.999363
1.000000
0.010901
0.012016
0.888343
0.051225
0.942156
1.000000
0.010849
0.538380
0.656341
0.585996
0.720732
1.000000
0.010841
0.940884
0.616154
0.986857
0.676527
1.000000
0.010820
0.691992
0.582954
0.736152
0.642605
1.000000
0.010819
0.640518
0.487031
0.681078
0.546549
1.000000
0.010814
0.194190
0.559111
0.230711
0.606641
1.000000
0.010807
0.317002
0.621403
0.362263
0.686246
1.000000
0.010802
0.743227
0.584966
0.782154
0.639063
1.000000
0.010792
0.717765
0.671679
0.807279
0.812671
1.000000
0.010788
0.663778
0.486780
0.706910
0.547894
1.000000
0.010774
0.816405
0.723208
0.858800
0.778163
1.000000
0.010765
0.788496
0.750610
0.888621
0.881535
1.000000
0.010763
0.667192
0.956617
0.708739
1.000276
1.000000
0.010763
0.941851
0.691054
0.988894
0.753502
1.000000
0.010748
0.289553
0.555795
0.330791
0.609130
1.000000
0.010747
0.818587
0.463910
0.912965
0.590997
1.000000
0.010729
0.794832
0.656160
0.832768
0.708900
1.000000
0.010709
0.173370
0.485319
0.207795
0.539356
1.000000
0.010689
0.564294
0.654446
0.609893
0.717696
1.000000
0.010675
0.558269
0.413488
0.608935
0.486729
1.000000
0.010664
0.815490
0.581670
0.854716
0.635965
1.000000
0.010655
0.792253
0.691689
0.831151
0.745206
1.000000
0.010646
0.471487
0.612565
0.516065
0.676284
1.000000
0.010520
0.003583
0.417911
0.036050
0.479314
1.000000
0.010491
0.202094
0.333892
0.291565
0.467898
1.000000
0.010480
0.242203
0.584962
0.280861
0.640047
1.000000
0.010474
0.768262
0.656991
0.806698
0.713754
1.000000
0.010422
0.095731
0.394384
0.128996
0.448855
1.000000
0.010418
0.642085
0.652325
0.680779
0.711408
1.000000
0.010407
0.769759
0.721300
0.808382
0.777416
1.000000
0.010377
0.316336
0.681802
0.361499
0.750682
1.000000
0.010370
0.242173
0.624342
0.283069
0.679295
1.000000
0.010353
0.000610
0.487390
0.068831
0.618158
1.000000
0.010330
0.614248
0.620356
0.655176
0.680894
1.000000
0.010313
0.369287
0.449968
0.411780
0.514370
1.000000
0.010278
0.173882
0.560229
0.207450
0.605922
1.000000
0.010260
0.590242
0.447307
0.637991
0.517402
1.000000
0.010252
0.221789
0.530058
0.258001
0.580117
1.000000
0.010215
0.292443
0.390546
0.329912
0.449039
1.000000
0.010210
0.144887
0.473428
0.234921
0.610552
1.000000
0.010201
0.694098
0.652464
0.736662
0.714196
1.000000
0.010199
0.671437
0.886365
0.768507
1.002409
1.000000
0.010194
0.792021
0.576575
0.832231
0.632275
1.000000
0.010194
0.663969
0.619935
0.708717
0.682178
1.000000
0.010166
0.639922
0.554269
0.681355
0.613864
1.000000
0.010166
0.671045
0.778091
0.764382
0.921672
1.000000
0.010162
0.194182
0.528578
0.229931
0.578980
1.000000
0.010148
0.291596
0.585496
0.332827
0.644532
1.000000
0.010138
0.414513
0.582428
0.461656
0.649920
1.000000
0.010136
0.338748
0.648183
0.383877
0.717427
1.000000
0.010129
0.610741
0.348859
0.656247
0.418400
1.000000
0.010127
0.614011
0.350904
0.709198
0.496426
1.000000
0.010122
0.842118
0.685388
0.886051
0.741773
1.000000
0.010117
0.266634
0.585484
0.306335
0.642023
1.000000
0.010115
0.396333
0.287490
0.439355
0.353970
1.000000
0.010099
0.893166
0.529294
0.931402
0.579934
1.000000
0.010069
0.590788
0.513942
0.638083
0.581922
1.000000
0.010062
0.343638
0.418454
0.385092
0.483587
1.000000
0.010033
0.588628
0.383744
0.636775
0.453130
