1.000000
0.931928
0.385788
0.303511
0.526122
0.556106
1.000000
0.082069
0.321079
0.341345
0.698791
1.013499
1.000000
0.048238
0.629062
0.380754
1.050333
1.019195
1.000000
0.038938
-0.008477
0.764016
0.256322
1.023116
1.000000
0.035700
0.018118
0.524784
0.426727
1.106827
1.000000
0.027258
0.456561
0.319323
0.513583
0.402635
1.000000
0.026017
0.482253
0.369022
0.540071
0.459964
1.000000
0.025121
0.164628
0.956155
0.209856
0.996004
1.000000
0.024778
0.509715
0.404253
0.613412
0.556560
1.000000
0.024711
0.391633
0.408206
0.440992
0.484881
1.000000
0.024485
0.012527
0.949659
0.055384
0.994832
1.000000
0.022722
0.559355
0.353282
0.650714
0.504226
1.000000
0.022427
0.389469
0.512320
0.437437
0.582167
1.000000
0.022045
0.961177
0.523702
0.996270
0.585759
1.000000
0.021788
0.459573
0.352182
0.567825
0.528028
1.000000
0.021740
0.370128
0.485056
0.413356
0.544844
1.000000
0.021183
0.391996
0.285173
0.437203
0.351929
1.000000
0.020046
0.406914
0.461627
0.521345
0.633345
1.000000
0.020015
0.319499
0.522381
0.426996
0.664801
1.000000
0.019988
0.778637
0.525464
0.868224
0.632673
1.000000
0.019848
0.326545
0.372302
0.424397
0.526668
1.000000
0.019791
0.118174
0.961042
0.159425
0.998803
1.000000
0.019498
0.465595
0.619135
0.511512
0.680974
1.000000
0.019248
0.356035
0.289896
0.463148
0.453445
1.000000
0.018984
0.272623
0.383587
0.363492
0.521641
1.000000
0.018885
0.356656
0.571693
0.473315
0.728169
1.000000
0.018738
0.002932
0.923743
0.038549
0.981951
1.000000
0.018723
0.219948
0.387960
0.312800
0.521179
1.000000
0.018669
0.480657
0.507036
0.584150
0.658971
1.000000
0.018456
0.430473
0.432099
0.494935
0.522569
1.000000
0.018342
0.509848
0.439340
0.562157
0.520335
1.000000
0.018231
0.940075
0.544830
0.986928
0.607694
1.000000
0.018227
0.771961
0.548717
0.813330
0.603710
1.000000
0.018186
0.412311
0.542956
0.464708
0.613233
1.000000
0.017900
0.809361
0.554599
0.851158
0.605910
1.000000
0.017763
0.368660
0.282083
0.409517
0.344191
1.000000
0.017671
0.961896
0.947942
0.998973
0.997068
1.000000
0.017654
0.314174
0.609424
0.423253
0.770124
1.000000
0.017429
0.415586
0.478606
0.616111
0.804624
1.000000
0.017411
0.324949
0.243316
0.420114
0.389103
1.000000
0.017392
0.559283
0.463077
0.659665
0.620991
1.000000
0.017115
0.216077
0.959691
0.258897
0.999072
1.000000
0.016914
0.937284
0.431414
1.003232
0.566697
1.000000
0.016640
0.370584
0.448722
0.414954
0.513714
1.000000
0.016446
0.065581
0.959081
0.106766
0.999306
1.000000
0.016407
0.413740
0.583940
0.464506
0.652699
1.000000
0.016327
0.390997
0.324123
0.439573
0.395858
1.000000
0.016219
0.436028
0.286393
0.489115
0.359716
1.000000
0.016204
0.372126
0.324618
0.412733
0.387236
1.000000
0.016101
0.374292
0.388383
0.415472
0.453254
1.000000
0.016099
0.271157
0.555524
0.376402
0.689037
1.000000
0.015963
0.669589
0.513196
0.769974
0.650184
1.000000
0.015954
0.433626
0.503842
0.493070
0.584117
1.000000
0.015916
0.725955
0.518735
0.821700
0.636848
1.000000
0.015809
0.344538
0.421213
0.385104
0.482316
1.000000
0.015781
0.452584
0.469128
0.514133
0.557436
1.000000
0.015708
0.558685
0.441863
0.614483
0.518556
1.000000
0.015645
0.268481
0.557823
0.306731
0.605505
1.000000
0.015626
0.435634
0.266857
0.557219
0.440707
1.000000
0.015426
0.172099
0.407535
0.266692
0.543622
1.000000
0.015409
0.091057
0.960567
0.133627
0.999403
1.000000
0.015332
0.616724
0.476311
0.709740
0.616388
1.000000
0.015266
0.298056
0.728790
0.389186
0.877287
1.000000
0.015231
0.964289
0.580792
0.999274
0.643718
1.000000
0.015211
0.141860
0.906602
0.237322
0.998538
1.000000
0.015142
0.611860
0.417939
0.654683
0.488602
1.000000
0.015139
0.430778
0.368709
0.497418
0.465498
1.000000
0.015021
0.819805
0.599644
0.912565
0.726329
1.000000
0.015019
0.411561
0.472628
0.470097
0.552621
1.000000
0.014978
0.869923
0.556303
0.905900
0.604570
1.000000
0.014944
0.531568
0.287500
0.630605
0.434577
1.000000
0.014904
0.533798
0.382024
0.584564
0.455110
1.000000
0.014822
0.314641
0.750600
0.359303
0.812500
1.000000
0.014800
0.267097
0.239278
0.452874
0.519432
1.000000
0.014765
0.964956
0.692245
0.997303
0.749725
1.000000
0.014738
0.212807
0.485861
0.308919
0.613941
1.000000
0.014678
0.551051
0.552243
0.652767
0.708977
1.000000
0.014562
0.344094
0.389309
0.383147
0.448734
1.000000
0.014522
0.966251
0.490547
0.999031
0.553618
1.000000
0.014483
0.059253
0.366323
0.158971
0.500833
1.000000
0.014398
0.481899
0.506789
0.534566
0.582341
1.000000
0.014388
0.344288
0.519874
0.386162
0.577246
1.000000
0.014368
0.196232
0.395801
0.229825
0.447434
1.000000
0.014302
0.868628
0.528209
0.904579
0.577618
1.000000
0.014274
0.458126
0.542018
0.511686
0.614910
1.000000
0.014160
0.041136
0.957192
0.084838
0.999110
1.000000
0.014157
0.242927
0.557471
0.282836
0.607438
1.000000
0.014115
0.914211
0.567786
0.999567
0.721932
1.000000
0.014051
0.591031
0.476548
0.638573
0.546305
1.000000
0.014022
0.562586
0.382911
0.611562
0.455820
1.000000
0.013991
0.317044
0.618937
0.366313
0.687642
1.000000
0.013946
0.768160
0.584885
0.862083
0.715325
1.000000
0.013914
0.221720
0.393601
0.257000
0.447758
1.000000
0.013846
0.819588
0.687434
0.859782
0.742027
1.000000
0.013815
0.683630
0.444673
0.879182
0.719527
1.000000
0.013813
0.820186
0.656898
0.860379
0.711136
1.000000
0.013808
0.964825
0.753610
0.998213
0.815353
1.000000
0.013801
0.413548
0.256985
0.460788
0.325227
1.000000
0.013791
0.511131
0.584376
0.562694
0.653474
1.000000
0.013751
0.441417
0.577897
0.540385
0.711729
1.000000
0.013726
0.367509
0.549522
0.414561
0.613257
1.000000
0.013626
0.870489
0.590825
0.907627
0.640986
1.000000
0.013621
0.010804
0.817880
0.052531
0.877653
1.000000
0.013599
0.967764
0.619548
0.999620
0.675927
1.000000
0.013581
0.138880
0.828931
0.321402
1.028107
1.000000
0.013578
0.538341
0.315396
0.587694
0.387296
1.000000
0.013546
0.844502
0.519753
0.936339
0.639971
1.000000
0.013435
0.511532
0.512691
0.559788
0.584939
1.000000
0.013332
0.919402
0.580416
0.959966
0.635086
1.000000
0.013326
0.510372
0.317488
0.558071
0.389187
1.000000
0.013266
0.591905
0.384687
0.636833
0.454125
1.000000
0.013244
0.174216
0.394472
0.207980
0.446516
1.000000
0.013227
0.246551
0.392763
0.281118
0.446496
1.000000
0.013206
0.014599
0.418787
0.057758
0.483807
1.000000
0.013191
0.291399
0.527155
0.330255
0.580291
1.000000
0.013140
0.288677
0.555261
0.331242
0.609268
1.000000
0.013139
0.611399
0.388552
0.699653
0.531831
1.000000
0.013067
0.271383
0.391065
0.306624
0.445627
1.000000
0.013050
0.087538
0.923877
0.181454
1.009575
1.000000
0.012973
0.009919
0.850917
0.051771
0.908125
1.000000
0.012959
0.294227
0.387241
0.332835
0.446970
1.000000
0.012958
0.117698
0.388805
0.216502
0.528106
1.000000
0.012932
0.266218
0.956820
0.309249
0.997968
1.000000
0.012856
0.004280
0.391179
0.036089
0.448282
1.000000
0.012856
0.320471
0.422773
0.358071
0.480085
1.000000
0.012774
0.293432
0.321800
0.388296
0.466391
1.000000
0.012771
0.487156
0.611871
0.595256
0.769721
1.000000
0.012771
0.345867
0.484403
0.387498
0.543799
1.000000
0.012757
0.611932
0.350764
0.654416
0.419926
1.000000
0.012734
0.295020
0.449238
0.333644
0.509126
1.000000
0.012710
0.319529
0.388740
0.356950
0.447601
1.000000
0.012704
0.921843
0.531244
0.963537
0.586315
1.000000
0.012693
0.193187
0.917315
0.284660
1.005296
1.000000
0.012663
0.663588
0.517292
0.708603
0.581280
1.000000
0.012630
0.004341
0.792002
0.036577
0.847331
1.000000
0.012620
0.672645
0.709034
0.764866
0.859133
1.000000
0.012564
0.338005
0.583644
0.388998
0.655731
1.000000
0.012560
0.221515
0.451581
0.256616
0.506200
1.000000
0.012549
0.486313
0.549157
0.537457
0.618836
1.000000
0.012538
0.846969
0.532335
0.882609
0.577174
1.000000
0.012480
0.270228
0.530560
0.307503
0.580625
1.000000
0.012463
0.967185
0.454024
1.000233
0.518999
1.000000
0.012436
0.962676
0.818836
0.998123
0.879769
1.000000
0.012419
0.291243
0.585729
0.334485
0.644849
1.000000
0.012371
0.002933
0.429592
0.074561
0.548377
1.000000
0.012345
0.006674
0.905025
0.086643
0.997744
1.000000
0.012345
0.966704
0.658132
0.998819
0.715846
1.000000
0.012337
0.693294
0.521331
0.736450
0.579716
1.000000
0.012320
0.920852
0.680929
0.998832
0.832737
1.000000
0.012275
0.270933
0.452443
0.305543
0.506392
1.000000
0.012273
0.788434
0.537345
0.830805
0.588221
1.000000
0.012234
0.966237
0.419511
0.997885
0.477791
1.000000
0.012218
0.182984
0.422352
0.379728
0.701882
1.000000
0.012214
0.246576
0.451680
0.281487
0.507357
1.000000
0.012211
0.346501
0.356375
0.385782
0.417331
1.000000
0.012200
0.359942
0.225291
0.403780
0.282759
1.000000
0.012195
0.750771
0.528505
0.790599
0.579818
1.000000
0.012184
0.315394
0.683136
0.363721
0.751641
1.000000
0.012143
0.866094
0.826293
1.000202
1.007161
1.000000
0.012072
0.314649
0.784585
0.358829
0.843423
1.000000
0.012021
0.640182
0.455142
0.680174
0.516276
1.000000
0.011980
0.067978
0.425595
0.104921
0.482517
1.000000
0.011975
0.145154
0.454236
0.179002
0.507550
1.000000
0.011975
0.587465
0.586217
0.635767
0.653347
1.000000
0.011970
0.861965
0.556858
1.009392
0.873413
1.000000
0.011969
0.866875
0.688512
0.906790
0.741933
1.000000
0.011967
0.337553
0.567376
0.544097
0.892485
1.000000
0.011955
0.865478
0.657008
0.905764
0.711492
1.000000
0.011899
0.147193
0.394149
0.180953
0.444924
1.000000
0.011881
0.815450
0.583233
0.854698
0.636230
1.000000
0.011866
0.336918
0.721043
0.383976
0.783654
1.000000
0.011846
0.665404
0.582663
0.710947
0.645440
1.000000
0.011844
0.867158
0.622899
0.907536
0.677123
1.000000
0.011844
0.609298
0.610072
0.703102
0.765499
1.000000
0.011835
0.087227
-0.016584
0.534511
0.692155
1.000000
0.011806
0.711690
0.582894
0.808204
0.721566
1.000000
0.011672
0.119938
0.454422
0.155148
0.508828
1.000000
0.011662
0.011212
0.886410
0.051478
0.943605
1.000000
0.011661
0.718078
0.526067
0.756950
0.580376
1.000000
0.011641
0.640152
0.516399
0.682526
0.579150
1.000000
0.011604
0.346482
0.250177
0.387078
0.312671
1.000000
0.011604
0.534470
0.473946
0.588456
0.549064
1.000000
0.011594
0.562000
0.539384
0.760742
0.863587
1.000000
0.011582
0.318207
0.522955
0.358675
0.577139
1.000000
0.011567
0.195997
0.451595
0.230708
0.507182
1.000000
0.011556
0.272596
0.488654
0.306120
0.538885
1.000000
0.011520
0.641142
0.586281
0.683082
0.646740
1.000000
0.011517
0.602772
0.735154
0.693712
0.897195
1.000000
0.011486
0.894681
0.588860
0.931094
0.637076
1.000000
0.011438
0.071024
0.394334
0.106301
0.449845
1.000000
0.011410
0.408823
0.345712
0.466969
0.432296
1.000000
0.011399
0.296323
0.435741
0.390111
0.572196
1.000000
0.011386
0.896365
0.558188
0.934582
0.607064
1.000000
0.011366
0.729064
0.557080
0.927758
0.858558
1.000000
0.011358
0.271462
0.422716
0.306255
0.477029
1.000000
0.011358
0.316266
0.556431
0.360345
0.612701
1.000000
0.011311
0.798605
0.650749
0.888009
0.783861
1.000000
0.011272
0.843108
0.556563
0.880838
0.604873
1.000000
0.011255
0.388711
0.612339
0.442167
0.684700
1.000000
0.011219
0.036009
0.427022
0.143685
0.582387
1.000000
0.011204
0.359290
0.611137
0.413923
0.686632
1.000000
0.011173
0.003738
0.725012
0.034573
0.779450
1.000000
0.011149
0.616055
0.513415
0.659943
0.582098
1.000000
0.011137
0.507412
0.352712
0.554925
0.431616
1.000000
0.011134
0.120343
0.392979
0.155500
0.446575
1.000000
0.011076
0.146284
0.423993
0.181172
0.478044
1.000000
0.011067
0.717505
0.555362
0.758337
0.611455
1.000000
0.011026
0.295010
0.621573
0.339400
0.682729
1.000000
0.011023
0.245545
0.422491
0.280627
0.477475
1.000000
0.010994
0.144481
0.936944
0.190052
0.985831
1.000000
0.010983
0.362942
0.720714
0.407432
0.781075
1.000000
0.010941
0.298558
0.727078
0.338158
0.781448
1.000000
0.010936
0.533653
0.551870
0.587348
0.622005
1.000000
0.010906
0.644022
0.572078
0.740273
0.715597
1.000000
0.010887
0.791634
0.576708
0.832367
0.632010
1.000000
0.010879
0.094510
0.393196
0.128663
0.446187
1.000000
0.010878
0.665063
0.455386
0.705416
0.515545
1.000000
0.010872
0.795233
0.656913
0.832954
0.708420
1.000000
0.010842
0.222616
0.487214
0.257101
0.538416
1.000000
0.010837
0.565465
0.285330
0.609722
0.348852
1.000000
0.010814
0.485784
0.290357
0.535824
0.359945
1.000000
0.010806
0.004423
0.246438
0.316854
0.809774
1.000000
0.010792
0.010806
0.755524
0.051363
0.816055
1.000000
0.010788
0.221766
0.558828
0.258401
0.604264
1.000000
0.010767
0.248151
0.334343
0.338284
0.467844
1.000000
0.010665
0.477796
0.219057
0.584563
0.369968
1.000000
0.010656
0.093952
0.453702
0.129464
0.509333
1.000000
0.010648
0.193267
0.558506
0.230955
0.605158
1.000000
0.010614
0.334940
0.644566
0.385117
0.715769
1.000000
0.010613
0.266965
0.584840
0.307524
0.640340
1.000000
0.010602
0.841661
0.686781
0.882868
0.740611
1.000000
0.010580
0.295137
0.485584
0.331758
0.541316
1.000000
0.010535
0.002978
0.451970
0.037179
0.514888
1.000000
0.010506
0.818886
0.626103
0.859232
0.679640
1.000000
0.010487
0.253049
0.641084
0.442243
0.952094
1.000000
0.010486
0.794517
0.691464
0.833261
0.744766
1.000000
0.010449
0.844570
0.589994
0.881481
0.639311
1.000000
0.010401
0.320769
0.485516
0.358753
0.540473
1.000000
0.010358
0.692095
0.553792
0.738570
0.615792
1.000000
0.010327
0.907784
0.493079
0.993175
0.622351
1.000000
0.010325
0.391764
0.723457
0.432504
0.777313
1.000000
0.010320
0.459861
0.255642
0.509921
0.325645
1.000000
0.010304
0.386035
0.665105
0.487888
0.815418
1.000000
0.010262
0.246238
0.487535
0.280412
0.539245
1.000000
0.010236
0.588606
0.653747
0.633612
0.718089
1.000000
0.010231
0.312548
0.954308
0.358708
0.999355
1.000000
0.010228
0.324512
0.251534
0.360214
0.308505
1.000000
0.010185
0.323567
0.284506
0.358016
0.339797
1.000000
0.010175
0.547277
0.681542
0.652167
0.885641
1.000000
0.010136
0.641558
0.654034
0.680539
0.712419
1.000000
0.010134
0.643116
0.390983
0.679865
0.448834
1.000000
0.010102
0.692312
0.652985
0.733161
0.710980
1.000000
0.010039
0.919069
0.659483
0.957599
0.711510
1.000000
0.010037
0.172915
0.559882
0.207602
0.604252
1.000000
0.010028
0.717641
0.680912
0.810174
0.826669
1.000000
0.010026
0.240758
0.922657
0.287866
0.978113
