1.000000
0.169659
0.217790
0.321587
0.630942
0.928007
1.000000
0.031168
0.745023
0.479397
1.011202
1.027289
1.000000
0.030007
0.960342
0.515132
0.997204
0.580873
1.000000
0.029331
0.930373
0.439763
0.999959
0.566873
1.000000
0.029051
0.861728
0.566822
0.900651
0.615576
1.000000
0.026522
0.815820
0.539584
0.905302
0.650045
1.000000
0.025352
0.918541
0.525525
0.960474
0.581228
1.000000
0.024838
0.813119
0.582069
0.860712
0.640366
1.000000
0.022897
0.915385
0.555678
0.954070
0.607046
1.000000
0.022856
0.841596
0.581427
0.886854
0.636414
1.000000
0.022284
0.964660
0.583511
0.997902
0.645381
1.000000
0.021956
0.474779
0.865482
0.591425
0.986211
1.000000
0.021859
0.118747
0.667495
0.517211
0.997785
1.000000
0.021065
0.542148
0.460209
0.585834
0.530221
1.000000
0.020824
0.391620
0.458814
0.587779
0.829344
1.000000
0.020602
0.537332
0.441604
0.616573
0.584688
1.000000
0.020440
0.914581
0.582294
0.954019
0.637127
1.000000
0.020403
0.910681
0.560136
0.997150
0.713262
1.000000
0.020252
0.932963
0.509141
1.001088
0.630385
1.000000
0.019586
0.458321
0.535077
0.561428
0.718479
1.000000
0.019402
0.767066
0.561925
0.805852
0.614929
1.000000
0.019092
0.587640
0.950670
0.636678
0.998011
1.000000
0.018460
0.508411
0.949723
0.560834
1.000359
1.000000
0.017559
0.881450
0.490679
0.974449
0.618655
1.000000
0.017544
0.302224
0.128477
0.531915
0.412445
1.000000
0.017511
0.539158
0.513656
0.631008
0.673703
1.000000
0.017238
0.780337
0.567878
0.874604
0.689431
1.000000
0.017236
0.547037
0.203472
0.966916
0.847848
1.000000
0.017208
0.187307
0.648827
0.280296
0.768147
1.000000
0.016953
0.919996
0.485713
0.962121
0.547444
1.000000
0.016867
0.617473
0.914250
0.721005
1.001747
1.000000
0.016637
0.538793
0.646152
0.584278
0.710331
1.000000
0.016533
0.511849
0.830550
0.719240
1.018262
1.000000
0.016486
0.637100
0.948176
0.688684
0.997857
1.000000
0.016333
0.868014
0.534061
0.906543
0.584994
1.000000
0.016201
0.795762
0.566461
0.838834
0.618959
1.000000
0.016121
0.209937
0.684026
0.260430
0.747477
1.000000
0.016085
0.544077
0.504530
0.589777
0.572363
1.000000
0.016048
0.720855
0.548863
0.817217
0.675599
1.000000
0.015809
0.837107
0.413221
0.930746
0.548992
1.000000
0.015698
0.914241
0.677845
0.997923
0.851539
1.000000
0.015666
0.126612
0.415555
0.221140
0.565911
1.000000
0.015638
0.865518
0.615909
0.906203
0.669698
1.000000
0.015578
0.115758
0.615282
0.220106
0.755038
1.000000
0.015511
0.710507
0.953618
0.757525
0.999579
1.000000
0.015325
0.381918
0.880972
0.496898
0.991643
1.000000
0.015287
0.964117
0.426361
0.999002
0.486959
1.000000
0.015218
0.056121
0.545172
0.156453
0.700339
1.000000
0.015159
0.498848
0.599570
0.602000
0.756762
1.000000
0.015093
0.866182
0.452277
0.903910
0.504657
1.000000
0.015040
0.736561
0.445503
0.925990
0.712447
1.000000
0.015006
0.575718
0.418727
0.765677
0.723910
1.000000
0.014968
0.773038
0.500307
0.871545
0.628737
1.000000
0.014788
0.380557
0.679236
0.526936
0.865508
1.000000
0.014701
0.684016
0.687734
0.781295
0.828581
1.000000
0.014692
0.898597
0.530878
0.937570
0.581215
1.000000
0.014608
0.161107
0.945890
0.209855
0.997932
1.000000
0.014605
0.838905
0.614491
0.934764
0.755907
1.000000
0.014545
0.537531
0.951617
0.589125
1.001542
1.000000
0.014423
0.795707
0.612014
0.840740
0.671201
1.000000
0.014339
0.764370
0.951425
0.811472
0.999479
1.000000
0.014319
0.091135
0.474133
0.182906
0.627192
1.000000
0.014313
0.811196
0.948114
0.863551
0.999423
1.000000
0.014286
0.236522
0.278555
0.370681
0.433957
1.000000
0.014251
0.941471
0.614655
0.985265
0.672830
1.000000
0.014116
0.744719
0.580513
0.789480
0.643818
1.000000
0.014083
0.613824
0.931818
0.665250
0.985778
1.000000
0.013934
0.965699
0.692001
0.998230
0.751793
1.000000
0.013821
0.406583
0.741577
0.630967
0.997190
1.000000
0.013713
0.673214
0.913560
0.777635
1.005227
1.000000
0.013642
0.145805
0.677815
0.243980
0.809604
1.000000
0.013559
0.867868
0.490516
0.903624
0.540285
1.000000
0.013433
0.796189
0.674929
0.890750
0.818261
1.000000
0.013430
0.916347
0.614607
0.955458
0.666635
1.000000
0.013427
0.061586
0.416093
0.154758
0.564008
1.000000
0.013412
0.464792
0.950713
0.516907
0.999639
1.000000
0.013375
0.413103
0.955558
0.462733
1.000257
1.000000
0.013344
0.816073
0.650480
0.860793
0.708198
1.000000
0.013288
0.113702
0.397017
0.301506
0.711888
1.000000
0.013287
0.714264
0.617704
0.810221
0.752030
1.000000
0.013266
0.535538
0.907517
0.637851
1.004831
1.000000
0.013264
0.478846
0.414786
0.644058
0.714028
1.000000
0.013262
0.867068
0.654837
0.908189
0.711993
1.000000
0.013105
0.864391
0.806217
0.999325
0.999985
1.000000
0.013104
0.936696
0.372488
1.006576
0.503649
1.000000
0.013036
0.108608
0.793331
0.287378
1.019309
1.000000
0.012917
0.608536
0.688033
0.719980
0.835480
1.000000
0.012797
0.769128
0.915081
0.868935
1.006646
1.000000
0.012785
0.668201
0.517631
0.767170
0.655719
1.000000
0.012731
0.843814
0.533471
0.884757
0.584136
1.000000
0.012705
0.562431
0.616053
0.606218
0.681770
1.000000
0.012705
0.002288
0.548674
0.066371
0.675003
1.000000
0.012681
0.183618
0.734545
0.284338
0.870544
1.000000
0.012607
0.765592
0.616327
0.807738
0.675981
1.000000
0.012586
0.467098
0.912207
0.524849
0.979549
1.000000
0.012467
0.894004
0.618210
0.932252
0.668961
1.000000
0.012463
0.717291
0.581778
0.761705
0.645386
1.000000
0.012453
0.361730
0.598359
0.486350
0.782148
1.000000
0.012447
0.537481
0.679964
0.585321
0.748457
1.000000
0.012362
0.767620
0.529336
0.807395
0.584792
1.000000
0.012347
0.967901
0.655311
0.999759
0.713888
1.000000
0.012347
0.816734
0.720635
0.860703
0.779909
1.000000
0.012323
0.151039
0.871754
0.248698
0.995217
1.000000
0.012297
0.899577
0.490905
0.937998
0.545491
1.000000
0.012175
0.700267
0.751352
0.802255
0.891663
1.000000
0.012173
0.483226
0.641982
0.541185
0.718448
1.000000
0.012159
0.896610
0.456381
0.936993
0.511771
1.000000
0.012100
0.142456
0.544848
0.244378
0.694399
1.000000
0.012016
0.037745
0.485182
0.214389
0.812516
1.000000
0.011985
0.138766
0.619413
0.183636
0.677675
1.000000
0.011974
0.564893
0.541445
0.610722
0.606955
1.000000
0.011974
0.458894
0.656275
0.580224
0.834303
1.000000
0.011965
0.967301
0.391175
1.001079
0.451900
1.000000
0.011942
0.120607
0.553755
0.158574
0.611106
1.000000
0.011869
0.893116
0.259991
0.932227
0.316048
1.000000
0.011842
0.173931
0.276755
0.424920
0.612081
1.000000
0.011790
0.374834
0.205352
0.498616
0.352731
1.000000
0.011784
0.816620
0.531430
0.859335
0.585169
1.000000
0.011747
0.193375
0.312257
0.310018
0.467285
1.000000
0.011726
0.574574
0.436555
0.673199
0.594533
1.000000
0.011686
0.542565
0.581747
0.585494
0.646173
1.000000
0.011669
0.511226
0.326932
0.615694
0.484987
1.000000
0.011635
0.558866
0.610433
0.657931
0.757945
1.000000
0.011600
0.564123
0.576046
0.610492
0.645418
1.000000
0.011520
0.844442
0.651981
0.884926
0.706279
1.000000
0.011514
0.739440
0.682451
0.833796
0.823447
1.000000
0.011436
0.744814
0.531304
0.783571
0.583984
1.000000
0.011387
0.792765
0.529745
0.833437
0.581964
1.000000
0.011331
0.114030
0.648547
0.161999
0.715253
1.000000
0.011316
0.146766
0.350170
0.248897
0.505621
1.000000
0.011206
0.689429
0.720681
0.735037
0.780651
1.000000
0.011183
0.010895
0.477410
0.102219
0.634231
1.000000
0.011101
0.055204
0.639810
0.160517
0.802621
1.000000
0.011096
0.511081
0.849432
0.567934
0.919618
1.000000
0.011076
0.771172
0.418275
0.868846
0.549408
1.000000
0.011026
0.166439
0.683482
0.217880
0.748960
1.000000
0.011021
0.167139
0.480672
0.208696
0.546243
1.000000
0.011019
0.485351
0.578522
0.536948
0.653569
1.000000
0.011009
0.964548
0.951194
1.000196
0.999932
1.000000
0.010893
0.967206
0.252881
0.999212
0.311829
1.000000
0.010873
0.435704
0.254661
0.557682
0.400295
1.000000
0.010854
0.529164
0.672595
0.634962
0.832187
1.000000
0.010778
0.717076
0.617454
0.763127
0.680861
1.000000
0.010777
0.627135
0.756411
0.743614
0.900678
1.000000
0.010758
0.089716
0.589341
0.134118
0.650228
1.000000
0.010738
0.771736
0.753077
0.867687
0.888441
1.000000
0.010670
0.002457
0.614955
0.037915
0.679385
1.000000
0.010641
0.967969
0.287799
0.999585
0.343022
1.000000
0.010631
0.237225
0.676385
0.341474
0.809381
1.000000
0.010617
0.771648
0.490027
0.807682
0.541092
1.000000
0.010606
0.002547
0.656546
0.063819
0.785778
1.000000
0.010590
0.088577
0.647713
0.136320
0.713953
1.000000
0.010589
0.609031
0.581659
0.708203
0.715806
1.000000
0.010588
0.692739
0.584733
0.737141
0.646105
1.000000
0.010580
0.138267
0.685310
0.189272
0.751383
1.000000
0.010579
0.456616
0.228093
0.668781
0.563523
1.000000
0.010570
0.844045
0.489263
0.883417
0.541059
1.000000
0.010553
0.506526
0.249045
0.613300
0.389831
1.000000
0.010470
0.842719
0.426703
0.882982
0.477475
1.000000
0.010410
0.968794
0.356770
1.000786
0.414292
1.000000
0.010373
0.314728
0.222459
0.360285
0.280085
1.000000
0.010321
0.504033
0.551506
0.714952
0.852293
1.000000
0.010316
0.740604
0.651191
0.787189
0.714622
1.000000
0.010292
0.816605
0.687829
0.860765
0.746287
1.000000
0.010250
0.792264
0.652488
0.835060
0.708054
1.000000
0.010222
0.869647
0.686012
0.911003
0.744723
1.000000
0.010197
0.438246
0.647262
0.487370
0.718017
1.000000
0.010191
0.118086
0.590077
0.160928
0.650307
1.000000
0.010185
0.964877
0.752214
0.997787
0.817505
1.000000
0.010171
0.190267
0.709321
0.240270
0.772599
1.000000
0.010152
0.816848
0.755123
0.859214
0.810813
1.000000
0.010117
0.164728
0.588284
0.211871
0.649984
1.000000
0.010083
0.457060
0.352808
0.561603
0.523873
1.000000
0.010074
0.740111
0.720870
0.782170
0.780517
1.000000
0.010023
0.967629
0.322506
1.000205
0.381031
1.000000
0.010016
0.720350
0.526082
0.758677
0.581961
1.000000
0.010002
0.818926
0.452595
0.858824
0.505517
