1.000000
0.975385
0.401833
0.255530
0.613158
0.587072
1.000000
0.149350
0.280833
0.347386
0.657534
0.898333
1.000000
0.029128
0.931755
0.438758
0.999406
0.572739
1.000000
0.027928
0.862672
0.565533
0.899928
0.614281
1.000000
0.025323
0.960354
0.512171
0.996735
0.581333
1.000000
0.024941
0.754849
0.470688
1.006449
1.001293
1.000000
0.022737
0.424275
0.508838
0.560395
0.707259
1.000000
0.022630
0.371922
0.423018
0.414343
0.486069
1.000000
0.021675
0.323160
0.438867
0.427576
0.586301
1.000000
0.021428
0.839227
0.531511
0.924643
0.652876
1.000000
0.020561
0.518879
0.768874
0.610834
0.899886
1.000000
0.020437
0.462533
0.212785
0.514204
0.281516
1.000000
0.020043
0.387358
0.375044
0.511828
0.557588
1.000000
0.019894
0.388228
0.482318
0.432745
0.546781
1.000000
0.019507
0.056813
-0.060745
0.568690
0.742809
1.000000
0.019166
0.846157
0.581720
0.886839
0.634162
1.000000
0.019131
0.532987
0.810396
0.584154
0.878057
1.000000
0.018964
0.390075
0.519777
0.433470
0.577550
1.000000
0.018770
0.964664
0.582109
0.997715
0.645386
1.000000
0.018729
0.391953
0.557336
0.434648
0.613120
1.000000
0.018585
0.442689
0.226030
0.573760
0.401925
1.000000
0.018569
0.415865
0.517232
0.829587
1.047794
1.000000
0.018563
0.816622
0.585645
0.860204
0.639849
1.000000
0.018506
0.383435
0.442547
0.430580
0.513051
1.000000
0.018260
0.917854
0.557644
0.953793
0.608429
1.000000
0.018247
0.920991
0.525032
0.959719
0.581378
1.000000
0.017751
0.364600
0.468692
0.478011
0.618526
1.000000
0.017502
0.706798
0.910066
0.809717
1.003332
1.000000
0.017317
0.411161
0.579017
0.463963
0.648635
1.000000
0.017310
0.219914
0.563011
0.255369
0.607928
1.000000
0.017248
0.758843
0.949162
0.807651
0.998948
1.000000
0.017107
0.765913
0.562275
0.805727
0.616075
1.000000
0.016996
0.575004
0.826292
0.752823
1.015254
1.000000
0.016862
0.685155
0.437449
0.889711
0.734953
1.000000
0.016807
0.354957
0.343623
0.453523
0.497807
1.000000
0.016443
0.883042
0.397754
1.002601
0.659420
1.000000
0.016304
0.374289
0.280550
0.490750
0.442963
1.000000
0.016297
0.612628
0.951162
0.658256
0.997925
1.000000
0.016235
0.588896
0.920289
0.633958
0.975662
1.000000
0.016094
0.367338
0.565416
0.485761
0.717407
1.000000
0.016048
0.813026
0.949403
0.863482
0.999265
1.000000
0.015938
0.592310
0.905972
0.687788
1.001932
1.000000
0.015841
0.452377
0.613000
0.568372
0.791747
1.000000
0.015816
0.289354
0.405448
0.388699
0.538873
1.000000
0.015702
0.507373
0.305106
0.627570
0.497280
1.000000
0.015691
0.791844
0.498023
0.890556
0.630049
1.000000
0.015513
0.869193
0.533516
0.905838
0.585167
1.000000
0.015510
0.571777
0.365969
0.674198
0.542624
1.000000
0.015398
0.508448
0.249206
0.562028
0.324416
1.000000
0.015193
0.654211
0.685112
0.759182
0.827281
1.000000
0.015145
0.942106
0.544739
0.985768
0.608636
1.000000
0.015125
0.483421
0.513598
0.537709
0.584361
1.000000
0.015080
0.410528
0.482106
0.465270
0.550641
1.000000
0.014882
0.908712
0.549751
0.997606
0.722687
1.000000
0.014856
0.816949
0.615739
0.859531
0.670712
1.000000
0.014659
0.235660
0.348956
0.439343
0.616314
1.000000
0.014654
0.241859
0.448634
0.337990
0.574310
1.000000
0.014651
0.816049
0.414636
0.908450
0.541514
1.000000
0.014602
0.568144
0.952386
0.610528
0.997305
1.000000
0.014602
0.713401
0.949240
0.762062
0.998175
1.000000
0.014549
0.318160
0.564680
0.360590
0.611785
1.000000
0.014523
0.684525
0.917649
0.735657
0.979823
1.000000
0.014522
0.012424
0.614545
0.055908
0.675887
1.000000
0.014508
0.014576
0.451603
0.054124
0.514376
1.000000
0.014342
0.308773
0.546432
0.419824
0.675797
1.000000
0.014323
0.567862
0.483141
0.773321
0.778990
1.000000
0.014245
0.438519
0.512817
0.494244
0.579549
1.000000
0.014176
0.798906
0.572003
0.891435
0.697244
1.000000
0.014131
0.505731
0.445041
0.563275
0.526535
1.000000
0.014126
0.486941
0.578493
0.537665
0.649922
1.000000
0.014093
0.869081
0.493052
0.904249
0.543264
1.000000
0.014012
0.866533
0.453235
0.903277
0.505472
1.000000
0.013726
0.921587
0.485585
0.962461
0.547820
1.000000
0.013719
0.469192
0.708124
0.578085
0.864532
1.000000
0.013673
0.748674
0.548974
0.840354
0.669985
1.000000
0.013658
0.666005
0.950879
0.711334
0.997278
1.000000
0.013654
0.639158
0.953128
0.684593
0.999118
1.000000
0.013642
0.678603
0.750220
0.782330
0.898312
1.000000
0.013633
0.866686
0.617578
0.907054
0.672780
1.000000
0.013580
0.433437
0.277228
0.493154
0.363016
1.000000
0.013467
0.461802
0.544791
0.517224
0.617264
1.000000
0.013454
0.000893
0.549958
0.064367
0.668361
1.000000
0.013438
0.411271
0.313009
0.466268
0.389669
1.000000
0.013416
0.864036
0.807425
1.000772
0.999923
1.000000
0.013278
0.366169
0.558258
0.410764
0.612242
1.000000
0.013248
0.963780
0.425581
0.998723
0.488161
1.000000
0.013233
0.744263
0.751591
0.838683
0.888062
1.000000
0.013211
0.197889
0.560458
0.236952
0.610159
1.000000
0.013188
0.965900
0.692153
0.997547
0.750004
1.000000
0.013174
0.228565
0.485642
0.459298
0.766667
1.000000
0.013167
0.906682
0.672854
0.994788
0.835943
1.000000
0.013140
0.516465
0.955665
0.557758
0.998162
1.000000
0.013057
0.688577
0.715280
0.736075
0.779169
1.000000
0.013012
0.663927
0.477685
0.766524
0.623108
1.000000
0.012979
0.222526
0.420232
0.257259
0.472076
1.000000
0.012926
0.459733
0.424840
0.594342
0.621753
1.000000
0.012844
0.527676
0.679244
0.637771
0.855012
1.000000
0.012704
0.294074
0.561019
0.335031
0.607130
1.000000
0.012702
0.541810
0.955005
0.586101
1.000097
1.000000
0.012647
0.896989
0.562734
0.934032
0.611558
1.000000
0.012636
0.892936
0.258479
0.932079
0.314411
1.000000
0.012578
0.059375
0.544246
0.164633
0.682357
1.000000
0.012537
0.472757
0.907428
0.558764
1.007179
1.000000
0.012515
0.793411
0.566569
0.835003
0.617021
1.000000
0.012492
0.719476
0.494693
0.814875
0.627159
1.000000
0.012444
0.095819
0.458283
0.130191
0.512494
1.000000
0.012400
0.442170
0.794513
0.617504
1.014314
1.000000
0.012261
0.271395
0.561569
0.307002
0.604012
1.000000
0.012139
0.436979
0.447594
0.493297
0.522233
1.000000
0.012117
0.942529
0.614416
0.985280
0.672768
1.000000
0.012081
0.780743
0.905411
0.886719
1.003563
1.000000
0.012018
0.003170
0.587429
0.038057
0.649610
1.000000
0.012005
0.295140
0.448844
0.332296
0.504558
1.000000
0.011985
0.793414
0.673453
0.889822
0.824888
1.000000
0.011977
0.242345
0.562185
0.280293
0.606845
1.000000
0.011925
0.486094
0.279359
0.543012
0.361840
1.000000
0.011898
0.716974
0.404820
0.814400
0.540326
1.000000
0.011876
0.602543
0.468896
0.707997
0.627409
1.000000
0.011870
0.520359
0.842468
0.562581
0.899965
1.000000
0.011784
0.413641
0.698504
0.516751
0.847149
1.000000
0.011757
0.317369
0.451307
0.355169
0.504255
1.000000
0.011753
0.547964
0.871488
0.645454
0.989993
1.000000
0.011721
0.083961
0.482224
0.289802
0.780337
1.000000
0.011694
0.372073
0.348964
0.413373
0.416328
1.000000
0.011675
0.265534
0.502986
0.370864
0.621329
1.000000
0.011649
0.486601
0.376766
0.541874
0.453489
1.000000
0.011645
0.271733
0.451612
0.305775
0.502995
1.000000
0.011625
0.531729
0.484934
0.633586
0.655063
1.000000
0.011622
0.121123
0.458298
0.156311
0.514820
1.000000
0.011614
0.967042
0.251936
0.999139
0.311476
1.000000
0.011593
0.538135
0.476277
0.593717
0.551069
1.000000
0.011570
0.143461
0.455802
0.178767
0.511970
1.000000
0.011546
0.600422
0.742859
0.717584
0.897518
1.000000
0.011529
0.494807
0.555097
0.608382
0.728098
1.000000
0.011511
0.063124
0.443908
0.164503
0.591140
1.000000
0.011503
0.184784
0.580642
0.287147
0.703743
1.000000
0.011488
0.509948
0.614955
0.562235
0.688019
1.000000
0.011472
0.509427
0.547052
0.561092
0.615842
1.000000
0.011459
0.192688
0.409020
0.285558
0.534004
1.000000
0.011436
0.844179
0.607694
0.940044
0.759364
1.000000
0.011418
0.542755
0.920308
0.588749
0.977677
1.000000
0.011386
0.309305
0.616059
0.430540
0.757866
1.000000
0.011384
0.519487
0.219699
0.631227
0.373138
1.000000
0.011363
0.387706
0.382484
0.435399
0.456349
1.000000
0.011327
0.195725
0.530863
0.233413
0.582788
1.000000
0.011322
0.964014
0.951478
1.000170
1.000331
1.000000
0.011275
0.867947
0.652781
0.909970
0.712169
1.000000
0.011259
0.219396
0.533019
0.256118
0.583502
1.000000
0.011239
0.710605
0.617076
0.810645
0.757875
1.000000
0.011168
0.895858
0.529920
0.932409
0.580172
1.000000
0.011117
0.576777
0.281190
0.677001
0.441565
1.000000
0.011097
0.458589
0.479913
0.517166
0.554451
1.000000
0.011079
0.535132
0.313575
0.590773
0.390023
1.000000
0.011048
0.515291
0.920570
0.558360
0.977457
1.000000
0.011031
0.766280
0.614203
0.808142
0.673939
1.000000
0.011021
0.318742
0.487941
0.357283
0.541764
1.000000
0.011016
0.862062
0.955192
0.908342
1.001031
1.000000
0.011001
0.577493
0.532086
0.676005
0.683681
1.000000
0.010996
0.968176
0.287253
0.999550
0.342411
1.000000
0.010971
0.360931
0.666893
0.473389
0.817688
1.000000
0.010956
0.058756
0.619185
0.160819
0.755873
1.000000
0.010891
0.109233
0.478207
0.212257
0.616815
1.000000
0.010886
0.513365
0.719500
0.559402
0.782867
1.000000
0.010859
0.199170
0.423278
0.234803
0.476093
1.000000
0.010816
0.506360
0.314420
0.561136
0.392738
1.000000
0.010795
0.276807
0.678792
0.405339
0.830669
1.000000
0.010758
0.630849
0.396009
0.738461
0.560524
1.000000
0.010724
0.197298
0.452324
0.231673
0.506357
1.000000
0.010723
0.897438
0.492118
0.935041
0.546911
1.000000
0.010708
0.814194
0.786701
0.859845
0.844800
1.000000
0.010707
0.745997
0.579542
0.791534
0.643396
1.000000
0.010645
0.414911
0.252888
0.465558
0.326749
1.000000
0.010641
0.768984
0.488462
0.807261
0.540623
1.000000
0.010630
0.463221
0.717061
0.510350
0.781367
1.000000
0.010626
0.844116
0.616526
0.885110
0.671993
1.000000
0.010612
0.390849
0.648374
0.439164
0.712449
1.000000
0.010607
0.269836
0.425123
0.304260
0.475143
1.000000
0.010565
0.169967
0.525515
0.264586
0.643693
1.000000
0.010539
0.967202
0.391390
1.000684
0.452975
1.000000
0.010531
0.120588
0.520498
0.157465
0.575991
1.000000
0.010515
0.720578
0.555888
0.760035
0.611111
1.000000
0.010510
0.211165
0.497522
0.313947
0.616277
1.000000
0.010473
0.194811
0.585493
0.236907
0.640066
1.000000
0.010463
0.843763
0.449450
0.884209
0.502824
1.000000
0.010451
0.005664
0.426315
0.037456
0.482613
1.000000
0.010436
0.007042
0.427862
0.087921
0.561097
1.000000
0.010396
0.793008
0.776077
0.888261
0.912880
1.000000
0.010391
0.659833
0.585021
0.764755
0.726499
1.000000
0.010363
0.585776
0.518131
0.632232
0.583292
1.000000
0.010356
0.144662
0.559409
0.183783
0.611800
1.000000
0.010349
0.744423
0.530329
0.784319
0.583475
1.000000
0.010346
0.002756
0.605965
0.078914
0.744706
1.000000
0.010332
0.968009
0.657018
0.999167
0.714322
1.000000
0.010325
0.847307
0.533411
0.886850
0.584552
1.000000
0.010314
0.246722
0.449450
0.281405
0.502811
1.000000
0.010297
0.406146
0.413884
0.461895
0.486370
1.000000
0.010246
0.350269
0.446145
0.392619
0.505501
1.000000
0.010245
0.846473
0.490445
0.884846
0.541660
1.000000
0.010218
0.438455
0.719586
0.484858
0.782680
1.000000
0.010202
0.096683
0.784793
0.298956
1.024943
1.000000
0.010183
0.127802
0.364444
0.336821
0.656320
1.000000
0.010162
0.586186
0.318348
0.632457
0.387399
1.000000
0.010156
0.766605
0.529621
0.807523
0.585821
1.000000
0.010152
0.221153
0.450535
0.255003
0.503431
1.000000
0.010141
0.965368
0.753582
0.997484
0.812838
1.000000
0.010134
0.968727
0.357573
1.000501
0.414853
1.000000
0.010125
0.487872
0.644207
0.539700
0.714115
1.000000
0.010122
0.094509
0.520102
0.130116
0.574062
1.000000
0.010069
0.142403
0.524003
0.180168
0.577726
1.000000
0.010065
0.121304
0.428921
0.155006
0.481159
1.000000
0.010058
0.490358
0.954302
0.533191
0.998568
1.000000
0.010040
0.243969
0.533662
0.280391
0.581738
1.000000
0.010011
0.818304
0.451073
0.858720
0.503372
1.000000
0.010000
0.244428
0.422299
0.279722
0.473504
