1.000000
0.366967
0.336084
0.258683
0.612542
0.742338
1.000000
0.097549
0.585257
0.305047
1.016254
1.009541
1.000000
0.035592
0.747419
0.672799
1.022604
1.014320
1.000000
0.028983
0.052836
-0.003670
0.568090
0.876995
1.000000
0.026923
0.325220
0.464777
0.705948
1.030611
1.000000
0.025061
0.424163
0.069886
0.904367
0.711132
1.000000
0.024799
-0.000863
0.681386
0.367845
1.002139
1.000000
0.023328
0.359648
0.365057
0.474182
0.563239
1.000000
0.019231
-0.000055
0.592435
0.059029
0.751727
1.000000
0.015276
0.338186
0.286947
0.453701
0.468036
1.000000
0.013896
0.463694
0.481766
0.512111
0.551053
1.000000
0.013764
0.501622
0.383761
0.614338
0.572480
1.000000
0.013021
0.435725
0.494165
0.565365
0.709504
1.000000
0.012733
0.309638
0.538665
0.399786
0.696991
1.000000
0.012711
0.001790
0.709304
0.035333
0.786452
1.000000
0.012692
0.963776
0.255374
0.995095
0.308071
1.000000
0.012515
0.304312
0.139748
0.414835
0.288823
1.000000
0.012442
0.287278
0.194187
0.495972
0.533676
1.000000
0.012210
0.365186
0.385647
0.413950
0.450305
1.000000
0.011899
0.002257
0.577158
0.035126
0.658798
1.000000
0.011895
0.524506
0.525440
0.639080
0.704142
1.000000
0.011500
0.303398
0.621895
0.413588
0.787722
1.000000
0.011465
0.335704
0.583154
0.380236
0.652557
1.000000
0.011441
0.422204
0.342748
0.540006
0.534018
1.000000
0.011391
0.000839
0.478477
0.059809
0.634958
1.000000
0.011278
0.144862
0.689002
0.180814
0.745430
1.000000
0.011194
0.438799
0.451080
0.490441
0.523913
1.000000
0.011114
0.317464
0.067221
0.450637
0.207441
1.000000
0.010961
0.390716
0.271062
0.515552
0.432782
1.000000
0.010938
0.552993
0.280044
0.655947
0.443477
1.000000
0.010918
0.204739
0.674097
0.313602
0.828334
1.000000
0.010844
0.118479
0.674829
0.202553
0.822368
1.000000
0.010760
0.171592
0.721506
0.205714
0.778083
1.000000
0.010719
0.485525
0.457324
0.532139
0.523821
1.000000
0.010612
0.964786
0.290666
0.995638
0.342640
1.000000
0.010569
0.238973
0.003193
0.660696
0.396145
1.000000
0.010292
0.485141
0.550537
0.535150
0.624747
1.000000
0.010264
0.336498
0.642425
0.385839
0.716686
1.000000
0.010255
0.469564
0.789434
0.702251
1.039493
1.000000
0.010217
0.346094
0.491692
0.441637
0.665188
1.000000
0.010125
0.170259
0.694701
0.203748
0.746517
1.000000
0.010107
-0.003619
0.785868
0.161465
1.022339
