1.000000
0.196036
0.191144
0.223881
0.689857
1.090577
1.000000
0.066843
0.671736
0.176651
1.026539
1.060323
1.000000
0.037084
-0.045637
0.446684
0.374098
1.116686
1.000000
0.031855
0.315009
0.183256
0.471962
0.432398
1.000000
0.028445
0.023345
-0.061394
0.513074
0.814425
1.000000
0.018997
0.894377
0.628203
0.923967
0.675504
1.000000
0.015628
0.895114
0.602174
0.923731
0.648056
1.000000
0.015280
0.341133
0.417343
0.388152
0.478720
1.000000
0.015012
-0.001210
0.513754
0.057486
0.665873
1.000000
0.014926
0.257848
0.446487
0.369531
0.595224
1.000000
0.014211
0.964972
0.522679
0.994077
0.575637
1.000000
0.013695
0.966416
0.558812
0.994881
0.610477
1.000000
0.013620
0.315541
0.334680
0.408672
0.486309
1.000000
0.013570
0.966287
0.587932
0.995457
0.643044
1.000000
0.013461
0.896188
0.657522
0.926551
0.706162
1.000000
0.013410
0.378143
0.062984
0.849504
0.742598
1.000000
0.012958
0.317124
0.386037
0.359956
0.445113
1.000000
0.012867
0.360015
0.389468
0.405693
0.452338
1.000000
0.012670
0.933640
0.656157
0.998931
0.781982
1.000000
0.012659
0.002197
0.572213
0.035315
0.650940
1.000000
0.012600
0.363024
0.252540
0.418120
0.321322
1.000000
0.012006
0.318204
0.260573
0.356588
0.309627
1.000000
0.011904
0.317028
0.358293
0.357261
0.411939
1.000000
0.011694
0.318078
0.289333
0.357004
0.337520
1.000000
0.011688
0.144605
0.757112
0.179583
0.810686
1.000000
0.011598
0.213479
0.408942
0.312482
0.543653
1.000000
0.011213
0.319686
0.443988
0.430890
0.591357
1.000000
0.011087
0.319322
0.419062
0.361660
0.474573
1.000000
0.010948
0.525662
0.464091
0.655541
0.625965
1.000000
0.010929
0.964465
0.493308
0.993650
0.545715
1.000000
0.010910
0.316339
0.449273
0.364484
0.514970
1.000000
0.010826
0.965746
0.655612
0.995716
0.713574
1.000000
0.010790
0.967353
0.622666
0.996089
0.677344
1.000000
0.010783
0.289327
0.452263
0.336757
0.514302
1.000000
0.010743
0.317045
0.320885
0.357561
0.374975
1.000000
0.010734
0.168029
0.952643
0.205375
0.996472
1.000000
0.010650
0.142343
0.879386
0.228505
0.992562
1.000000
0.010566
0.264164
0.345940
0.357302
0.485202
1.000000
0.010546
0.300267
0.269822
0.392414
0.413091
1.000000
0.010542
0.002091
0.208198
0.060526
0.354235
1.000000
0.010539
0.965720
0.688569
0.995612
0.745196
1.000000
0.010391
0.356684
0.443695
0.407046
0.511987
1.000000
0.010368
0.003377
0.647182
0.033374
0.714199
1.000000
0.010220
0.965324
0.752419
0.996838
0.813765
1.000000
0.010203
0.225999
0.493973
0.327020
0.639138
1.000000
0.010200
0.262549
0.518397
0.308287
0.581486
1.000000
0.010186
0.362543
0.311282
0.414048
0.379035
1.000000
0.010148
0.013142
0.681670
0.050152
0.751185
1.000000
0.010113
0.339236
0.354515
0.386416
0.417433
