1.000000
0.076060
0.512907
0.065307
0.987801
0.867298
1.000000
0.041877
0.725812
0.711157
1.024651
1.028879
1.000000
0.038520
0.319612
0.333681
0.747819
0.991425
1.000000
0.032141
0.317986
0.625337
0.543276
0.900806
1.000000
0.030365
-0.026064
0.662729
0.267558
1.006057
1.000000
0.025859
0.252622
0.609576
0.357769
0.755396
1.000000
0.024897
0.209251
0.004255
0.872450
0.499822
1.000000
0.023171
0.313991
0.553472
0.424534
0.712833
1.000000
0.022338
0.195628
0.560684
0.402801
0.832185
1.000000
0.021046
0.283087
0.434076
0.496294
0.807096
1.000000
0.018788
0.217891
0.659117
0.323883
0.809268
1.000000
0.018479
0.322531
0.706144
0.440434
0.860146
1.000000
0.016983
0.294237
0.907418
0.386915
1.005411
1.000000
0.015350
0.364588
0.952813
0.411501
0.999455
1.000000
0.015242
0.338694
0.878876
0.450794
0.997587
1.000000
0.014678
0.343306
0.479806
0.452376
0.639072
1.000000
0.014621
0.167994
0.678100
0.272744
0.827092
1.000000
0.014522
0.313423
0.955119
0.360704
1.000941
1.000000
0.014436
0.282555
0.671233
0.337289
0.749160
1.000000
0.014247
0.339428
0.683932
0.388607
0.749110
1.000000
0.014205
0.311310
0.712934
0.359799
0.778578
1.000000
0.014173
0.375595
0.537450
0.489362
0.693026
1.000000
0.014036
0.311486
0.613201
0.362167
0.691612
1.000000
0.013820
0.112535
0.274612
0.213079
0.413788
1.000000
0.013792
0.239541
0.711092
0.290502
0.784069
1.000000
0.013751
0.238484
0.876635
0.347791
1.000920
1.000000
0.012992
0.076794
0.147848
0.299598
0.452445
1.000000
0.012876
0.258246
0.731907
0.371734
0.882683
1.000000
0.012684
0.360171
0.648542
0.410742
0.721041
1.000000
0.012572
0.360581
0.577321
0.415755
0.654544
1.000000
0.012222
0.367466
0.752370
0.491449
0.892381
1.000000
0.012181
0.313139
0.799641
0.429267
0.948836
1.000000
0.011882
0.360209
0.751007
0.412613
0.823958
1.000000
0.011877
0.394559
0.389284
0.591010
0.722846
1.000000
0.011652
0.081927
0.525071
0.272961
0.855280
1.000000
0.011365
0.109848
0.676599
0.204159
0.836960
1.000000
0.011332
-0.002131
0.596652
0.056722
0.746013
1.000000
0.011270
0.061340
0.265627
0.158248
0.418284
1.000000
0.011111
0.659400
0.595719
0.771798
0.727574
1.000000
0.011036
0.482000
0.421943
0.573400
0.588161
1.000000
0.011015
0.160401
0.243246
0.268547
0.384609
1.000000
0.010951
0.259785
0.744813
0.307983
0.815187
1.000000
0.010822
0.411792
0.952412
0.460432
1.000261
1.000000
0.010792
0.120137
0.316565
0.157340
0.375806
1.000000
0.010759
0.015445
0.047500
0.489367
0.651317
1.000000
0.010679
0.204089
0.762016
0.310268
0.917178
1.000000
0.010470
0.140937
0.318393
0.180946
0.375726
1.000000
0.010283
0.528581
0.436213
0.635984
0.604506
1.000000
0.010215
0.287067
0.745173
0.336573
0.815325
1.000000
0.010141
0.679453
0.662634
0.803245
0.818577
