1.000000
0.305434
0.371666
0.196552
0.515639
0.425815
1.000000
0.038904
0.408066
0.181652
1.004613
1.059391
1.000000
0.024364
-0.000029
0.528530
0.053395
0.671228
1.000000
0.020618
-0.010083
0.452288
0.363202
1.115042
1.000000
0.019490
0.742519
0.645811
1.025495
1.000727
1.000000
0.018477
0.311863
0.950539
0.355977
0.997351
1.000000
0.017847
0.352361
0.145620
0.668872
0.627669
1.000000
0.016197
0.537471
0.474238
0.646622
0.618068
1.000000
0.016157
0.001503
0.607141
0.033323
0.680006
1.000000
0.015809
0.264966
0.486240
0.375983
0.627600
1.000000
0.015565
0.129489
0.240805
0.592808
0.959332
1.000000
0.014927
0.473299
0.199984
0.574334
0.361047
1.000000
0.014826
0.486719
0.245507
0.538479
0.320289
1.000000
0.014446
0.365753
0.254174
0.407936
0.313049
1.000000
0.014093
0.488874
0.186206
0.532777
0.251858
1.000000
0.013772
0.433363
0.273944
0.551683
0.452801
1.000000
0.013683
0.265807
0.953908
0.311867
0.999565
1.000000
0.013641
0.268713
0.520510
0.310773
0.580964
1.000000
0.013547
0.513891
0.282059
0.559312
0.350217
1.000000
0.013421
0.387057
0.308137
0.444965
0.389839
1.000000
0.013378
0.538970
0.202251
0.631289
0.345841
1.000000
0.013363
0.663063
0.956238
0.704116
0.997053
1.000000
0.013300
0.290722
0.924350
0.339121
0.985106
1.000000
0.013164
-0.000752
0.416361
0.056838
0.571885
1.000000
0.012876
-0.000299
0.680586
0.054300
0.814032
1.000000
0.012794
0.260713
0.784761
0.352596
0.919475
1.000000
0.012782
0.366113
0.382773
0.414005
0.451108
1.000000
0.012578
0.268407
0.349041
0.358819
0.481556
1.000000
0.012575
0.262111
0.891535
0.358456
1.001376
1.000000
0.012543
0.464262
0.184468
0.510031
0.253105
1.000000
0.012377
0.434389
0.248654
0.489717
0.327332
1.000000
0.012275
0.321445
0.380603
0.414689
0.517557
1.000000
0.012134
0.001736
0.515151
0.034943
0.595801
1.000000
0.012040
0.539910
0.249885
0.581313
0.309743
1.000000
0.012026
0.537250
0.275520
0.635700
0.428542
1.000000
0.011996
0.002207
0.749106
0.031915
0.812735
1.000000
0.011958
0.511454
0.338749
0.611011
0.491170
1.000000
0.011710
0.348653
0.159003
0.448307
0.313158
1.000000
0.011625
0.270622
0.495762
0.308679
0.547680
1.000000
0.011472
0.367812
0.282222
0.414621
0.346669
1.000000
0.011464
0.267322
0.791130
0.307929
0.844414
1.000000
0.011322
0.291608
0.792829
0.329587
0.845008
1.000000
0.011314
0.286245
0.544777
0.338349
0.617610
1.000000
0.011293
0.002003
0.681697
0.031277
0.746964
1.000000
0.011252
0.249597
0.525105
0.285584
0.576827
1.000000
0.011076
0.407437
0.370126
0.466719
0.451974
1.000000
0.011024
0.143285
0.528855
0.174794
0.575267
1.000000
0.010961
0.487006
0.310094
0.540034
0.385571
1.000000
0.010869
0.509399
0.530716
0.621579
0.683857
1.000000
0.010812
0.267372
0.822876
0.309558
0.878229
1.000000
0.010811
0.075210
0.588366
0.105094
0.642816
1.000000
0.010804
0.221643
0.526966
0.253409
0.574384
1.000000
0.010745
0.240525
0.956245
0.286217
1.000867
1.000000
0.010738
0.221750
0.496923
0.253351
0.540917
1.000000
0.010736
0.577361
0.526312
0.687218
0.680658
1.000000
0.010704
0.242364
0.662449
0.334083
0.810551
1.000000
0.010656
0.002801
0.450165
0.032211
0.520678
1.000000
0.010585
0.012583
0.943535
0.055523
0.995749
1.000000
0.010549
0.095379
0.492611
0.126012
0.541672
1.000000
0.010525
0.221013
0.423945
0.310610
0.547723
1.000000
0.010518
0.292248
0.459309
0.335449
0.516999
1.000000
0.010515
0.231481
0.538254
0.328635
0.682000
1.000000
0.010501
0.316400
0.823738
0.354078
0.876500
1.000000
0.010457
0.126698
0.526431
0.157103
0.574038
1.000000
0.010451
0.219805
0.749358
0.312481
0.888820
1.000000
0.010411
0.337554
0.450918
0.388528
0.519781
1.000000
0.010325
0.515147
0.216730
0.559029
0.283358
1.000000
0.010264
0.222919
0.561217
0.253232
0.606352
1.000000
0.010262
0.146209
0.465102
0.176301
0.507342
1.000000
0.010241
0.339313
0.385532
0.387943
0.451577
1.000000
0.010240
0.411666
0.135676
0.514578
0.285032
1.000000
0.010224
0.267421
0.720376
0.307817
0.774637
1.000000
0.010203
0.329635
0.266893
0.440452
0.425062
1.000000
0.010162
0.255720
0.288398
0.435814
0.561215
1.000000
0.010139
0.717002
0.956655
0.756781
0.998095
1.000000
0.010092
0.317902
0.420175
0.360978
0.476908
1.000000
0.010081
0.254851
0.585294
0.360619
0.749021
1.000000
0.010069
0.385856
0.253297
0.438657
0.322821
1.000000
0.010035
0.290435
0.823776
0.331337
0.879608
