1.000000
0.934570
0.407165
0.349479
0.549223
0.587433
1.000000
0.089125
0.313609
0.316565
0.688146
0.956511
1.000000
0.052775
0.728388
0.476554
1.026985
1.065487
1.000000
0.033892
-0.008339
0.758975
0.240418
1.020993
1.000000
0.027758
0.028164
0.503877
0.371429
1.081731
1.000000
0.026799
0.529552
0.402280
0.629595
0.562347
1.000000
0.024618
0.434321
0.498768
0.499015
0.590543
1.000000
0.023165
0.322383
0.577456
0.425800
0.730906
1.000000
0.023125
0.013171
0.948002
0.057012
0.994369
1.000000
0.021399
0.329148
0.406562
0.419409
0.550192
1.000000
0.021116
0.393768
0.412840
0.439929
0.485390
1.000000
0.021082
0.582237
0.435377
0.670968
0.581936
1.000000
0.020034
0.810646
0.554361
0.851328
0.604387
1.000000
0.019697
0.319978
0.283513
0.414541
0.430732
1.000000
0.019292
0.363757
0.534323
0.469696
0.690659
1.000000
0.019260
0.963583
0.523214
0.996885
0.582816
1.000000
0.019226
0.639053
0.448800
0.732221
0.592266
1.000000
0.018924
0.781673
0.525261
0.869516
0.630462
1.000000
0.018840
0.164706
0.957218
0.209520
0.997325
1.000000
0.018385
0.003644
0.924154
0.039862
0.982354
1.000000
0.018309
0.271620
0.392751
0.305361
0.441796
1.000000
0.018292
0.224981
0.391439
0.313218
0.511590
1.000000
0.018112
0.243145
0.558635
0.281114
0.606485
1.000000
0.018055
0.532259
0.439614
0.586406
0.515330
1.000000
0.018033
0.374170
0.318509
0.485465
0.504827
1.000000
0.017949
0.869115
0.552980
0.905657
0.601179
1.000000
0.017819
0.267563
0.559141
0.303485
0.605118
1.000000
0.017677
0.667928
0.515498
0.767605
0.654661
1.000000
0.017635
0.772042
0.548557
0.812263
0.602762
1.000000
0.017555
0.961941
0.948504
0.999414
0.997312
1.000000
0.017423
0.410818
0.383329
0.463336
0.464318
1.000000
0.017258
0.505232
0.500371
0.614030
0.656866
1.000000
0.017196
0.554196
0.552429
0.653716
0.704293
1.000000
0.017087
0.270702
0.388764
0.362363
0.520308
1.000000
0.017003
0.248802
0.394309
0.282776
0.444201
1.000000
0.016871
0.922165
0.457632
0.998260
0.606849
1.000000
0.016852
0.369545
0.451376
0.410850
0.513545
1.000000
0.016815
0.118235
0.960472
0.159392
0.998781
1.000000
0.016746
0.941447
0.549282
0.987395
0.609360
1.000000
0.016603
0.371510
0.419874
0.412195
0.480090
1.000000
0.016594
0.461297
0.317970
0.514224
0.400449
1.000000
0.015903
0.465046
0.616936
0.510963
0.680085
1.000000
0.015891
0.539589
0.645520
0.640422
0.788222
1.000000
0.015881
0.617487
0.548897
0.709169
0.691215
1.000000
0.015745
0.064360
0.957986
0.106168
0.999180
1.000000
0.015617
0.310620
0.216194
0.403188
0.346735
1.000000
0.015546
0.215013
0.955093
0.260305
0.999630
1.000000
0.015511
0.611142
0.420715
0.654186
0.489629
1.000000
0.015510
0.507493
0.382781
0.558228
0.466825
1.000000
0.015426
0.239872
0.522567
0.329021
0.645591
1.000000
0.015420
0.967061
0.490005
0.998665
0.551275
1.000000
0.015405
0.844930
0.517908
0.935731
0.639212
1.000000
0.015262
0.451429
0.438009
0.515637
0.530074
1.000000
0.015260
0.589787
0.443254
0.640777
0.519111
1.000000
0.015172
0.270926
0.533243
0.305395
0.578470
1.000000
0.015138
0.663695
0.518451
0.707817
0.580386
1.000000
0.015132
0.361780
0.223549
0.461770
0.361257
1.000000
0.015129
0.345169
0.389065
0.382763
0.446659
1.000000
0.015121
0.195229
0.888971
0.291350
0.997085
1.000000
0.015100
0.346327
0.422693
0.386232
0.483543
1.000000
0.015100
0.391951
0.478737
0.438547
0.548758
1.000000
0.015093
0.245456
0.444832
0.334027
0.572630
1.000000
0.015093
0.293348
0.521086
0.391753
0.659836
1.000000
0.014939
0.169149
0.391663
0.261535
0.517799
1.000000
0.014839
0.247362
0.453302
0.280297
0.504024
1.000000
0.014839
0.247335
0.425146
0.280840
0.475311
1.000000
0.014802
0.196339
0.395029
0.229854
0.446032
1.000000
0.014674
0.222794
0.394085
0.257263
0.445522
1.000000
0.014671
0.485752
0.348076
0.539946
0.432210
1.000000
0.014661
0.604814
0.674081
0.694261
0.814898
1.000000
0.014528
0.719088
0.714535
0.808216
0.853879
1.000000
0.014505
0.271951
0.453433
0.305079
0.502939
1.000000
0.014400
0.671766
0.637742
0.764331
0.786434
1.000000
0.014313
0.223580
0.425269
0.257173
0.475724
1.000000
0.014313
0.271595
0.424977
0.305167
0.474764
1.000000
0.014225
0.693192
0.521813
0.735869
0.578503
1.000000
0.014196
0.273597
0.490585
0.306151
0.537670
1.000000
0.014187
0.640686
0.517925
0.681759
0.578489
1.000000
0.014138
0.582639
0.686902
0.633922
0.750444
1.000000
0.014119
0.612824
0.477647
0.656870
0.546279
1.000000
0.014019
0.414303
0.477067
0.523843
0.660650
1.000000
0.013949
0.141670
0.958854
0.185696
0.998201
1.000000
0.013927
0.282594
0.615824
0.371736
0.760797
1.000000
0.013864
0.665259
0.552650
0.709854
0.614924
1.000000
0.013864
0.193980
0.442121
0.284691
0.573976
1.000000
0.013826
0.173298
0.393724
0.207918
0.447540
1.000000
0.013822
0.725643
0.518451
0.820779
0.637926
1.000000
0.013796
0.864515
0.820616
0.999952
0.999610
1.000000
0.013767
0.292938
0.527976
0.328951
0.577416
1.000000
0.013735
0.188121
0.955912
0.234625
1.000300
1.000000
0.013729
0.089671
0.960234
0.132926
0.999612
1.000000
0.013666
0.459350
0.384071
0.516322
0.464920
1.000000
0.013627
0.195161
0.559834
0.231702
0.605439
1.000000
0.013620
0.967101
0.454386
0.999473
0.517963
1.000000
0.013599
0.639935
0.454421
0.679791
0.514711
1.000000
0.013571
0.533370
0.385797
0.584341
0.459215
1.000000
0.013562
0.389403
0.582307
0.436942
0.653215
1.000000
0.013537
0.468109
0.291906
0.579288
0.467326
1.000000
0.013527
0.963880
0.581489
0.998750
0.643029
1.000000
0.013512
0.040171
0.955687
0.084520
0.998799
1.000000
0.013450
0.718449
0.525783
0.757298
0.579382
1.000000
0.013424
0.664380
0.488188
0.706092
0.547060
1.000000
0.013412
0.324011
0.358067
0.358258
0.412979
1.000000
0.013393
0.416503
0.469175
0.472363
0.552924
1.000000
0.013329
0.609781
0.387773
0.697718
0.531007
1.000000
0.013327
0.362156
0.224701
0.403969
0.282059
1.000000
0.013323
0.796651
0.622658
0.887262
0.751841
1.000000
0.013323
0.394740
0.351641
0.438545
0.426202
1.000000
0.013268
0.324178
0.250810
0.360375
0.307542
1.000000
0.013193
0.557247
0.324813
0.657538
0.477465
1.000000
0.013192
0.140218
0.823051
0.314112
1.025389
1.000000
0.013151
0.842080
0.584530
0.942482
0.727171
1.000000
0.013118
0.057965
0.392045
0.159722
0.533373
1.000000
0.013092
0.173697
0.423634
0.208516
0.478041
1.000000
0.013086
0.319180
0.667343
0.417602
0.827060
1.000000
0.013079
0.011260
0.793024
0.053391
0.852900
1.000000
0.013062
0.415378
0.615013
0.461418
0.680987
1.000000
0.013002
0.560623
0.444300
0.612625
0.518413
1.000000
0.012932
0.963589
0.753446
0.998461
0.815785
1.000000
0.012926
0.142139
0.900649
0.242146
0.998436
1.000000
0.012897
0.272141
0.363310
0.305943
0.413846
1.000000
0.012885
0.223178
0.559763
0.258712
0.603825
1.000000
0.012855
0.370634
0.322715
0.408613
0.386209
1.000000
0.012818
0.437715
0.284025
0.488150
0.356818
1.000000
0.012789
0.439297
0.348785
0.491609
0.428451
1.000000
0.012780
0.848735
0.534155
0.884133
0.578327
1.000000
0.012779
0.222580
0.453149
0.255755
0.503516
1.000000
0.012763
0.750689
0.528852
0.790690
0.580372
1.000000
0.012744
0.665230
0.456078
0.705128
0.514134
1.000000
0.012728
0.191481
0.547502
0.284414
0.677103
1.000000
0.012725
0.146532
0.392500
0.181487
0.445432
1.000000
0.012711
0.718310
0.555417
0.758548
0.610486
1.000000
0.012648
0.184133
0.432468
0.372788
0.715626
1.000000
0.012604
0.344325
0.519146
0.383765
0.576676
1.000000
0.012601
0.290762
0.557142
0.329290
0.608481
1.000000
0.012526
0.844357
0.556054
0.881281
0.602732
1.000000
0.012503
0.937446
0.401187
1.002290
0.527207
1.000000
0.012490
0.788293
0.536660
0.832003
0.588934
1.000000
0.012486
0.869514
0.588244
0.907439
0.639697
1.000000
0.012453
0.966113
0.421278
0.997634
0.478997
1.000000
0.012444
0.341083
0.226134
0.381344
0.283216
1.000000
0.012436
0.116360
0.407952
0.214264
0.548900
1.000000
0.012425
0.591141
0.388817
0.637080
0.456659
1.000000
0.012388
0.441143
0.577342
0.491896
0.647576
1.000000
0.012352
0.578334
0.500407
0.768022
0.795357
1.000000
0.012343
0.294549
0.451281
0.330863
0.507586
1.000000
0.012337
0.587030
0.585183
0.637538
0.654534
1.000000
0.012267
0.291774
0.389400
0.327462
0.442993
1.000000
0.012267
0.477407
0.502865
0.535712
0.587943
1.000000
0.012247
0.048363
0.899097
0.158079
1.002423
1.000000
0.012234
0.452650
0.549070
0.659118
0.871329
1.000000
0.012220
0.720937
0.452588
0.915473
0.719019
1.000000
0.012217
0.616628
0.550915
0.658997
0.615509
1.000000
0.012189
0.244643
0.587620
0.333192
0.727884
1.000000
0.012183
0.007777
0.905747
0.087287
0.997301
1.000000
0.012161
0.368462
0.552666
0.413112
0.615920
1.000000
0.012154
0.537922
0.701970
0.943696
1.003437
1.000000
0.012119
0.369406
0.519253
0.411596
0.579468
1.000000
0.012106
0.365563
0.614967
0.415816
0.685485
1.000000
0.012068
0.323323
0.283663
0.358428
0.339408
1.000000
0.012017
0.324102
0.387545
0.359597
0.442484
1.000000
0.011985
0.317573
0.622644
0.362374
0.684406
1.000000
0.011985
0.692167
0.554138
0.737577
0.614392
1.000000
0.011971
0.867961
0.656753
0.909243
0.711681
1.000000
0.011933
0.608154
0.782228
0.698378
0.922901
1.000000
0.011915
0.174244
0.560674
0.208021
0.604646
1.000000
0.011827
0.816358
0.582021
0.854245
0.634288
1.000000
0.011801
0.920684
0.556965
0.960562
0.607430
1.000000
0.011800
0.173384
0.453505
0.206852
0.505830
1.000000
0.011795
0.246561
0.489212
0.279509
0.537402
1.000000
0.011793
0.346705
0.484913
0.386313
0.544760
1.000000
0.011759
0.314218
0.469557
0.494033
0.785778
1.000000
0.011758
0.869447
0.686605
0.909923
0.740132
1.000000
0.011748
0.195667
0.452766
0.230067
0.506110
1.000000
0.011737
0.966391
0.693551
0.998193
0.749317
1.000000
0.011728
0.893954
0.557333
0.931735
0.605406
1.000000
0.011724
0.253769
0.247792
0.439638
0.511233
1.000000
0.011715
0.417624
0.536875
0.472396
0.613960
1.000000
0.011709
0.817678
0.654068
0.857549
0.708504
1.000000
0.011696
0.342555
0.553687
0.385853
0.615232
1.000000
0.011670
0.294046
0.588059
0.332107
0.642709
1.000000
0.011619
0.561412
0.385402
0.608532
0.455301
1.000000
0.011615
0.194581
0.531762
0.229895
0.579488
1.000000
0.011580
0.147445
0.455049
0.180931
0.507407
1.000000
0.011577
0.644201
0.710130
0.729882
0.851223
1.000000
0.011577
0.414657
0.316637
0.464367
0.399265
1.000000
0.011525
0.342546
0.586154
0.387650
0.651344
1.000000
0.011509
0.588671
0.507890
0.639512
0.581367
1.000000
0.011506
0.195568
0.424174
0.230431
0.477271
1.000000
0.011498
0.482319
0.571281
0.587455
0.726762
1.000000
0.011485
0.267863
0.586154
0.304331
0.637770
1.000000
0.011441
0.963421
0.817996
0.999282
0.878000
1.000000
0.011428
0.002196
0.430774
0.074113
0.550617
1.000000
0.011409
0.321131
0.450978
0.358845
0.507580
1.000000
0.011383
0.009311
0.848915
0.052733
0.908780
1.000000
0.011370
0.217866
0.920435
0.267870
0.980792
1.000000
0.011358
0.011340
0.886409
0.052751
0.945438
1.000000
0.011262
0.666485
0.654602
0.707476
0.711906
1.000000
0.011234
0.015663
0.387890
0.056305
0.448427
1.000000
0.011198
0.143753
0.481558
0.235968
0.611095
1.000000
0.011196
0.915814
0.686358
0.999459
0.839537
1.000000
0.011188
0.057394
0.467595
0.156582
0.612595
1.000000
0.011158
0.266160
0.953239
0.309130
0.998622
1.000000
0.011153
0.855596
0.612326
1.008592
0.921548
1.000000
0.011150
0.147523
0.423915
0.183017
0.478837
1.000000
0.011145
0.642307
0.655979
0.681329
0.713054
1.000000
0.011129
0.769653
0.720383
0.809244
0.778966
1.000000
0.011112
0.740595
0.585182
0.830734
0.719938
1.000000
0.011087
0.817447
0.689297
0.858249
0.745237
1.000000
0.011053
0.065171
0.718462
0.157185
0.849705
1.000000
0.011051
0.222376
0.534190
0.257981
0.581137
1.000000
0.011039
0.967540
0.619659
0.999114
0.674882
1.000000
0.011010
0.907096
0.560581
0.997833
0.720431
1.000000
0.010998
0.820934
0.467037
0.914543
0.591210
1.000000
0.010991
0.791033
0.713165
0.887558
0.847064
1.000000
0.010946
0.010644
0.758245
0.052049
0.821226
1.000000
0.010931
0.245452
0.329195
0.334540
0.454125
1.000000
0.010904
0.640488
0.587139
0.682762
0.648561
1.000000
0.010884
0.793737
0.656000
0.831715
0.709258
1.000000
0.010871
0.295283
0.488136
0.330477
0.540954
1.000000
0.010867
0.867351
0.624081
0.908345
0.678397
1.000000
0.010834
0.640029
0.552088
0.681917
0.612870
1.000000
0.010831
0.118758
0.392826
0.154754
0.447653
1.000000
0.010830
0.538132
0.317739
0.585730
0.388331
1.000000
0.010812
0.314432
0.683179
0.360948
0.748966
1.000000
0.010810
0.243170
0.585145
0.281067
0.638071
1.000000
0.010797
0.365179
0.287291
0.405358
0.350326
1.000000
0.010766
0.094280
0.395162
0.128682
0.448925
1.000000
0.010733
0.509810
0.320340
0.556866
0.395354
1.000000
0.010614
-0.000862
0.546158
0.064847
0.668176
1.000000
0.010575
0.247475
0.361028
0.281413
0.411851
1.000000
0.010564
0.504911
0.467925
0.559980
0.553182
1.000000
0.010530
0.344572
0.285681
0.382388
0.346576
1.000000
0.010522
0.268310
0.658181
0.305552
0.709108
1.000000
0.010501
0.223324
0.488343
0.256685
0.536712
1.000000
0.010499
0.793372
0.577741
0.832654
0.631734
1.000000
0.010458
0.487721
0.655830
0.530895
0.708615
1.000000
0.010436
0.791515
0.690007
0.831151
0.744909
1.000000
0.010430
0.001919
0.584115
0.035592
0.646211
1.000000
0.010403
0.640834
0.620897
0.681996
0.679846
1.000000
0.010399
0.145553
0.527839
0.179431
0.575891
1.000000
0.010393
0.173256
0.528445
0.208016
0.577220
1.000000
0.010384
0.238795
0.951513
0.286187
0.998969
1.000000
0.010358
0.613397
0.350150
0.655953
0.416981
1.000000
0.010358
0.717818
0.718753
0.756930
0.777500
1.000000
0.010335
0.224330
0.359163
0.256972
0.408907
1.000000
0.010334
0.248892
0.680311
0.336460
0.825503
1.000000
0.010321
0.769543
0.688525
0.807982
0.746190
1.000000
0.010306
0.917722
0.492755
0.956414
0.546731
1.000000
0.010306
0.612907
0.656531
0.655725
0.718815
1.000000
0.010302
0.070398
0.425023
0.107728
0.482957
1.000000
0.010301
0.482077
0.407351
0.543301
0.500531
1.000000
0.010249
0.764231
0.787338
0.807265
0.844465
1.000000
0.010219
0.319510
0.523201
0.358073
0.575536
1.000000
0.010201
0.241769
0.624328
0.281864
0.678312
1.000000
0.010168
0.718834
0.655934
0.759105
0.714860
1.000000
0.010166
0.967496
0.656908
0.999366
0.713601
1.000000
0.010157
0.117920
0.423254
0.153978
0.479336
1.000000
0.010147
0.787402
0.789445
0.892571
0.920917
1.000000
0.010141
0.145033
0.560668
0.180296
0.606580
1.000000
0.010134
0.318019
0.557119
0.358957
0.611695
1.000000
0.010134
0.419683
0.590800
0.520795
0.736024
1.000000
0.010129
0.119185
0.455062
0.154038
0.509983
1.000000
0.010122
0.317590
0.588083
0.361871
0.650399
1.000000
0.010115
0.268541
0.626040
0.305205
0.677769
1.000000
0.010106
0.195308
0.591713
0.230002
0.637761
1.000000
0.010099
0.640787
0.718522
0.678721
0.773737
1.000000
0.010097
0.546493
0.263905
0.928211
0.808583
1.000000
0.010093
0.486017
0.257960
0.683188
0.540137
1.000000
0.010074
0.663019
0.619811
0.708559
0.683030
1.000000
0.010073
0.667974
0.719864
0.705488
0.774169
1.000000
0.010053
0.323316
0.325139
0.357348
0.382846
1.000000
0.010051
0.092373
0.452324
0.128447
0.509839
1.000000
0.010031
0.894237
0.586667
0.931200
0.635622
1.000000
0.010025
0.194808
0.488476
0.229194
0.539498
1.000000
0.010023
0.002990
0.816915
0.038115
0.877561
1.000000
0.010019
0.715266
0.957960
0.758647
1.000201
