1.000000
0.109782
0.322887
0.276116
0.529483
0.566512
1.000000
0.050749
0.269786
0.279091
0.672640
0.908017
1.000000
0.034875
0.542759
0.256145
0.991096
0.998924
1.000000
0.034359
0.316138
0.251753
0.426445
0.416779
1.000000
0.031429
0.316455
0.391850
0.435116
0.538050
1.000000
0.031198
0.381326
0.211595
0.493558
0.385855
1.000000
0.030102
0.033387
0.513002
0.453198
1.063256
1.000000
0.028329
0.408656
0.375291
0.464710
0.461654
1.000000
0.027548
-0.000145
0.542300
0.051654
0.677102
1.000000
0.027413
0.265777
0.493519
0.364940
0.632334
1.000000
0.027209
0.317340
0.450720
0.361575
0.513291
1.000000
0.026263
0.359771
0.409294
0.413411
0.483481
1.000000
0.024562
0.730441
0.660509
1.024851
1.006157
1.000000
0.023973
0.312948
0.945208
0.358516
0.995021
1.000000
0.023550
0.448115
0.282742
0.548883
0.440109
1.000000
0.022829
0.275976
0.418134
0.373765
0.550616
1.000000
0.021434
0.439269
0.313975
0.488791
0.391227
1.000000
0.021331
0.414953
0.508561
0.469444
0.583831
1.000000
0.021091
0.410264
0.315929
0.461679
0.395475
1.000000
0.020851
0.561019
0.493690
0.655858
0.619456
1.000000
0.020575
0.309973
0.468852
0.434145
0.616629
1.000000
0.020463
0.315476
0.387126
0.363806
0.453539
1.000000
0.020366
0.432272
0.359177
0.551564
0.535229
1.000000
0.020257
0.384228
0.433093
0.497657
0.597312
1.000000
0.019436
0.283466
0.339857
0.385802
0.485208
1.000000
0.019349
0.362312
0.476211
0.415975
0.548914
1.000000
0.019001
0.362173
0.310697
0.414746
0.390728
1.000000
0.018393
0.339699
0.382914
0.394918
0.460003
1.000000
0.018190
0.291598
0.483960
0.337771
0.547082
1.000000
0.018108
0.230102
0.543663
0.321773
0.679211
1.000000
0.017619
0.386587
0.439713
0.442815
0.519319
1.000000
0.017539
0.286671
0.517547
0.333625
0.587634
1.000000
0.017290
0.484331
0.466103
0.593983
0.619762
1.000000
0.017076
0.316246
0.279031
0.360218
0.347954
1.000000
0.016998
0.456000
0.375974
0.508006
0.454316
1.000000
0.016965
0.487562
0.379052
0.533633
0.446830
1.000000
0.016914
0.296223
0.421780
0.337402
0.479620
1.000000
0.016356
0.335144
0.476235
0.386514
0.545522
1.000000
0.016286
0.518410
0.281447
0.610336
0.419156
1.000000
0.016117
0.248088
0.526999
0.282703
0.579088
1.000000
0.016110
0.340793
0.513269
0.389716
0.580837
1.000000
0.016070
0.295867
0.386590
0.336970
0.447241
1.000000
0.016051
0.223659
0.420602
0.309514
0.550272
1.000000
0.015903
0.266941
0.954318
0.311443
0.998595
1.000000
0.015817
0.313799
0.348193
0.362180
0.415102
1.000000
0.015802
0.269250
0.550935
0.315462
0.619640
1.000000
0.015798
0.387570
0.346410
0.441898
0.430470
1.000000
0.015503
0.308597
0.577499
0.415781
0.722099
1.000000
0.015336
0.000107
0.675244
0.052778
0.807063
1.000000
0.015169
0.414396
0.243102
0.467973
0.323741
1.000000
0.015097
0.360455
0.524217
0.472718
0.676666
1.000000
0.014947
0.513791
0.414873
0.612164
0.548701
1.000000
0.014910
0.271202
0.490416
0.309209
0.544820
1.000000
0.014907
0.539952
0.451419
0.583082
0.512145
1.000000
0.014792
-0.000438
0.420296
0.056164
0.561253
1.000000
0.014792
0.488208
0.210149
0.578814
0.350369
1.000000
0.014767
0.311775
0.512973
0.358107
0.579378
1.000000
0.014731
0.296970
0.904085
0.394360
1.004120
1.000000
0.014687
0.454640
0.510946
0.506039
0.581937
1.000000
0.014685
0.661104
0.621493
0.751600
0.758079
1.000000
0.014665
0.245217
0.454228
0.281956
0.508550
1.000000
0.014651
0.269140
0.455765
0.306985
0.511334
1.000000
0.014512
0.283446
0.226537
0.371033
0.357524
1.000000
0.014413
0.619946
0.656230
0.704587
0.790269
1.000000
0.014391
0.769603
0.560850
0.851131
0.680122
1.000000
0.014274
0.302042
0.255519
0.338171
0.313295
1.000000
0.014135
0.240390
0.957494
0.282929
0.999456
1.000000
0.014115
0.430913
0.401978
0.486492
0.487798
1.000000
0.014100
0.488500
0.446150
0.536255
0.514004
1.000000
0.013930
0.362215
0.251538
0.409108
0.323077
1.000000
0.013925
0.490760
0.317362
0.534370
0.385761
1.000000
0.013877
0.307418
0.549925
0.356717
0.619500
1.000000
0.013833
0.512147
0.540378
0.621510
0.680959
1.000000
0.013717
0.587232
0.520158
0.636893
0.585887
1.000000
0.013683
0.364590
0.956594
0.404694
0.999186
1.000000
0.013611
0.260880
0.596460
0.361187
0.747817
1.000000
0.013558
0.455707
0.437673
0.511647
0.521068
1.000000
0.013506
0.540480
0.350155
0.634572
0.484727
1.000000
0.013485
0.143863
0.528462
0.172992
0.574946
1.000000
0.013463
0.667564
0.549770
0.756364
0.686729
1.000000
0.013433
0.573076
0.682796
0.672245
0.819255
1.000000
0.013430
0.428700
0.475842
0.489275
0.560925
1.000000
0.013400
0.247602
0.583380
0.286085
0.642080
1.000000
0.013341
0.254276
0.282296
0.343843
0.416334
1.000000
0.013333
0.002170
0.646098
0.033365
0.718351
1.000000
0.013314
0.391629
0.546281
0.441996
0.614808
1.000000
0.013265
0.604192
0.520090
0.698272
0.654004
1.000000
0.013251
0.286246
0.572417
0.333374
0.640397
1.000000
0.013190
0.338356
0.281408
0.389128
0.357030
1.000000
0.013170
0.364051
0.544969
0.413505
0.613738
1.000000
0.013140
0.245187
0.390758
0.279698
0.441163
1.000000
0.013097
0.457613
0.248273
0.505540
0.323749
1.000000
0.013068
0.120366
0.490035
0.195767
0.614868
1.000000
0.013039
0.195738
0.328675
0.223206
0.370558
1.000000
0.012880
0.001320
0.517910
0.033387
0.592033
1.000000
0.012768
0.794134
0.626862
0.826932
0.671599
1.000000
0.012745
0.070986
0.416257
0.144571
0.545349
1.000000
0.012730
0.246965
0.489420
0.283486
0.541668
1.000000
0.012621
0.244796
0.324448
0.277779
0.371638
1.000000
0.012612
0.427832
0.485354
0.529657
0.640969
1.000000
0.012555
0.270094
0.424495
0.305212
0.476189
1.000000
0.012481
0.321929
0.227436
0.357406
0.280490
1.000000
0.012427
0.095739
0.424514
0.125106
0.472450
1.000000
0.012402
0.196301
0.588618
0.228395
0.637548
1.000000
0.012396
0.147993
0.463765
0.174845
0.507400
1.000000
0.012328
0.433919
0.541975
0.484217
0.609048
1.000000
0.012311
0.222128
0.526991
0.253660
0.575793
1.000000
0.012306
0.391803
0.187682
0.437940
0.250390
1.000000
0.012289
0.820844
0.626716
0.852499
0.670036
1.000000
0.012269
0.002185
0.484563
0.031855
0.550228
1.000000
0.012269
0.365800
0.582253
0.409879
0.642476
1.000000
0.012212
0.296160
0.318340
0.337856
0.382055
1.000000
0.012206
0.096166
0.593509
0.126189
0.642691
1.000000
0.012142
0.964787
0.693196
0.996001
0.746617
1.000000
0.012095
0.340393
0.583041
0.385685
0.644337
1.000000
0.012087
0.688266
0.675901
0.775829
0.809674
1.000000
0.012062
0.290053
0.717944
0.327850
0.771202
1.000000
0.012010
0.723793
0.616081
0.813473
0.746137
1.000000
0.011955
0.825955
0.466879
0.853875
0.504879
1.000000
0.011889
0.270602
0.391090
0.304968
0.442486
1.000000
0.011862
0.561250
0.570862
0.663958
0.719038
1.000000
0.011833
0.775233
0.624506
0.809467
0.671597
1.000000
0.011799
0.224650
0.281864
0.411617
0.576778
1.000000
0.011737
0.218791
0.957533
0.256777
0.997227
1.000000
0.011728
0.197269
0.560652
0.230602
0.612375
1.000000
0.011713
0.337056
0.247471
0.383951
0.317440
1.000000
0.011694
0.343706
0.167202
0.444666
0.298436
1.000000
0.011681
0.096644
0.458630
0.125146
0.507137
1.000000
0.011638
0.797200
0.336196
0.823490
0.372648
1.000000
0.011624
0.824353
0.596274
0.854693
0.638798
1.000000
0.011619
0.586081
0.418380
0.678882
0.546917
1.000000
0.011619
0.467959
0.591617
0.508953
0.650855
1.000000
0.011599
0.611177
0.548071
0.657066
0.611644
1.000000
0.011582
0.386144
0.283427
0.436386
0.359463
1.000000
0.011553
0.075183
0.588352
0.105180
0.640953
1.000000
0.011548
0.145934
0.494437
0.174434
0.540011
1.000000
0.011530
0.292066
0.654062
0.332227
0.711254
1.000000
0.011528
0.342300
0.655889
0.385347
0.712928
1.000000
0.011517
0.768255
0.691267
0.851686
0.809055
1.000000
0.011488
0.196379
0.460921
0.227331
0.509670
1.000000
0.011478
0.095248
0.658798
0.125529
0.707841
1.000000
0.011449
0.011769
0.945495
0.053795
0.996957
1.000000
0.011397
0.149633
0.331575
0.174135
0.370510
1.000000
0.011394
0.548215
0.214669
0.634693
0.338573
1.000000
0.011376
0.171577
0.482582
0.254651
0.613334
1.000000
0.011360
0.015823
0.466014
0.088430
0.621229
1.000000
0.011332
0.935517
0.669922
0.999170
0.772864
1.000000
0.011306
0.792348
0.612407
0.876634
0.730270
1.000000
0.011296
0.666025
0.558554
0.704385
0.612161
1.000000
0.011288
0.794610
0.658867
0.826204
0.701783
1.000000
0.011285
0.617289
0.655616
0.661810
0.716093
1.000000
0.011282
0.223387
0.459174
0.256130
0.509165
1.000000
0.011257
0.595554
0.352116
0.685544
0.480294
1.000000
0.011245
0.491055
0.253887
0.532289
0.315642
1.000000
0.011234
0.221193
0.491307
0.253132
0.539428
1.000000
0.011223
0.075066
0.655775
0.105719
0.709278
1.000000
0.011219
0.143621
0.557506
0.174633
0.607096
1.000000
0.011216
0.771021
0.492548
0.854085
0.612123
1.000000
0.011214
0.219671
0.673214
0.309999
0.812433
1.000000
0.011204
0.826367
0.563090
0.856578
0.603929
1.000000
0.011195
0.127049
0.526972
0.156458
0.573638
1.000000
0.011193
0.640563
0.451742
0.726011
0.578774
1.000000
0.011189
0.197568
0.524581
0.229505
0.574383
1.000000
0.011079
0.095451
0.492733
0.124248
0.540343
1.000000
0.011075
0.453724
0.208263
0.651508
0.516202
1.000000
0.011056
0.267415
0.655259
0.307247
0.711455
1.000000
0.011031
0.222706
0.559823
0.254279
0.609879
1.000000
0.011026
0.196358
0.492049
0.228939
0.542143
1.000000
0.011020
0.516896
0.381578
0.559648
0.445491
1.000000
0.010998
0.513865
0.586801
0.560688
0.647477
1.000000
0.010986
0.096697
0.400283
0.123807
0.445693
1.000000
0.010961
-0.001629
0.818895
0.058878
0.952931
1.000000
0.010959
0.244404
0.655868
0.281144
0.709279
1.000000
0.010931
0.145714
0.591056
0.175621
0.638595
1.000000
0.010919
0.541775
0.390401
0.582155
0.448238
1.000000
0.010919
0.795216
0.600261
0.825930
0.643503
1.000000
0.010886
0.122507
0.621146
0.201111
0.758079
1.000000
0.010883
0.178211
0.330070
0.204174
0.369849
1.000000
0.010871
0.414304
0.578534
0.457329
0.640391
1.000000
0.010864
0.641304
0.690451
0.687646
0.754973
1.000000
0.010851
0.175118
0.462118
0.203010
0.506172
1.000000
0.010849
0.246153
0.424187
0.282515
0.477900
1.000000
0.010846
0.820249
0.658604
0.851573
0.700078
1.000000
0.010827
0.792366
0.729571
0.825177
0.773374
1.000000
0.010827
0.364330
0.217682
0.408557
0.278074
1.000000
0.010812
0.148231
0.397560
0.173715
0.438470
1.000000
0.010812
0.616298
0.492670
0.655631
0.545237
1.000000
0.010809
0.570837
0.279096
0.660997
0.411726
1.000000
0.010773
0.825613
0.494888
0.855205
0.534466
1.000000
0.010768
0.001398
0.746160
0.031782
0.810634
1.000000
0.010741
0.797511
0.363295
0.824994
0.401643
1.000000
0.010719
0.095667
0.727591
0.125454
0.775598
1.000000
0.010706
0.699106
0.484205
0.784143
0.613797
1.000000
0.010694
0.121923
0.425998
0.149963
0.471395
1.000000
0.010686
0.123920
0.460688
0.151561
0.506502
1.000000
0.010636
0.098911
0.524462
0.126842
0.570115
1.000000
0.010592
0.255270
0.754692
0.345727
0.884065
1.000000
0.010568
0.668872
0.492029
0.703522
0.540434
1.000000
0.010566
0.797126
0.464934
0.824429
0.502929
1.000000
0.010559
0.717745
0.693629
0.755458
0.745754
1.000000
0.010558
0.267172
0.791229
0.306088
0.842549
1.000000
0.010477
0.145065
0.731562
0.174763
0.777980
1.000000
0.010438
0.175890
0.395172
0.202781
0.437362
1.000000
0.010429
0.221484
0.586971
0.254573
0.638693
1.000000
0.010417
0.245762
0.361144
0.279344
0.409018
1.000000
0.010415
0.124978
0.493156
0.154305
0.540642
1.000000
0.010410
0.074887
0.491562
0.104194
0.543661
1.000000
0.010386
0.641705
0.555677
0.681624
0.611423
1.000000
0.010379
0.068993
0.682875
0.151574
0.825078
1.000000
0.010377
0.121394
0.423035
0.196519
0.548311
1.000000
0.010369
0.570170
0.320585
0.606631
0.372548
1.000000
0.010368
0.268065
0.823097
0.308096
0.874586
1.000000
0.010335
0.176196
0.360635
0.203326
0.402511
1.000000
0.010324
0.223080
0.319553
0.309135
0.448241
1.000000
0.010307
0.197229
0.393368
0.226069
0.439239
1.000000
0.010296
0.618665
0.716401
0.663758
0.774788
1.000000
0.010295
0.641227
0.527254
0.679556
0.579746
1.000000
0.010283
0.489484
0.601362
0.590200
0.739536
1.000000
0.010278
0.565735
0.489185
0.611784
0.552153
1.000000
0.010273
0.075638
0.548058
0.152525
0.681877
1.000000
0.010273
0.317937
0.654289
0.358368
0.711764
1.000000
0.010264
0.825484
0.363816
0.853650
0.401996
1.000000
0.010199
0.246171
0.724164
0.281613
0.773006
1.000000
0.010194
0.272157
0.360139
0.304925
0.408087
1.000000
0.010192
0.798012
0.399401
0.824343
0.435984
1.000000
0.010184
0.567981
0.391946
0.607961
0.448087
1.000000
0.010173
-0.001431
0.334538
0.054076
0.471735
1.000000
0.010106
0.592389
0.457907
0.632341
0.513432
1.000000
0.010082
0.659562
0.717371
0.702729
0.775563
1.000000
0.010078
0.647412
0.322075
0.728221
0.447876
1.000000
0.010069
0.270193
0.689007
0.309124
0.745361
1.000000
0.010057
0.271600
0.324344
0.305083
0.374608
1.000000
0.010047
0.290042
0.791801
0.328115
0.842216
1.000000
0.010016
0.201476
0.609837
0.288476
0.748234
1.000000
0.010001
0.776711
0.361526
0.805247
0.401211
