1.000000
0.056793
0.299417
0.179059
0.862422
1.131936
1.000000
0.049027
0.003253
0.237467
0.448075
1.044093
1.000000
0.031075
0.243965
0.250030
0.438441
0.560693
1.000000
0.025713
0.964740
0.187694
0.994805
0.241851
1.000000
0.022634
0.263568
0.322397
0.303582
0.381789
1.000000
0.021350
0.264336
0.447389
0.361517
0.589685
1.000000
0.020963
0.264270
0.232861
0.369036
0.407553
1.000000
0.020808
0.248025
0.327833
0.335014
0.478781
1.000000
0.020288
0.966548
0.323810
0.995580
0.379901
1.000000
0.020248
0.966947
0.356793
0.995614
0.412070
1.000000
0.019741
0.265908
0.385057
0.306019
0.443917
1.000000
0.019234
0.967044
0.256918
0.996376
0.312013
1.000000
0.018949
0.311305
0.456798
0.355826
0.518863
1.000000
0.018826
0.247231
0.351102
0.287337
0.409904
1.000000
0.018611
0.967458
0.292495
0.996450
0.347789
1.000000
0.018597
0.966780
0.388917
0.995378
0.443323
1.000000
0.018572
0.894204
0.630500
0.926018
0.674488
1.000000
0.018544
0.189460
0.152716
0.568062
0.701476
1.000000
0.018505
-0.000359
0.529230
0.051481
0.670231
1.000000
0.018327
0.967615
0.424689
0.995668
0.478276
1.000000
0.018325
0.683120
0.137379
1.026245
1.012416
1.000000
0.017694
0.230553
0.209571
0.315381
0.353317
1.000000
0.017551
0.221296
0.404228
0.312615
0.548260
1.000000
0.017209
0.266968
0.418257
0.306681
0.475060
1.000000
0.017161
0.264152
0.248303
0.311167
0.317998
1.000000
0.016326
0.266036
0.452086
0.309509
0.513542
1.000000
0.016259
0.967140
0.457895
0.995244
0.509601
1.000000
0.016205
0.967574
0.224473
0.996511
0.276686
1.000000
0.015201
0.967330
0.493181
0.995206
0.544772
1.000000
0.015149
0.288471
0.387386
0.331822
0.448478
1.000000
0.014951
0.965728
0.559159
0.994371
0.608832
1.000000
0.014805
0.290629
0.420302
0.333758
0.481417
1.000000
0.014279
0.965602
0.524530
0.994379
0.575308
1.000000
0.014231
0.288686
0.481363
0.338903
0.546323
1.000000
0.014167
0.001704
0.606822
0.033676
0.681461
1.000000
0.013991
0.286819
0.362952
0.382986
0.521185
1.000000
0.013922
0.282892
0.514351
0.337194
0.586229
1.000000
0.013811
0.287048
0.319001
0.334504
0.384279
1.000000
0.013677
0.241157
0.451173
0.285164
0.510828
1.000000
0.013534
0.294803
0.484380
0.415632
0.631709
1.000000
0.013491
0.267420
0.488772
0.309963
0.546688
1.000000
0.013360
0.199744
0.339674
0.286636
0.474655
1.000000
0.013315
0.258932
0.104862
0.494728
0.397136
1.000000
0.013284
0.505429
0.464889
0.628420
0.619327
1.000000
0.013229
0.222764
0.324605
0.256753
0.372917
1.000000
0.013032
0.219704
0.389368
0.257283
0.440640
1.000000
0.013030
0.244301
0.523326
0.288319
0.580880
1.000000
0.012829
0.260577
0.153701
0.368653
0.305857
1.000000
0.012532
0.312060
0.384755
0.357011
0.447977
1.000000
0.012444
0.246678
0.286772
0.286432
0.346775
1.000000
0.012382
0.142418
0.526071
0.174747
0.573228
1.000000
0.012167
-0.000820
0.412673
0.055182
0.566833
1.000000
0.012108
0.308990
0.248463
0.359065
0.318492
1.000000
0.012050
0.011322
0.644836
0.048504
0.716691
1.000000
0.011972
0.336714
0.519218
0.388257
0.586273
1.000000
0.011705
0.308011
0.548852
0.360415
0.619870
1.000000
0.011631
0.193625
0.391987
0.229508
0.440757
1.000000
0.011614
0.223815
0.357506
0.259090
0.407538
1.000000
0.011525
-0.000917
0.681289
0.054148
0.818529
1.000000
0.011499
0.147322
0.395883
0.176909
0.437204
1.000000
0.011410
0.894974
0.601461
0.924237
0.642646
1.000000
0.011378
0.173513
0.395466
0.204500
0.436866
1.000000
0.011365
0.221426
0.456175
0.259229
0.508105
1.000000
0.011287
0.966319
0.657602
0.995146
0.709068
1.000000
0.011280
0.005735
0.583408
0.070145
0.755093
1.000000
0.011275
0.312121
0.346825
0.358689
0.412873
1.000000
0.011275
0.965626
0.693055
0.994982
0.743451
1.000000
0.011272
0.965292
0.126060
0.996271
0.182107
1.000000
0.011250
0.196391
0.322450
0.230298
0.369503
1.000000
0.011178
0.136990
0.679813
0.216929
0.833253
1.000000
0.011016
0.360988
0.547319
0.412237
0.617841
1.000000
0.011006
0.001874
0.681065
0.032015
0.748630
1.000000
0.010991
0.002488
0.717843
0.032528
0.783977
1.000000
0.010930
0.966819
0.590693
0.995297
0.640394
1.000000
0.010916
0.262389
0.545763
0.313174
0.613795
1.000000
0.010849
0.486120
0.329176
0.591952
0.492238
1.000000
0.010773
0.221949
0.427334
0.259166
0.477462
1.000000
0.010768
0.443227
0.540479
0.543215
0.688260
1.000000
0.010752
0.264541
0.183467
0.306543
0.249831
1.000000
0.010730
0.228746
0.502627
0.329605
0.642084
1.000000
0.010689
0.947282
0.160137
0.987550
0.216627
1.000000
0.010685
0.359498
0.484418
0.410484
0.549049
1.000000
0.010556
0.344965
0.140917
0.465892
0.286927
1.000000
0.010539
0.951879
0.267637
1.001325
0.381035
1.000000
0.010527
0.329831
0.401348
0.442071
0.564048
1.000000
0.010465
0.285238
0.279750
0.336503
0.349936
1.000000
0.010453
0.386053
0.521827
0.437080
0.591527
1.000000
0.010396
0.897373
0.656809
0.928033
0.700086
1.000000
0.010379
0.068466
0.673833
0.153663
0.831161
1.000000
0.010283
0.146561
0.464362
0.176098
0.507833
1.000000
0.010264
0.405082
0.390791
0.517630
0.561316
1.000000
0.010257
0.144122
0.756885
0.180850
0.813604
1.000000
0.010185
0.875878
0.563393
0.905489
0.602167
1.000000
0.010173
0.000626
0.657479
0.290742
1.005182
1.000000
0.010074
0.223200
0.290049
0.255693
0.339599
1.000000
0.010028
0.967108
0.626384
0.995991
0.676974
