1.000000
0.052306
0.053801
0.305999
0.493169
0.937945
1.000000
0.036644
0.244458
0.341286
0.455770
0.717021
1.000000
0.028920
0.564484
-0.006919
1.002712
0.743069
1.000000
0.025083
0.736625
0.669891
1.026600
1.007964
1.000000
0.024669
0.001221
0.680658
0.378374
1.007932
1.000000
0.021800
-0.000528
0.668316
0.127319
0.948574
1.000000
0.018231
-0.001842
0.600904
0.057300
0.748260
1.000000
0.018228
0.249839
0.019255
0.774333
0.461414
1.000000
0.018128
0.214418
0.263256
0.318334
0.417207
1.000000
0.017855
0.217532
0.468166
0.304598
0.625270
1.000000
0.016290
0.207840
0.700307
0.636639
1.023779
1.000000
0.015758
0.261914
0.478570
0.367883
0.657394
1.000000
0.015585
0.251204
0.203242
0.369748
0.353495
1.000000
0.015554
0.224718
0.168599
0.452368
0.457522
1.000000
0.015242
0.239091
0.333261
0.355332
0.517991
1.000000
0.014270
0.242003
0.606610
0.334035
0.741366
1.000000
0.014147
0.263752
0.650141
0.308873
0.714296
1.000000
0.014004
0.001811
0.708789
0.035453
0.785702
1.000000
0.013892
0.530570
0.861976
0.650658
1.000308
1.000000
0.013504
0.262427
0.347183
0.310194
0.418188
1.000000
0.013332
0.240138
0.546474
0.282372
0.608964
1.000000
0.012797
0.260870
0.520365
0.303728
0.581844
1.000000
0.012731
0.287758
0.653411
0.334172
0.715411
1.000000
0.012653
0.514955
0.950323
0.558859
1.000025
1.000000
0.012535
0.213397
0.670095
0.318108
0.819512
1.000000
0.012532
0.008721
0.743464
0.048797
0.820158
1.000000
0.012396
0.284480
0.559421
0.390632
0.719987
1.000000
0.012348
0.105125
0.681664
0.192760
0.835119
1.000000
0.012267
0.198198
0.565537
0.286736
0.718228
1.000000
0.012145
0.172987
0.505711
0.382446
0.804083
1.000000
0.011990
0.141429
0.755910
0.181324
0.817593
1.000000
0.011850
0.263101
0.413744
0.310673
0.485311
1.000000
0.011817
0.284900
0.312421
0.336953
0.384580
1.000000
0.011710
0.242740
0.619964
0.287723
0.680713
1.000000
0.011659
0.360444
0.270344
0.499267
0.426161
1.000000
0.011576
0.464040
0.695111
0.885593
1.011161
1.000000
0.011415
0.467130
0.876550
0.566737
0.998738
1.000000
0.011286
0.220139
0.489045
0.256143
0.545228
1.000000
0.011165
0.264129
0.249071
0.310021
0.316217
1.000000
0.011044
0.356453
0.132446
0.471599
0.278746
1.000000
0.010911
0.006882
0.693584
0.071238
0.855318
1.000000
0.010798
0.349876
0.424188
0.568898
0.769023
1.000000
0.010792
0.261632
0.484076
0.307689
0.549420
1.000000
0.010768
0.239891
0.313701
0.286274
0.382696
1.000000
0.010728
0.448242
0.265077
0.563724
0.420206
1.000000
0.010694
0.325653
0.508460
0.445028
0.698229
1.000000
0.010607
0.221144
0.290669
0.256784
0.343927
1.000000
0.010578
0.565722
0.956574
0.609012
1.002127
1.000000
0.010501
0.240186
0.582533
0.283778
0.646284
1.000000
0.010489
0.287176
0.384169
0.337216
0.455842
1.000000
0.010472
0.073128
0.718634
0.107992
0.780583
1.000000
0.010471
0.009070
0.010641
0.377969
0.429954
1.000000
0.010360
0.303002
0.168038
0.423663
0.317422
1.000000
0.010333
0.238691
0.713834
0.287964
0.780723
1.000000
0.010316
0.493592
0.916593
0.540272
0.984091
1.000000
0.010316
0.310198
0.347448
0.361576
0.421498
1.000000
0.010157
0.466395
0.955804
0.508628
1.002175
1.000000
0.010131
-0.000202
0.780652
0.059720
0.916490
1.000000
0.010113
0.401408
0.756137
0.514509
0.910747
1.000000
0.010106
0.012505
0.943918
0.056606
0.996320
