1.000000
0.068085
0.270705
0.327837
0.618802
0.943031
1.000000
0.029326
0.554309
0.264479
1.019023
1.026431
1.000000
0.023571
-0.007648
0.657144
0.402156
1.005496
1.000000
0.023530
0.039293
-0.000152
0.524039
0.978751
1.000000
0.021218
0.337986
0.267848
0.550745
0.613861
1.000000
0.018021
0.319587
0.591235
0.364332
0.652977
1.000000
0.016728
0.360727
0.324410
0.481325
0.501234
1.000000
0.016366
0.313370
0.297875
0.420488
0.479527
1.000000
0.016349
0.361039
0.456992
0.462995
0.620669
1.000000
0.015532
0.313946
0.399422
0.408797
0.562623
1.000000
0.014968
0.000099
0.664708
0.056139
0.806164
1.000000
0.014683
0.734315
0.656624
1.031630
1.009587
1.000000
0.014123
0.355524
0.005539
0.834171
0.379054
1.000000
0.014077
0.295971
0.538927
0.382417
0.675136
1.000000
0.013921
0.430521
0.599357
0.549701
0.772798
1.000000
0.013719
0.313683
0.320697
0.354202
0.383373
1.000000
0.013662
-0.005712
0.661760
0.125729
0.950897
1.000000
0.013448
0.306712
0.188665
0.416837
0.353554
1.000000
0.013347
0.446266
0.385680
0.561253
0.575838
1.000000
0.012653
0.273238
0.347378
0.354373
0.500747
1.000000
0.012523
0.313421
0.390731
0.352982
0.451773
1.000000
0.012263
0.116278
0.653054
0.204571
0.803283
1.000000
0.012213
0.063777
0.705947
0.155218
0.874364
1.000000
0.012132
0.227192
0.449407
0.428377
0.760224
1.000000
0.012100
0.467109
0.510785
0.585621
0.729521
1.000000
0.011741
0.318674
0.182644
0.357182
0.244115
1.000000
0.011701
0.317497
0.451992
0.355608
0.510019
1.000000
0.011617
0.568097
0.533038
0.662689
0.684959
1.000000
0.011475
0.002255
0.743335
0.035256
0.818295
1.000000
0.011459
0.391601
0.529278
0.508725
0.704752
1.000000
0.011313
0.073562
0.717966
0.107313
0.779854
1.000000
0.011283
0.271801
0.126086
0.364708
0.278459
1.000000
0.011221
0.363382
0.178947
0.404813
0.243157
1.000000
0.011201
0.013219
0.944762
0.055780
0.996422
1.000000
0.011095
0.261743
0.041271
0.492276
0.282268
1.000000
0.011063
0.211720
0.651754
0.315981
0.796497
1.000000
0.011001
0.339850
0.180212
0.382542
0.244983
1.000000
0.010896
0.010842
0.779443
0.050498
0.851396
1.000000
0.010849
0.341781
0.455366
0.384421
0.515667
1.000000
0.010777
0.536063
0.265713
0.643348
0.438820
1.000000
0.010716
0.597439
0.471541
0.688818
0.632025
1.000000
0.010675
0.317951
0.218482
0.353163
0.274488
1.000000
0.010498
0.267086
0.589696
0.306546
0.643515
1.000000
0.010479
0.237261
0.459473
0.327969
0.605260
1.000000
0.010439
0.381357
0.239311
0.516214
0.417572
1.000000
0.010398
0.459443
0.649045
0.514642
0.723498
1.000000
0.010384
0.318255
0.518765
0.357904
0.576947
1.000000
0.010375
0.236312
0.542583
0.333122
0.681617
1.000000
0.010360
0.358944
0.590756
0.404327
0.649562
1.000000
0.010311
0.318847
0.487674
0.355609
0.542528
1.000000
0.010282
0.314134
0.248966
0.350774
0.306649
1.000000
0.010234
0.466442
0.268896
0.591701
0.464144
1.000000
0.010154
0.412108
0.312116
0.465704
0.391504
1.000000
0.010094
0.295078
0.416914
0.334812
0.476255
1.000000
0.010060
0.273626
0.639408
0.391856
0.792184
