1.000000
0.089783
0.253978
0.302171
0.605824
0.922077
1.000000
0.053090
0.530313
0.224064
0.995328
0.966421
1.000000
0.042815
0.248152
0.324830
0.452100
0.655223
1.000000
0.026342
0.114511
0.710107
0.587788
1.030990
1.000000
0.023827
0.269967
0.451179
0.353719
0.602761
1.000000
0.023612
0.743088
0.636062
1.031420
1.002511
1.000000
0.021148
0.270997
0.456870
0.307516
0.516199
1.000000
0.020454
0.265339
0.394729
0.303507
0.456250
1.000000
0.020402
0.002774
0.091833
0.488772
0.944228
1.000000
0.020381
0.280955
0.279408
0.400397
0.443496
1.000000
0.019131
0.281674
0.368590
0.389885
0.543013
1.000000
0.017471
0.310895
0.444915
0.418583
0.627330
1.000000
0.017022
0.250424
0.353069
0.334983
0.506128
1.000000
0.016793
-0.006186
0.677644
0.308714
1.006596
1.000000
0.016390
0.300436
0.201136
0.428613
0.352484
1.000000
0.015878
0.292553
0.509409
0.332849
0.572714
1.000000
0.015874
0.315388
0.617007
0.359102
0.676414
1.000000
0.015511
-0.000351
0.665075
0.054775
0.799861
1.000000
0.014841
0.266832
0.567223
0.361093
0.719998
1.000000
0.014528
0.310360
0.385036
0.358523
0.455567
1.000000
0.013965
0.308374
0.314179
0.362267
0.390503
1.000000
0.013730
0.184505
0.439326
0.376001
0.758879
1.000000
0.013298
0.269492
0.586290
0.311495
0.645723
1.000000
0.013257
0.199435
0.043095
0.737991
0.551619
1.000000
0.012765
0.392691
0.199581
0.529730
0.356908
1.000000
0.012676
0.250546
0.418123
0.287151
0.476018
1.000000
0.012607
0.266366
0.352509
0.306190
0.416664
1.000000
0.012498
0.333782
0.344936
0.447422
0.516303
1.000000
0.012390
0.208360
0.643711
0.313543
0.795570
1.000000
0.012308
0.358910
0.546932
0.482172
0.723093
1.000000
0.012307
0.253137
0.185554
0.495860
0.473869
1.000000
0.012156
0.285867
0.389390
0.332475
0.457240
1.000000
0.012062
0.291321
0.542261
0.333422
0.608523
1.000000
0.011827
0.309816
0.455150
0.352838
0.517861
1.000000
0.011562
0.012279
0.943269
0.055858
0.995192
1.000000
0.011254
0.117633
0.650112
0.210254
0.802613
1.000000
0.010981
0.214720
0.524470
0.312104
0.684474
1.000000
0.010906
0.001703
0.740552
0.034342
0.811496
1.000000
0.010816
0.222274
0.454419
0.255116
0.504070
1.000000
0.010657
0.073420
0.715857
0.107021
0.777531
1.000000
0.010626
0.222242
0.392922
0.254844
0.444296
1.000000
0.010360
0.343638
0.150458
0.475124
0.293946
1.000000
0.010321
0.287698
0.645395
0.339047
0.715821
1.000000
0.010126
0.065528
0.705905
0.155228
0.868090
1.000000
0.010115
0.364633
0.412955
0.418352
0.492784
1.000000
0.010094
0.303758
0.592794
0.422346
0.748375
