1.000000
0.339326
0.440458
0.423902
0.572454
0.618364
1.000000
0.322712
0.349326
0.365310
0.713787
0.894303
1.000000
0.043026
-0.002848
0.715350
0.363921
1.009709
1.000000
0.041749
0.485265
0.662172
0.529286
0.721623
1.000000
0.037134
0.438789
0.450323
0.489338
0.526585
1.000000
0.036631
0.420407
0.449617
0.460723
0.513811
1.000000
0.034267
0.456259
0.329498
0.566997
0.505943
1.000000
0.033070
0.563834
0.691964
0.612336
0.751478
1.000000
0.032325
0.799833
0.634110
0.887162
0.739604
1.000000
0.031683
0.868103
0.636265
0.910464
0.684174
1.000000
0.031520
0.453370
0.615405
0.541685
0.742302
1.000000
0.029819
0.809086
0.653676
0.854123
0.713001
1.000000
0.029021
0.556891
0.458010
0.941252
1.003883
1.000000
0.028294
0.438713
0.503330
0.494738
0.586473
1.000000
0.027734
0.385484
0.411840
0.478656
0.555025
1.000000
0.027419
0.367623
0.542608
0.464856
0.680018
1.000000
0.027291
0.482261
0.449603
0.541613
0.534659
1.000000
0.027223
0.500160
0.535988
0.560313
0.617928
1.000000
0.026330
0.397131
0.522363
0.580538
0.792739
1.000000
0.026123
0.534350
0.518305
0.586281
0.590981
1.000000
0.025976
0.440978
0.580501
0.488417
0.650258
1.000000
0.025876
0.746469
0.631371
0.786134
0.681943
1.000000
0.025558
0.461044
0.383000
0.511770
0.461158
1.000000
0.024684
0.745877
0.623958
0.830137
0.735618
1.000000
0.023683
0.264964
0.952007
0.305182
0.995635
1.000000
0.023669
0.884044
0.080342
1.001567
0.388205
1.000000
0.023539
0.552475
0.638819
0.643630
0.758157
1.000000
0.023507
0.799406
0.681675
0.840303
0.740562
1.000000
0.023218
0.840625
0.613476
0.929526
0.709924
1.000000
0.022933
0.485598
0.568212
0.539504
0.640617
1.000000
0.021412
0.414183
0.583363
0.458467
0.648150
1.000000
0.020936
0.496656
0.293955
0.604310
0.431510
1.000000
0.020861
0.590647
0.519111
0.637403
0.579596
1.000000
0.020738
0.505305
0.474506
0.616457
0.626563
1.000000
0.020247
0.559354
0.708719
0.650607
0.834387
1.000000
0.020224
0.616932
0.517272
0.661137
0.578435
1.000000
0.020034
0.415915
0.548631
0.460735
0.614015
1.000000
0.019908
0.532587
0.452102
0.586416
0.526248
1.000000
0.019889
0.392691
0.597683
0.494335
0.740446
1.000000
0.019772
0.509351
0.381979
0.560942
0.461382
1.000000
0.019670
0.967887
0.653561
0.999868
0.712802
1.000000
0.019662
0.536139
0.314178
0.585404
0.382620
1.000000
0.019555
0.814212
0.674709
0.903781
0.804018
1.000000
0.019523
0.960626
0.180862
0.997775
0.254644
1.000000
0.019384
0.648417
0.616572
0.736284
0.744607
1.000000
0.019366
0.701606
0.598814
0.792109
0.718468
1.000000
0.019297
0.968737
0.687243
0.999858
0.743318
1.000000
0.019262
0.395329
0.521003
0.435971
0.580127
1.000000
0.019228
0.493906
0.489334
0.692661
0.751797
1.000000
0.019165
0.490327
0.651073
0.583160
0.764148
1.000000
0.019130
0.967559
0.591616
0.999322
0.648243
1.000000
0.019106
0.969686
0.558716
0.999796
0.614086
1.000000
0.019089
0.678173
0.527940
0.882121
0.777299
1.000000
0.019031
0.422661
0.397318
0.459328
0.457923
1.000000
0.018998
0.715531
0.681127
0.808657
0.815963
1.000000
0.018848
0.967847
0.622579
0.999172
0.677778
1.000000
0.018806
0.815215
0.951487
0.860425
0.996877
1.000000
0.018708
0.553280
0.539833
0.652443
0.674451
1.000000
0.018518
0.557802
0.545557
0.605566
0.612066
1.000000
0.018397
0.402390
0.428397
0.437948
0.483408
1.000000
0.018265
0.487242
0.317692
0.538973
0.391288
1.000000
0.018239
0.392321
0.552316
0.437947
0.617656
1.000000
0.018186
0.397590
0.484545
0.436677
0.543736
1.000000
0.018153
0.614618
0.755815
0.655701
0.808918
1.000000
0.018112
0.589735
0.483544
0.676202
0.610457
1.000000
0.018062
0.672622
0.722759
0.711282
0.777000
1.000000
0.017981
0.663641
0.556963
0.762668
0.686754
1.000000
0.017932
0.897664
0.841141
0.996156
0.994012
1.000000
0.017698
0.619812
0.687746
0.707365
0.809642
1.000000
0.017626
0.754048
0.891155
0.861589
1.001720
1.000000
0.017590
0.392933
0.612557
0.438489
0.678087
1.000000
0.017539
0.345112
0.586205
0.385056
0.644803
1.000000
0.017314
0.544360
0.708049
0.590685
0.764880
1.000000
0.017251
0.549552
0.419881
0.655321
0.571820
1.000000
0.017250
0.722190
0.648470
0.762607
0.705583
1.000000
0.017220
0.614559
0.541824
0.707316
0.675097
1.000000
0.017149
0.315444
0.573375
0.421360
0.720808
1.000000
0.017135
0.966600
0.349804
0.998126
0.413346
1.000000
0.017038
0.145842
0.260154
0.178596
0.310372
1.000000
0.017037
0.668208
0.653878
0.708504
0.713547
1.000000
0.016751
0.448560
0.652559
0.493477
0.714675
1.000000
0.016708
0.672937
0.715942
0.760896
0.847421
1.000000
0.016506
0.670828
0.690252
0.709218
0.746456
1.000000
0.016468
0.604202
0.689151
0.649946
0.747917
1.000000
0.016438
0.462762
0.532603
0.526873
0.619514
1.000000
0.016344
0.764163
0.649820
0.804717
0.706187
1.000000
0.016304
0.591778
0.794403
0.679019
0.930056
1.000000
0.016165
0.070588
0.202659
0.161630
0.355070
1.000000
0.016052
0.866261
0.005947
0.979604
0.172002
1.000000
0.016033
0.514743
0.293432
0.558584
0.351427
1.000000
0.016014
0.812370
0.713257
0.855843
0.770239
1.000000
0.015992
0.967073
0.718067
1.000036
0.778137
1.000000
0.015975
0.590314
0.753304
0.633886
0.809215
1.000000
0.015899
0.295784
0.128985
0.614306
0.640042
1.000000
0.015877
0.486462
0.622522
0.533125
0.692470
1.000000
0.015831
0.274855
0.495292
0.306973
0.539675
1.000000
0.015808
0.742080
0.688351
0.996472
0.995001
1.000000
0.015581
0.217473
0.955850
0.255119
0.995128
1.000000
0.015581
0.322011
0.487608
0.416439
0.621478
1.000000
0.015521
0.965159
0.286741
0.998772
0.354163
1.000000
0.015520
0.418652
0.649436
0.457548
0.706386
1.000000
0.015489
0.967951
0.522294
0.998957
0.577853
1.000000
0.015402
0.586371
0.663502
0.631556
0.724836
1.000000
0.015297
0.691555
0.888099
0.801870
0.997732
1.000000
0.015273
0.561519
0.488045
0.607473
0.555777
1.000000
0.015262
0.501821
0.574247
0.608555
0.716736
1.000000
0.015225
0.417572
0.357038
0.453920
0.414872
1.000000
0.015121
0.605399
0.883772
0.702121
0.997051
1.000000
0.015079
0.373667
0.390107
0.404448
0.439748
1.000000
0.015078
0.586137
0.561750
0.777431
0.839965
1.000000
0.015032
0.943604
0.566885
1.003628
0.675512
1.000000
0.015019
0.691914
0.592449
0.732307
0.645959
1.000000
0.014987
0.613422
0.580867
0.656673
0.642365
1.000000
0.014953
0.464114
0.711272
0.560772
0.841550
1.000000
0.014890
0.966421
0.750730
0.999968
0.809758
1.000000
0.014870
0.375424
0.364134
0.405409
0.411058
1.000000
0.014853
0.328196
0.351587
0.501820
0.622315
1.000000
0.014829
0.618259
0.219254
0.658405
0.276163
1.000000
0.014769
0.244663
0.926697
0.283843
0.980373
1.000000
0.014765
0.429516
0.672415
0.521739
0.803915
1.000000
0.014748
0.966190
0.491233
0.997546
0.544070
1.000000
0.014698
0.262947
0.492311
0.354067
0.614237
1.000000
0.014692
0.694304
0.653155
0.734853
0.710731
1.000000
0.014682
0.763416
0.954354
0.809713
0.999690
1.000000
0.014606
0.085574
0.120306
0.278441
0.460111
1.000000
0.014589
0.511994
0.684146
0.559117
0.742592
1.000000
0.014529
0.374410
0.423516
0.405605
0.474030
1.000000
0.014523
0.644986
0.720929
0.685653
0.775538
1.000000
0.014496
0.344463
0.722409
0.380745
0.774546
1.000000
0.014443
0.645064
0.783752
0.731760
0.912241
1.000000
0.014437
0.013002
0.415286
0.053684
0.478875
1.000000
0.014404
0.816149
0.501470
0.852531
0.541546
1.000000
0.014398
0.533563
0.571663
0.584489
0.644546
1.000000
0.014293
0.164458
0.537823
0.260195
0.676371
1.000000
0.014261
0.562810
0.291104
0.604880
0.348328
1.000000
0.014242
0.096993
0.257434
0.128443
0.307845
1.000000
0.014222
0.523387
0.345121
0.628623
0.504229
1.000000
0.014196
0.399314
0.331341
0.490668
0.481255
1.000000
0.014112
0.941045
0.628233
1.003336
0.739023
1.000000
0.014109
0.612893
0.946790
0.658967
0.996170
1.000000
0.014090
0.843170
0.648479
0.890703
0.702468
1.000000
0.014076
0.370081
0.584891
0.412471
0.647168
1.000000
0.014041
0.666313
0.587316
0.706724
0.645780
1.000000
0.013950
0.658400
0.479712
0.761379
0.614765
1.000000
0.013915
0.342556
0.520248
0.379855
0.575917
1.000000
0.013876
0.669660
0.784925
0.711045
0.841027
1.000000
0.013867
0.967307
0.384650
0.998874
0.445813
1.000000
0.013833
0.394908
0.360338
0.429692
0.414215
1.000000
0.013802
0.538806
0.660470
0.586724
0.723478
1.000000
0.013786
0.104529
0.535783
0.213210
0.683066
1.000000
0.013736
0.840081
0.720620
0.879602
0.772371
1.000000
0.013714
0.643212
0.689566
0.684253
0.746221
1.000000
0.013695
0.565984
0.749215
0.609777
0.806970
1.000000
0.013683
0.671427
0.753460
0.713232
0.811505
1.000000
0.013679
0.172026
0.259241
0.204069
0.308834
1.000000
0.013664
0.742732
0.679202
0.785499
0.740968
1.000000
0.013638
0.471607
0.709866
0.508140
0.762779
1.000000
0.013623
0.797121
0.637094
0.838839
0.685368
1.000000
0.013620
0.327953
0.414865
0.411415
0.548917
1.000000
0.013612
0.144598
0.324870
0.178755
0.373003
1.000000
0.013544
0.969438
0.417082
0.999763
0.475834
1.000000
0.013537
0.644888
0.756368
0.686452
0.811161
1.000000
0.013528
0.769934
0.682912
0.809058
0.740617
1.000000
0.013457
0.192237
0.955469
0.232878
0.995801
1.000000
0.013457
0.789692
0.953498
0.837057
0.999332
1.000000
0.013454
0.768937
0.718163
0.808041
0.773101
1.000000
0.013418
0.619030
0.824882
0.658709
0.880200
1.000000
0.013399
0.162712
0.666996
0.258544
0.811045
1.000000
0.013388
0.644185
0.653014
0.685413
0.711562
1.000000
0.013374
0.068938
0.303603
0.161554
0.449318
1.000000
0.013351
0.541798
0.225586
0.635815
0.355783
1.000000
0.013335
0.659739
0.522447
0.702435
0.579309
1.000000
0.013329
0.215257
0.541443
0.309644
0.680283
1.000000
0.013304
0.123373
0.259391
0.156234
0.311457
1.000000
0.013302
0.509851
0.616050
0.557511
0.686002
1.000000
0.013287
0.917265
0.486500
0.993467
0.602512
1.000000
0.013286
0.272186
0.521405
0.306432
0.572070
1.000000
0.013238
0.618778
0.792995
0.657041
0.845757
1.000000
0.013236
0.196416
0.258227
0.228682
0.305684
1.000000
0.013214
0.344907
0.554979
0.384477
0.613039
1.000000
0.013197
0.220242
0.672730
0.311896
0.821731
1.000000
0.013175
0.694621
0.624278
0.735892
0.678598
1.000000
0.013170
0.095597
0.327189
0.128032
0.375995
1.000000
0.013170
0.866353
0.954647
0.908680
0.998116
1.000000
0.013160
0.118413
0.240911
0.208185
0.388995
1.000000
0.013149
0.396346
0.392737
0.431363
0.447266
1.000000
0.013146
0.963554
0.947834
0.999952
0.998958
1.000000
0.013143
0.691891
0.688969
0.732750
0.747075
1.000000
0.013131
0.446169
0.356979
0.488330
0.423964
1.000000
0.013051
0.593982
0.788808
0.632955
0.841059
1.000000
0.013048
0.541311
0.261632
0.582312
0.319033
1.000000
0.013045
0.003974
0.388092
0.035018
0.446967
1.000000
0.013038
0.939345
0.694603
1.004279
0.812386
1.000000
0.012991
0.363553
0.671210
0.462514
0.811783
1.000000
0.012947
0.586722
0.580129
0.634696
0.643458
1.000000
0.012903
0.012617
0.547738
0.058797
0.617595
1.000000
0.012881
0.865956
0.722093
0.905231
0.774143
1.000000
0.012873
0.610072
0.657095
0.653732
0.715758
1.000000
0.012864
0.144595
0.289940
0.178493
0.339196
1.000000
0.012835
0.794424
0.743691
0.881856
0.876069
1.000000
0.012808
0.373639
0.454803
0.408170
0.510420
1.000000
0.012765
0.266263
0.603622
0.367809
0.753801
1.000000
0.012711
0.004419
0.321777
0.033125
0.377112
1.000000
0.012704
0.942090
0.494587
0.983226
0.547369
1.000000
0.012682
0.321949
0.492752
0.356339
0.539971
1.000000
0.012632
0.808490
0.488875
0.906310
0.594747
1.000000
0.012621
0.538067
0.616202
0.585352
0.683395
1.000000
0.012589
0.609648
0.425440
0.706274
0.565691
1.000000
0.012572
0.618366
0.186796
0.657988
0.245729
1.000000
0.012558
0.245875
0.860886
0.281471
0.911061
1.000000
0.012546
0.967734
0.457977
0.999391
0.515178
1.000000
0.012544
0.569536
0.221346
0.609273
0.277143
1.000000
0.012521
0.395442
0.723368
0.431257
0.772529
1.000000
0.012521
0.717767
0.683756
0.759380
0.742456
1.000000
0.012487
0.467945
0.293561
0.510361
0.350600
1.000000
0.012476
0.614289
0.620002
0.657045
0.680570
1.000000
0.012458
0.664772
0.954669
0.709163
1.000693
1.000000
0.012444
0.240992
0.717856
0.281282
0.777581
1.000000
0.012443
0.265503
0.786532
0.306052
0.843861
1.000000
0.012438
0.726271
0.203004
1.001344
0.824119
1.000000
0.012425
0.283475
0.530362
0.486679
0.834016
1.000000
0.012394
0.741938
0.717884
0.785508
0.776388
1.000000
0.012391
0.171400
0.290095
0.204758
0.338953
1.000000
0.012387
0.352349
0.354818
0.432631
0.483834
1.000000
0.012289
0.117206
0.552669
0.159154
0.612713
1.000000
0.012289
0.713325
0.953624
0.762401
1.000758
1.000000
0.012284
0.002490
0.719615
0.034907
0.777761
1.000000
0.012273
0.661486
0.551666
0.703325
0.610926
1.000000
0.012261
0.124575
0.289156
0.158124
0.340070
1.000000
0.012249
0.578351
0.172155
0.665956
0.312636
1.000000
0.012235
0.267784
0.858508
0.304562
0.910211
1.000000
0.012231
0.247226
0.329359
0.277773
0.371610
1.000000
0.012197
0.566253
0.256453
0.609132
0.318468
1.000000
0.012196
0.224166
0.779209
0.309165
0.917718
1.000000
0.012184
0.372264
0.488181
0.408467
0.540643
1.000000
0.012178
0.660644
0.350751
0.764772
0.485278
1.000000
0.012177
0.444022
0.279774
0.541359
0.411883
1.000000
0.012155
0.615869
0.251861
0.658415
0.312043
1.000000
0.012137
0.744395
0.787359
0.786058
0.841871
1.000000
0.012097
0.519082
0.713248
0.562580
0.767466
1.000000
0.012095
0.614723
0.287194
0.657461
0.344859
1.000000
0.012037
0.448128
0.760264
0.483780
0.810788
1.000000
0.011994
0.343859
0.653290
0.382527
0.710492
1.000000
0.011980
0.936495
0.907765
0.989962
0.984478
1.000000
0.011912
0.765860
0.582281
0.865714
0.696119
1.000000
0.011904
0.465997
0.615596
0.660714
0.874326
1.000000
0.011900
0.273570
0.258047
0.306340
0.307192
1.000000
0.011880
0.248003
0.259183
0.280243
0.305947
1.000000
0.011861
0.290344
0.521465
0.326464
0.572721
1.000000
0.011852
0.311088
0.672429
0.409442
0.816657
1.000000
0.011847
0.642754
0.582330
0.683758
0.640856
1.000000
0.011844
0.668222
0.620359
0.708215
0.679803
1.000000
0.011842
0.592982
0.254308
0.635828
0.314778
1.000000
0.011831
0.643329
0.791008
0.682700
0.844200
1.000000
0.011823
0.171508
0.359820
0.205778
0.408060
1.000000
0.011780
0.091439
0.528757
0.131520
0.583204
1.000000
0.011774
0.072996
0.357588
0.106105
0.410593
1.000000
0.011745
0.116931
0.329922
0.210016
0.463916
1.000000
0.011694
0.420383
0.294116
0.456612
0.344977
1.000000
0.011694
0.012742
0.484551
0.055014
0.548337
1.000000
0.011672
0.817510
0.786572
0.858721
0.841589
1.000000
0.011660
0.589192
0.453306
0.640049
0.521684
1.000000
0.011659
0.002155
0.408056
0.079954
0.548510
1.000000
0.011631
0.552253
0.363890
0.755583
0.648474
1.000000
0.011617
0.041403
0.008113
0.543487
0.777210
1.000000
0.011595
0.920249
0.183350
0.962031
0.250040
1.000000
0.011567
0.122401
0.357677
0.156687
0.409102
1.000000
0.011566
0.217352
0.717655
0.258984
0.776866
1.000000
0.011561
0.248646
0.911400
0.323931
1.003062
1.000000
0.011530
0.222392
0.291836
0.255068
0.339246
1.000000
0.011529
0.221563
0.258567
0.253403
0.305882
1.000000
0.011527
0.345133
0.618096
0.386189
0.678947
1.000000
0.011511
0.517893
0.262450
0.558027
0.317803
1.000000
0.011504
0.816096
0.749897
0.859510
0.807755
1.000000
0.011488
0.745804
0.478500
0.846090
0.592277
1.000000
0.011483
0.002796
0.451906
0.034981
0.513013
1.000000
0.011439
0.143780
0.123773
0.176746
0.177733
1.000000
0.011430
0.839027
0.686900
0.881669
0.741897
1.000000
0.011404
0.720052
0.599380
0.758783
0.651144
1.000000
0.011402
0.144385
0.358706
0.179657
0.407943
1.000000
0.011394
0.196200
0.329375
0.228204
0.373235
1.000000
0.011394
0.273750
0.289694
0.306851
0.337659
1.000000
0.011389
0.691615
0.775019
0.788284
0.909275
1.000000
0.011379
0.014870
0.353280
0.052818
0.414425
1.000000
0.011375
0.420930
0.725225
0.455719
0.773653
1.000000
0.011363
0.055018
0.505577
0.164470
0.631561
1.000000
0.011360
0.008255
0.498281
0.093940
0.629931
1.000000
0.011355
0.553564
0.286744
0.657770
0.419341
1.000000
0.011342
0.839942
0.754677
0.880274
0.808404
1.000000
0.011309
0.193175
0.605009
0.282559
0.751558
1.000000
0.011308
0.764234
0.603488
0.804031
0.654490
1.000000
0.011296
0.640222
0.548840
0.680509
0.606660
1.000000
0.011293
0.018069
0.338067
0.100334
0.473919
1.000000
0.011250
0.865153
0.679899
0.907703
0.736190
1.000000
0.011234
0.368953
0.650447
0.407392
0.707214
1.000000
0.011194
0.093973
0.386615
0.129333
0.438730
1.000000
0.011185
0.419902
0.327106
0.456329
0.383743
1.000000
0.011154
0.367774
0.722316
0.403658
0.773875
1.000000
0.011145
0.444104
0.293306
0.484279
0.347236
1.000000
0.011142
0.344147
0.489990
0.380512
0.543619
1.000000
0.011130
0.444029
0.323050
0.485460
0.385054
1.000000
0.011127
0.519434
0.222772
0.555291
0.273550
1.000000
0.011124
0.611756
0.254867
0.709590
0.381380
1.000000
0.011092
0.247901
0.525854
0.283150
0.576206
1.000000
0.011016
0.590801
0.320857
0.635187
0.381877
1.000000
0.010996
0.168895
0.960584
0.206494
0.996879
1.000000
0.010993
0.372116
0.521868
0.411134
0.578945
1.000000
0.010981
0.846848
0.779956
0.944318
0.932770
1.000000
0.010959
0.636057
0.674749
0.819749
0.938239
1.000000
0.010953
0.817964
0.604924
0.855696
0.650511
1.000000
0.010951
0.591534
0.353559
0.685732
0.492137
1.000000
0.010928
0.122428
0.324326
0.156335
0.374834
1.000000
0.010920
0.265836
0.721342
0.307093
0.781323
1.000000
0.010920
0.711941
0.718885
0.757444
0.778988
1.000000
0.010916
0.894371
0.217089
0.931557
0.274419
1.000000
0.010876
0.370064
0.294256
0.402783
0.341030
1.000000
0.010867
0.669570
0.289522
0.708219
0.340836
1.000000
0.010859
0.846554
0.130811
0.929441
0.284080
1.000000
0.010857
0.468853
0.205123
0.669639
0.504998
1.000000
0.010836
0.713555
0.783324
0.760827
0.842583
1.000000
0.010825
0.791493
0.788976
0.831612
0.841689
1.000000
0.010822
0.561053
0.346156
0.608284
0.417391
1.000000
0.010788
0.423361
0.760702
0.458042
0.808467
1.000000
0.010787
0.620664
0.125596
0.658044
0.176614
1.000000
0.010785
0.097033
0.291099
0.129660
0.340716
1.000000
0.010784
0.265531
0.652310
0.305385
0.711452
1.000000
0.010763
0.450695
0.721627
0.486505
0.772223
1.000000
0.010760
0.165970
0.754952
0.257425
0.891428
1.000000
0.010758
0.294800
0.588540
0.332255
0.645427
1.000000
0.010753
0.292037
0.723514
0.331115
0.777951
1.000000
0.010741
0.928625
0.760073
1.003587
0.901480
1.000000
0.010723
0.393337
0.265310
0.484448
0.397517
1.000000
0.010721
0.914221
0.596962
0.951741
0.641488
1.000000
0.010711
0.216652
0.790333
0.256835
0.843449
1.000000
0.010709
0.003569
0.522784
0.037475
0.584761
1.000000
0.010704
0.168767
0.554559
0.208005
0.612511
1.000000
0.010699
0.587892
0.619858
0.634783
0.683199
1.000000
0.010685
0.296652
0.393477
0.327135
0.439866
1.000000
0.010675
0.421008
0.688552
0.458310
0.739649
1.000000
0.010669
0.222234
0.328701
0.253624
0.371662
1.000000
0.010653
0.094280
0.357356
0.128922
0.408615
1.000000
0.010640
0.936659
0.124645
1.001190
0.266571
1.000000
0.010638
0.219025
0.582386
0.256905
0.642740
1.000000
0.010619
0.596218
0.826035
0.635925
0.879300
1.000000
0.010609
0.590930
0.288440
0.634040
0.346166
1.000000
0.010604
0.171190
0.327196
0.204092
0.374456
1.000000
0.010595
0.595776
0.220033
0.636483
0.277129
1.000000
0.010588
0.492922
0.266091
0.531876
0.317109
1.000000
0.010575
0.643164
0.289118
0.685926
0.343805
1.000000
0.010568
0.267897
0.707654
0.359252
0.857048
1.000000
0.010560
0.321960
0.520980
0.358453
0.573285
1.000000
0.010559
0.004857
0.256438
0.033077
0.311214
1.000000
0.010559
0.244886
0.657295
0.283775
0.714483
1.000000
0.010556
0.273912
0.189829
0.306917
0.241522
1.000000
0.010549
0.394776
0.689751
0.434131
0.743019
1.000000
0.010546
0.291592
0.492564
0.326485
0.540177
1.000000
0.010515
0.146943
0.227506
0.178522
0.278404
1.000000
0.010503
0.138232
0.605412
0.234073
0.752179
1.000000
0.010501
0.588859
0.382535
0.638072
0.450250
1.000000
0.010482
0.816901
0.822276
0.857964
0.875179
1.000000
0.010464
0.870462
0.187377
0.905794
0.245045
1.000000
0.010451
0.636242
0.952953
0.683259
1.000580
1.000000
0.010439
0.195535
0.291369
0.228907
0.338900
1.000000
0.010429
0.666109
0.817727
0.708651
0.875942
1.000000
0.010420
0.197457
0.911988
0.274356
1.001988
1.000000
0.010391
0.247868
0.292313
0.280425
0.339147
1.000000
0.010358
0.121474
0.387998
0.156313
0.439273
1.000000
0.010351
-0.000926
0.284207
0.061047
0.405185
1.000000
0.010344
0.865681
0.754610
0.906140
0.807362
1.000000
0.010321
0.190873
0.717511
0.234514
0.775856
1.000000
0.010317
0.318218
0.588691
0.357669
0.645075
1.000000
0.010300
0.144367
0.388190
0.179541
0.437650
1.000000
0.010283
0.736593
0.749103
0.825326
0.878479
1.000000
0.010280
0.568195
0.121949
0.605689
0.172630
1.000000
0.010280
0.220452
0.528048
0.257409
0.581475
1.000000
0.010280
0.568342
0.788802
0.606133
0.839995
1.000000
0.010250
0.840899
0.531284
0.937742
0.651929
1.000000
0.010248
0.643415
0.621389
0.684329
0.680400
1.000000
0.010241
0.294754
0.257708
0.328355
0.307162
1.000000
0.010203
0.141749
0.553532
0.182749
0.612906
1.000000
0.010194
0.764982
0.756800
0.805884
0.813063
1.000000
0.010189
0.542965
0.749686
0.586332
0.807959
1.000000
0.010171
0.065773
0.552678
0.108305
0.614995
1.000000
0.010171
0.834541
0.865358
0.943779
0.994090
1.000000
0.010148
0.271790
0.213473
0.353855
0.336584
1.000000
0.010131
0.570185
0.187272
0.608529
0.243625
1.000000
0.010063
0.247093
0.394666
0.279137
0.440446
1.000000
0.010053
0.073733
0.325745
0.105146
0.376779
1.000000
0.010049
0.243982
0.121019
0.279080
0.176878
1.000000
0.010038
0.811905
0.566692
1.004838
0.852302
1.000000
0.010030
0.320506
0.259205
0.353235
0.307526
1.000000
0.010025
0.320013
0.722544
0.359207
0.777306
1.000000
0.010010
0.641563
0.255841
0.682438
0.311728
1.000000
0.010010
0.242435
0.586039
0.279495
0.643733
