1.000000
0.789666
0.457726
0.319720
0.598880
0.557408
1.000000
0.226893
0.342611
0.313345
0.734722
0.900774
1.000000
0.051841
-0.011223
0.730350
0.355933
1.015075
1.000000
0.041364
0.489849
0.665388
0.526190
0.713958
1.000000
0.035163
0.510820
0.316247
0.564049
0.400254
1.000000
0.035073
0.441070
0.374158
0.486850
0.456118
1.000000
0.032750
0.551833
0.410715
0.963679
1.008583
1.000000
0.029996
0.534173
0.435391
0.588029
0.520211
1.000000
0.029859
0.810463
0.650820
0.857654
0.712116
1.000000
0.029686
0.423995
0.396244
0.533810
0.588859
1.000000
0.028713
0.813937
0.641850
0.905207
0.766039
1.000000
0.027898
0.463008
0.441656
0.649801
0.750993
1.000000
0.026418
0.440772
0.505430
0.489638
0.581447
1.000000
0.026234
0.533078
0.373871
0.589919
0.466434
1.000000
0.026087
0.866023
0.636168
0.907670
0.685016
1.000000
0.026064
0.563591
0.690681
0.607498
0.742696
1.000000
0.025755
0.378328
0.396889
0.467792
0.557938
1.000000
0.024806
0.574581
0.363608
0.674965
0.525473
1.000000
0.024408
0.485496
0.342531
0.543858
0.433767
1.000000
0.023630
0.743886
0.623572
0.829840
0.739385
1.000000
0.022970
0.441896
0.325396
0.487958
0.402252
1.000000
0.022901
0.744056
0.631222
0.785253
0.684349
1.000000
0.022895
0.561615
0.510982
0.605625
0.574444
1.000000
0.022829
0.930967
0.145997
0.998847
0.304127
1.000000
0.022818
0.500602
0.480900
0.605427
0.639132
1.000000
0.022492
0.587729
0.471861
0.681432
0.610515
1.000000
0.021768
0.367780
0.505072
0.466786
0.660928
1.000000
0.021414
0.513855
0.667676
0.614748
0.781783
1.000000
0.021371
0.583990
0.381518
0.633448
0.453512
1.000000
0.021364
0.959979
0.180526
0.997236
0.257320
1.000000
0.020940
0.445107
0.510388
0.542725
0.672052
1.000000
0.020936
0.489447
0.285509
0.539258
0.357583
1.000000
0.020779
0.558067
0.317924
0.605908
0.393546
1.000000
0.020512
0.886550
0.076980
1.003550
0.399339
1.000000
0.020478
0.557876
0.544363
0.659857
0.685407
1.000000
0.020161
0.799566
0.682104
0.840524
0.741456
1.000000
0.019998
0.485974
0.548665
0.534115
0.617558
1.000000
0.019881
0.471893
0.631965
0.559165
0.744532
1.000000
0.019741
0.418472
0.514391
0.461330
0.580337
1.000000
0.019594
0.612156
0.581519
0.710392
0.715276
1.000000
0.019592
0.580671
0.549029
0.779425
0.834480
1.000000
0.019498
0.423893
0.355184
0.463838
0.420459
1.000000
0.019322
0.411641
0.321729
0.502685
0.475398
1.000000
0.019226
0.622058
0.524433
0.662758
0.581113
1.000000
0.018915
-0.004266
0.313918
0.475041
1.058024
1.000000
0.018912
0.571489
0.615106
0.670779
0.744378
1.000000
0.018678
0.507237
0.467596
0.564816
0.550997
1.000000
0.018666
0.437267
0.440789
0.487385
0.525193
1.000000
0.018653
0.968442
0.689109
0.999469
0.745792
1.000000
0.018510
0.420558
0.414682
0.461850
0.485617
1.000000
0.018172
0.968268
0.591402
0.999536
0.647688
1.000000
0.018153
0.216878
0.954949
0.254930
0.994519
1.000000
0.018005
0.469562
0.578708
0.511688
0.641217
1.000000
0.017891
0.965033
0.719133
0.998573
0.779352
1.000000
0.017792
0.676387
0.526945
0.882394
0.783949
1.000000
0.017770
0.968131
0.653452
1.000143
0.713321
1.000000
0.017723
0.970001
0.556924
1.000217
0.613361
1.000000
0.017666
0.899112
0.850479
0.997849
0.994230
1.000000
0.017412
0.968048
0.622047
0.999245
0.676586
1.000000
0.016934
0.317786
0.483611
0.420230
0.626459
1.000000
0.016892
0.275212
0.495350
0.307578
0.540556
1.000000
0.016861
0.444902
0.285983
0.489660
0.355360
1.000000
0.016854
0.590390
0.518969
0.634745
0.576341
1.000000
0.016777
0.216380
0.535761
0.314133
0.675431
1.000000
0.016708
0.634908
0.508434
0.730878
0.647512
1.000000
0.016357
0.396199
0.518518
0.437162
0.582566
1.000000
0.016274
0.271879
0.525224
0.307012
0.577193
1.000000
0.016256
0.673202
0.728448
0.710166
0.777660
1.000000
0.016135
0.593403
0.554959
0.637038
0.614116
1.000000
0.016120
0.697367
0.637029
0.789483
0.773976
1.000000
0.016095
0.817417
0.585749
0.914181
0.698232
1.000000
0.016084
0.562412
0.548539
0.608116
0.613305
1.000000
0.015979
0.586972
0.662987
0.629052
0.718117
1.000000
0.015863
0.534076
0.290564
0.584243
0.360746
1.000000
0.015690
0.508349
0.664437
0.550765
0.717209
1.000000
0.015688
0.095738
0.534886
0.208720
0.682681
1.000000
0.015592
0.628586
0.406458
0.733946
0.559774
1.000000
0.015570
0.762046
0.649947
0.804007
0.707963
1.000000
0.015461
0.534597
0.547761
0.582503
0.614796
1.000000
0.015443
0.554020
0.705289
0.652518
0.836710
1.000000
0.015408
0.817660
0.707258
0.906816
0.845415
1.000000
0.015318
0.849507
0.620678
0.948253
0.735786
1.000000
0.015312
0.539925
0.665383
0.585009
0.719887
1.000000
0.015263
0.617114
0.687032
0.711011
0.814572
1.000000
0.015229
0.584610
0.452843
0.632961
0.518009
1.000000
0.015218
0.259342
0.496456
0.356208
0.621584
1.000000
0.015166
0.942278
0.748984
0.987729
0.810216
1.000000
0.015148
0.967580
0.520697
0.998961
0.577821
1.000000
0.015122
0.963928
0.282607
0.998462
0.350922
1.000000
0.015063
0.543201
0.289437
0.650356
0.449818
1.000000
0.015044
0.779995
0.607567
0.976617
0.903654
1.000000
0.014954
0.221907
0.680511
0.313096
0.815322
1.000000
0.014923
0.667773
0.556040
0.768873
0.688802
1.000000
0.014829
0.484389
0.504391
0.537473
0.582336
1.000000
0.014772
0.777712
0.673344
0.860899
0.794569
1.000000
0.014711
0.811860
0.714602
0.855506
0.771718
1.000000
0.014658
0.508680
0.397442
0.569636
0.491849
1.000000
0.014645
0.586513
0.320579
0.634852
0.390505
1.000000
0.014618
0.911804
0.619936
0.998911
0.757048
1.000000
0.014505
0.721601
0.647329
0.764297
0.705810
1.000000
0.014480
0.838671
0.647644
0.887553
0.703601
1.000000
0.014467
0.542876
0.710221
0.585543
0.762017
1.000000
0.014443
0.964621
0.490186
0.997273
0.544559
1.000000
0.014306
0.240777
0.716457
0.283978
0.776108
1.000000
0.014241
0.271542
0.552251
0.308442
0.607576
1.000000
0.014196
0.504795
0.241048
0.608486
0.388916
1.000000
0.014077
0.943251
0.565316
1.004497
0.677545
1.000000
0.013977
0.513689
0.260971
0.558691
0.327686
1.000000
0.013968
0.194306
0.955541
0.234787
0.995634
1.000000
0.013909
0.615912
0.618723
0.657585
0.678533
1.000000
0.013890
0.343133
0.520764
0.380571
0.577278
1.000000
0.013863
0.666860
0.589172
0.707256
0.644727
1.000000
0.013858
0.459373
0.471501
0.518146
0.557283
1.000000
0.013811
0.143877
0.123894
0.178431
0.177149
1.000000
0.013788
0.670342
0.715241
0.761873
0.848072
1.000000
0.013738
0.314146
0.566163
0.424301
0.720471
1.000000
0.013727
0.640197
0.586651
0.681690
0.643439
1.000000
0.013723
0.918243
0.482420
0.994871
0.601566
1.000000
0.013683
0.587118
0.712694
0.628512
0.766138
1.000000
0.013584
0.170057
0.554858
0.208486
0.610694
1.000000
0.013571
0.169308
0.961622
0.206409
0.996710
1.000000
0.013535
0.547155
0.363603
0.748502
0.647025
1.000000
0.013507
0.247613
0.528948
0.283364
0.580648
1.000000
0.013479
0.484389
0.434550
0.545447
0.525797
1.000000
0.013436
0.245061
0.661554
0.283361
0.716862
1.000000
0.013423
0.264741
0.654790
0.304145
0.711115
1.000000
0.013351
0.267568
0.752972
0.311123
0.811807
1.000000
0.013278
0.461190
0.400860
0.516725
0.490626
1.000000
0.013266
0.817009
0.951095
0.861527
0.997030
1.000000
0.013233
0.840346
0.720340
0.879745
0.772278
1.000000
0.013230
0.864299
0.679657
0.906576
0.737304
1.000000
0.013229
0.614669
0.584675
0.656394
0.644225
1.000000
0.013181
0.866464
0.722897
0.905048
0.775300
1.000000
0.013163
0.912917
0.714112
1.000308
0.864174
1.000000
0.013160
0.164731
0.520204
0.265258
0.649476
1.000000
0.013119
0.968380
0.351466
0.999227
0.412267
1.000000
0.013110
0.672033
0.754401
0.712055
0.807584
1.000000
0.013062
0.420879
0.288181
0.459852
0.349573
1.000000
0.013051
0.768235
0.682930
0.808158
0.741062
1.000000
0.013041
0.420279
0.235811
0.514054
0.374832
1.000000
0.013021
0.245824
0.610898
0.338355
0.754853
1.000000
0.012986
0.694856
0.653415
0.736115
0.709971
1.000000
0.012980
0.309620
0.342604
0.488834
0.624221
1.000000
0.012950
0.243780
0.553893
0.281518
0.610027
1.000000
0.012923
0.963168
0.948597
1.000240
0.999277
1.000000
0.012836
0.883031
0.646648
0.924157
0.697404
1.000000
0.012823
0.564390
0.585626
0.608226
0.646069
1.000000
0.012759
0.798110
0.635677
0.841747
0.686806
1.000000
0.012745
0.371956
0.553579
0.413277
0.615996
1.000000
0.012699
0.445932
0.579525
0.489746
0.644715
1.000000
0.012662
0.693521
0.591576
0.734576
0.644884
1.000000
0.012577
0.768867
0.717401
0.808161
0.771307
1.000000
0.012526
0.669612
0.654907
0.708386
0.710642
1.000000
0.012512
0.160682
0.611454
0.256716
0.753923
1.000000
0.012449
0.069077
-0.081431
0.569575
0.646015
1.000000
0.012441
0.814270
0.499457
0.852056
0.542860
1.000000
0.012430
0.115773
0.554505
0.156420
0.613271
1.000000
0.012408
0.647055
0.724904
0.686269
0.774221
1.000000
0.012390
0.219701
0.528667
0.257506
0.583175
1.000000
0.012345
0.611115
0.653755
0.653610
0.709268
1.000000
0.012314
0.609023
0.323263
0.708713
0.466648
1.000000
0.012311
0.640206
0.622238
0.681734
0.679377
1.000000
0.012281
0.396475
0.449941
0.438120
0.516305
1.000000
0.012267
0.002216
0.718598
0.034855
0.777121
1.000000
0.012264
0.660157
0.349507
0.763392
0.494120
1.000000
0.012256
0.607760
0.689917
0.650509
0.742558
1.000000
0.012185
0.271387
0.583372
0.309699
0.642503
1.000000
0.012160
0.613092
0.722263
0.651550
0.772139
1.000000
0.012070
0.385101
0.595032
0.491433
0.744379
1.000000
0.012040
0.540460
0.622289
0.585836
0.682274
1.000000
0.012013
0.242004
0.582552
0.279603
0.640792
1.000000
0.011974
0.867173
0.755669
0.906297
0.807845
1.000000
0.011974
0.511706
0.579777
0.554644
0.639475
1.000000
0.011960
0.489327
0.629579
0.527968
0.689538
1.000000
0.011953
0.266018
0.956375
0.306497
0.998481
1.000000
0.011942
0.612893
0.414396
0.657799
0.480330
1.000000
0.011919
0.219624
0.581034
0.259072
0.641459
1.000000
0.011909
0.344094
0.584604
0.384267
0.643560
1.000000
0.011855
0.671147
0.690597
0.708393
0.742981
1.000000
0.011833
0.611882
0.349743
0.657124
0.418078
1.000000
0.011823
0.865096
0.954981
0.908234
0.997909
1.000000
0.011793
0.142871
0.531403
0.180634
0.583492
1.000000
0.011780
0.615559
0.758300
0.654513
0.808599
1.000000
0.011779
0.592657
0.756961
0.632495
0.809125
1.000000
0.011715
0.217670
0.717525
0.260682
0.775595
1.000000
0.011702
0.326771
0.405895
0.417960
0.554223
1.000000
0.011699
0.837989
0.684754
0.881136
0.741448
1.000000
0.011686
0.397356
0.356516
0.435299
0.415920
1.000000
0.011672
0.617411
0.788131
0.713186
0.929582
1.000000
0.011662
0.739099
0.706102
0.829484
0.846636
1.000000
0.011636
0.294943
0.584419
0.333225
0.642198
1.000000
0.011625
0.292149
0.557394
0.330266
0.612558
1.000000
0.011623
0.495136
0.209968
0.695301
0.498086
1.000000
0.011614
0.691495
0.780481
0.788429
0.914487
1.000000
0.011603
0.320083
0.524060
0.356832
0.575917
1.000000
0.011525
0.568601
0.752783
0.608149
0.805320
1.000000
0.011525
0.686428
0.477902
0.792351
0.612791
1.000000
0.011464
0.660366
0.519419
0.703662
0.576355
1.000000
0.011461
0.371734
0.255116
0.465826
0.403429
1.000000
0.011458
0.124519
0.923017
0.206450
1.005836
1.000000
0.011451
0.966734
0.459226
0.999175
0.517368
1.000000
0.011438
0.372416
0.522031
0.411888
0.582217
1.000000
0.011433
0.194318
0.530102
0.232294
0.583123
1.000000
0.011381
0.092593
0.531194
0.131374
0.585261
1.000000
0.011337
0.196239
0.910886
0.272586
1.001003
1.000000
0.011329
0.923296
0.229028
0.993966
0.383069
1.000000
0.011327
0.096703
0.327152
0.126960
0.373243
1.000000
0.011327
0.915286
0.690858
0.954172
0.742741
1.000000
0.011296
0.762583
0.888641
0.867074
1.000212
1.000000
0.011291
0.764453
0.956522
0.808996
1.000684
1.000000
0.011283
0.935656
0.910457
0.990431
0.985481
1.000000
0.011273
0.969099
0.419876
1.000141
0.478872
1.000000
0.011265
0.860549
0.678581
0.966213
0.825454
1.000000
0.011241
0.965032
0.117207
0.998643
0.185082
1.000000
0.011235
0.057854
0.492372
0.270903
0.791503
1.000000
0.011140
0.590659
0.621182
0.635668
0.682256
1.000000
0.011081
0.923782
0.184780
0.962345
0.248341
1.000000
0.011066
0.915040
0.595963
0.952252
0.642131
1.000000
0.011051
0.615083
0.489311
0.658743
0.550146
1.000000
0.011044
0.840467
0.754557
0.880890
0.808277
1.000000
0.011016
0.271016
0.623116
0.307260
0.678944
1.000000
0.011016
0.815038
0.749997
0.858355
0.807812
1.000000
0.010991
0.288363
0.727369
0.329487
0.782202
1.000000
0.010991
0.644877
0.690449
0.685137
0.743205
1.000000
0.010980
0.466967
0.260956
0.511018
0.328486
1.000000
0.010976
0.344750
0.723183
0.380749
0.772482
1.000000
0.010956
0.013613
0.416370
0.053346
0.479249
1.000000
0.010931
0.742030
0.677257
0.786700
0.740433
1.000000
0.010862
0.191277
0.718850
0.235660
0.774942
1.000000
0.010839
0.452060
0.655710
0.490798
0.708416
1.000000
0.010827
0.965573
0.821575
0.999751
0.883379
1.000000
0.010778
0.097224
0.257991
0.127837
0.306908
1.000000
0.010778
0.718065
0.682423
0.760899
0.740020
1.000000
0.010770
0.646313
0.757480
0.687648
0.808905
1.000000
0.010770
0.693731
0.688124
0.734109
0.743480
1.000000
0.010765
0.866686
0.604841
0.907198
0.656547
1.000000
0.010743
0.373342
0.486578
0.411373
0.541415
1.000000
0.010719
0.004163
0.388546
0.034362
0.445983
1.000000
0.010669
0.219506
0.473775
0.309758
0.594046
1.000000
0.010644
0.145165
0.324645
0.177081
0.370565
1.000000
0.010636
0.004141
0.256267
0.031456
0.310190
1.000000
0.010631
0.795632
0.125306
0.830105
0.174700
1.000000
0.010624
0.894740
0.220406
0.930608
0.276286
1.000000
0.010622
0.222036
0.494769
0.256410
0.541352
1.000000
0.010612
0.013164
0.548863
0.055987
0.614333
1.000000
0.010605
0.685791
0.676478
0.869084
0.953558
1.000000
0.010578
0.713840
0.956252
0.760014
1.000160
1.000000
0.010548
0.415439
0.578770
0.457310
0.643223
1.000000
0.010522
0.911254
0.653627
0.950023
0.704349
1.000000
0.010503
0.816741
0.602959
0.856560
0.652604
1.000000
0.010422
0.165983
0.711955
0.260063
0.850267
1.000000
0.010412
0.266905
0.710575
0.356288
0.847504
1.000000
0.010401
0.219094
0.618520
0.257247
0.675393
1.000000
0.010398
0.316247
0.585576
0.356331
0.642618
1.000000
0.010382
0.243490
0.753534
0.286766
0.811056
1.000000
0.010354
0.095938
0.392138
0.127995
0.441590
1.000000
0.010346
0.249703
0.495560
0.283532
0.542022
1.000000
0.010344
0.003081
0.452816
0.034865
0.513215
1.000000
0.010332
0.695857
0.624548
0.738138
0.679022
1.000000
0.010329
0.866484
0.787640
0.906928
0.842852
1.000000
0.010327
0.672117
0.786084
0.710692
0.837649
1.000000
0.010304
0.144540
0.393982
0.176711
0.440726
1.000000
0.010299
0.191022
0.687906
0.235761
0.744839
1.000000
0.010288
0.317374
0.557116
0.355920
0.611103
1.000000
0.010231
0.764074
0.602142
0.804598
0.654137
1.000000
0.010226
0.374487
0.452830
0.412818
0.512918
1.000000
0.010220
0.890585
0.688049
0.929817
0.740132
1.000000
0.010208
0.003259
0.521889
0.036236
0.582693
1.000000
0.010203
0.171722
0.493027
0.208076
0.540936
1.000000
0.010182
0.122651
0.392788
0.154650
0.441234
1.000000
0.010180
0.638507
0.546781
0.679173
0.604870
1.000000
0.010175
0.560349
0.253511
0.609049
0.323845
1.000000
0.010166
0.717159
0.910374
0.813072
1.006072
1.000000
0.010142
0.117225
0.114253
0.201646
0.247076
1.000000
0.010134
0.663623
0.351398
0.708188
0.417172
1.000000
0.010083
0.120816
0.493310
0.155633
0.540847
1.000000
0.010049
0.345051
0.653394
0.383399
0.709611
1.000000
0.010032
0.768110
0.479389
0.858360
0.582910
1.000000
0.010014
0.141606
0.583717
0.180926
0.641246
1.000000
0.010010
0.373668
0.361122
0.406434
0.413173
1.000000
0.010000
0.068087
0.279698
0.157639
0.414308
