1.000000
0.357672
0.267640
0.460602
0.469613
0.822885
1.000000
0.071186
0.296991
0.645498
0.340211
0.708760
1.000000
0.063242
0.285891
0.553932
0.384223
0.728312
1.000000
0.043528
0.293117
0.587486
0.337414
0.656225
1.000000
0.040779
0.265987
0.530287
0.306594
0.587297
1.000000
0.033121
0.710719
0.631201
1.013833
1.033850
1.000000
0.032158
0.273223
0.585335
0.312151
0.644801
1.000000
0.030838
0.284757
0.424933
0.406510
0.598891
1.000000
0.029310
0.278463
0.653369
0.316649
0.708430
1.000000
0.028934
0.266047
0.490041
0.308899
0.553037
1.000000
0.027928
0.311396
0.479408
0.364244
0.559693
1.000000
0.027580
0.310082
0.672406
0.357339
0.740172
1.000000
0.027346
0.276246
0.618931
0.313981
0.677573
1.000000
0.025652
0.338510
0.709279
0.386440
0.780805
1.000000
0.025232
0.396683
0.476309
0.509451
0.685144
1.000000
0.024832
0.400616
0.511017
0.879769
1.083130
1.000000
0.024200
0.256229
0.495687
0.358018
0.651582
1.000000
0.024032
0.309631
0.634722
0.413038
0.802947
1.000000
0.023968
0.307579
0.551391
0.359033
0.624823
1.000000
0.023429
0.863386
0.818434
0.913913
0.873250
1.000000
0.022314
0.005193
0.732006
0.287596
0.998139
1.000000
0.022101
0.439485
0.500531
0.492493
0.588081
1.000000
0.021833
0.962125
0.950203
1.001404
0.999795
1.000000
0.020409
0.290708
0.527052
0.336565
0.589461
1.000000
0.020028
0.556602
0.553283
0.663621
0.709730
1.000000
0.019917
0.511744
0.597969
0.613492
0.761951
1.000000
0.019613
0.449767
0.647431
0.548961
0.837265
1.000000
0.019302
0.503075
0.137142
0.925106
0.746572
1.000000
0.019160
0.904505
0.914311
0.994542
1.003091
1.000000
0.019019
0.813972
0.948885
0.869611
0.999600
1.000000
0.018666
0.292161
0.452680
0.341625
0.524955
1.000000
0.018376
0.857868
0.948936
0.914288
0.999028
1.000000
0.018095
0.358710
0.448150
0.411065
0.526915
1.000000
0.017763
0.439646
0.455292
0.490503
0.536092
1.000000
0.017500
0.468744
0.475331
0.665135
0.787230
1.000000
0.017388
0.413944
0.451931
0.463753
0.531364
1.000000
0.016968
0.261093
0.620900
0.350281
0.765178
1.000000
0.016852
0.343996
0.392702
0.466200
0.562083
1.000000
0.016747
0.314258
0.415893
0.364492
0.488465
1.000000
0.016293
0.388700
0.480515
0.440058
0.560701
1.000000
0.016260
0.608117
0.616858
0.716072
0.749883
1.000000
0.016128
0.334360
0.513960
0.386649
0.588831
1.000000
0.015873
0.923987
0.802024
1.003980
0.910248
1.000000
0.015596
0.881217
0.925207
0.938943
0.991202
1.000000
0.015476
0.360341
0.740310
0.406655
0.807987
1.000000
0.015469
0.336147
0.584301
0.382984
0.651456
1.000000
0.015462
0.010592
0.948134
0.054851
0.998413
1.000000
0.015461
0.362501
0.584696
0.407393
0.651414
1.000000
0.015416
0.518770
0.475203
0.622731
0.638778
1.000000
0.015392
0.293523
0.706556
0.339380
0.771912
1.000000
0.015293
0.270237
0.684969
0.372266
0.839229
1.000000
0.015273
0.318542
0.742033
0.364229
0.806744
1.000000
0.015235
0.686133
0.683511
0.731203
0.739631
1.000000
0.015162
0.706104
0.477435
0.807859
0.610874
1.000000
0.014930
0.844995
0.796536
0.944733
0.906765
1.000000
0.014903
0.358449
0.683381
0.408172
0.754939
1.000000
0.014858
0.959531
0.850404
1.000351
0.914690
1.000000
0.014761
0.464174
0.918701
0.507502
0.980616
1.000000
0.014668
0.274328
0.681198
0.312762
0.735676
1.000000
0.014509
0.490015
0.650387
0.534408
0.723710
1.000000
0.014396
0.777400
0.915453
0.881758
1.005783
1.000000
0.014333
0.353446
0.588704
0.555519
0.935835
1.000000
0.014193
0.224907
0.667784
0.316458
0.808148
1.000000
0.014183
0.002072
0.918272
0.037616
0.982304
1.000000
0.014045
0.557188
0.670447
0.671360
0.812827
1.000000
0.013981
0.064798
0.707794
0.164081
0.855924
1.000000
0.013874
0.333268
0.650391
0.379835
0.717488
1.000000
0.013773
0.230741
0.433670
0.329126
0.569589
1.000000
0.013707
0.014320
0.185232
0.053676
0.248943
1.000000
0.013550
0.539323
0.650308
0.585416
0.717526
1.000000
0.013543
0.563232
0.646628
0.612329
0.715721
1.000000
0.013442
0.253051
0.555927
0.288961
0.605228
1.000000
0.013426
0.166004
0.712458
0.259595
0.847507
1.000000
0.013366
0.660644
0.667444
0.755948
0.792797
1.000000
0.013338
0.355097
0.716134
0.466908
0.879821
1.000000
0.013283
0.817942
0.794933
0.861928
0.848274
1.000000
0.013092
0.360429
0.871317
0.471894
1.000246
1.000000
0.013074
0.793802
0.757358
0.899896
0.885337
1.000000
0.013051
0.390001
0.782892
0.434310
0.847686
1.000000
0.012873
0.662660
0.591507
0.759913
0.729570
1.000000
0.012820
0.937095
0.257482
0.998495
0.380087
1.000000
0.012788
0.507107
0.691808
0.605526
0.854044
1.000000
0.012715
0.870715
0.654437
0.912442
0.699793
1.000000
0.012713
0.110549
0.680808
0.208623
0.822598
1.000000
0.012529
0.667981
0.523125
0.711223
0.582483
1.000000
0.012484
0.384776
0.713538
0.431942
0.781304
1.000000
0.012424
0.245861
0.689353
0.285237
0.745244
1.000000
0.012421
0.668084
0.507998
0.761844
0.639102
1.000000
0.012399
0.308092
0.235524
0.681293
0.802162
1.000000
0.012391
0.010893
0.809856
0.053204
0.873532
1.000000
0.012390
0.364882
0.780538
0.408890
0.843129
1.000000
0.012340
0.489131
0.580757
0.531922
0.651850
1.000000
0.012315
0.256284
0.779573
0.468976
1.014320
1.000000
0.012311
0.606878
0.512106
0.704912
0.654498
1.000000
0.012267
0.443275
0.878161
0.532211
0.995053
1.000000
0.012200
0.248781
0.656459
0.287051
0.709932
1.000000
0.012183
0.757548
0.457129
0.864083
0.592958
1.000000
0.012100
0.250111
0.623201
0.286869
0.676331
1.000000
0.012098
0.490367
0.706873
0.537122
0.785051
1.000000
0.012080
0.268444
0.714060
0.309662
0.775004
1.000000
0.012042
0.568587
0.516996
0.613240
0.586136
1.000000
0.011947
0.826473
0.857212
0.945564
0.986012
1.000000
0.011927
0.169987
0.785982
0.266687
0.918164
1.000000
0.011925
0.839045
0.688543
0.946617
0.821852
1.000000
0.011836
0.442579
0.949218
0.488328
0.999556
1.000000
0.011766
0.003822
0.884759
0.036299
0.943075
1.000000
0.011737
0.413393
0.536842
0.465689
0.618094
1.000000
0.011710
0.763530
0.954415
0.809279
0.999217
1.000000
0.011691
0.456388
0.754752
0.552544
0.922284
1.000000
0.011665
0.184027
0.871071
0.292637
0.994787
1.000000
0.011620
0.417874
0.953785
0.462218
1.000982
1.000000
0.011553
0.711023
0.663410
0.752000
0.715289
1.000000
0.011525
0.585345
0.578285
0.637732
0.651073
1.000000
0.011519
0.016063
0.718667
0.054645
0.777710
1.000000
0.011456
0.642996
0.685229
0.693692
0.744684
1.000000
0.011441
0.002886
0.218236
0.034668
0.277563
1.000000
0.011436
0.340292
0.778935
0.385228
0.840130
1.000000
0.011436
0.641879
0.552919
0.685354
0.611300
1.000000
0.011432
0.612646
0.652806
0.660366
0.716513
1.000000
0.011413
0.387743
0.581543
0.434655
0.652958
1.000000
0.011384
0.338498
0.391881
0.387580
0.460800
1.000000
0.011371
0.847889
0.802268
0.892476
0.851956
1.000000
0.011316
0.668138
0.665861
0.714697
0.725764
1.000000
0.011270
0.441971
0.649932
0.486343
0.720349
1.000000
0.011268
0.538626
0.715016
0.583208
0.781306
1.000000
0.011180
0.964747
0.721395
1.000190
0.777612
1.000000
0.011172
0.314994
0.781479
0.361159
0.844027
1.000000
0.011162
0.961298
0.656202
0.995704
0.707585
1.000000
0.011144
0.514911
0.379867
0.611432
0.527859
1.000000
0.011137
0.412217
0.415848
0.459603
0.488461
1.000000
0.011117
0.445486
0.421863
0.541039
0.583282
1.000000
0.011102
0.966387
0.754384
1.000837
0.807550
1.000000
0.011081
0.515133
0.653025
0.555331
0.721440
1.000000
0.010988
0.540271
0.613770
0.587916
0.682144
1.000000
0.010968
0.587592
0.683213
0.636832
0.745295
1.000000
0.010968
0.562455
0.714792
0.607984
0.777675
1.000000
0.010961
0.589126
0.716483
0.634931
0.775354
1.000000
0.010953
0.707265
0.620838
0.812582
0.750773
1.000000
0.010951
0.003596
0.253809
0.033671
0.312226
1.000000
0.010857
0.514876
0.745894
0.555667
0.814119
1.000000
0.010837
0.194906
0.718258
0.232524
0.777540
1.000000
0.010783
0.906333
0.824598
0.958232
0.881510
1.000000
0.010772
0.142758
0.904826
0.235138
1.006918
1.000000
0.010771
0.442756
0.575381
0.488466
0.648967
1.000000
0.010724
0.758674
0.685454
0.865266
0.816547
1.000000
0.010707
0.252907
0.585912
0.289852
0.640110
1.000000
0.010697
0.246963
0.462336
0.287341
0.518247
1.000000
0.010697
0.387153
0.649215
0.433654
0.718644
1.000000
0.010680
0.291732
0.747172
0.336964
0.810321
1.000000
0.010677
0.382122
0.787201
0.485997
0.951523
1.000000
0.010669
0.711801
0.516713
0.757938
0.577427
1.000000
0.010631
0.820667
0.422361
0.859261
0.473655
1.000000
0.010617
0.443667
0.640983
0.675045
0.967061
1.000000
0.010617
0.612305
0.554081
0.655501
0.617647
1.000000
0.010566
0.563769
0.417991
0.658696
0.568907
1.000000
0.010546
0.224133
0.528760
0.257709
0.577711
1.000000
0.010503
0.512892
0.516368
0.555129
0.585255
1.000000
0.010501
0.143807
0.718952
0.179856
0.775874
1.000000
0.010479
0.073702
0.188661
0.107406
0.246015
1.000000
0.010463
0.462061
0.537087
0.505236
0.613691
1.000000
0.010453
0.414536
0.648333
0.459503
0.718258
1.000000
0.010444
0.465538
0.816680
0.508009
0.883168
1.000000
0.010398
0.220387
0.585744
0.253472
0.636249
1.000000
0.010379
0.469479
0.851219
0.510659
0.917443
1.000000
0.010339
0.363207
0.955539
0.408710
1.002213
1.000000
0.010290
0.049085
0.870461
0.172536
0.998013
1.000000
0.010278
0.282665
0.897282
0.385831
1.005616
1.000000
0.010234
0.965185
0.688739
0.998225
0.738482
1.000000
0.010224
0.964660
0.790678
1.001476
0.847536
1.000000
0.010213
0.268467
0.424644
0.311067
0.486135
1.000000
0.010190
0.883109
0.804739
0.934177
0.857649
1.000000
0.010153
0.486508
0.513804
0.530189
0.585206
1.000000
0.010143
0.003987
0.585562
0.034527
0.645942
1.000000
0.010135
0.109840
0.773263
0.211623
0.923251
1.000000
0.010083
0.224385
0.559997
0.256135
0.604678
1.000000
0.010078
0.766312
0.822638
0.882412
0.954735
1.000000
0.010059
0.465304
0.648870
0.510185
0.723694
1.000000
0.010048
0.002719
0.285641
0.033481
0.344272
1.000000
0.010037
0.543387
0.517324
0.587038
0.583021
1.000000
0.010026
0.964400
0.287185
0.998040
0.353401
1.000000
0.010000
0.847333
0.622269
0.950463
0.728393
