1.000000
0.291248
0.364683
0.163598
0.530572
0.466293
1.000000
0.038074
0.427260
0.236342
0.976589
1.027600
1.000000
0.020467
0.361904
0.117005
0.482229
0.282893
1.000000
0.020197
0.026727
0.468582
0.457619
1.090730
1.000000
0.020070
-0.000188
0.536989
0.051914
0.675228
1.000000
0.019166
0.315753
0.949458
0.356917
0.995000
1.000000
0.017025
0.260019
0.081582
0.560192
0.640456
1.000000
0.016194
0.431821
0.370905
0.491327
0.455704
1.000000
0.016179
0.256601
0.488051
0.364189
0.628128
1.000000
0.015599
0.312900
0.414804
0.410296
0.551119
1.000000
0.014532
0.531648
0.526890
0.648091
0.679353
1.000000
0.014384
0.267748
0.957402
0.309452
0.999271
1.000000
0.014222
0.350532
0.325278
0.456962
0.488199
1.000000
0.014190
0.363827
0.417148
0.407429
0.480729
1.000000
0.013336
0.338528
0.447013
0.387445
0.516171
1.000000
0.013194
0.465177
0.192286
0.570884
0.374400
1.000000
0.012903
0.485809
0.605511
0.593775
0.763655
1.000000
0.012850
0.337485
0.387766
0.383109
0.453394
1.000000
0.012722
0.297010
0.926852
0.340270
0.982538
1.000000
0.012572
0.494793
0.471271
0.608454
0.622126
1.000000
0.012306
0.965428
0.693322
0.995020
0.742679
1.000000
0.012295
0.755666
0.632238
1.028317
1.011117
1.000000
0.012217
0.286139
0.517204
0.335270
0.585129
1.000000
0.011942
0.002784
0.644043
0.033801
0.717003
1.000000
0.011812
-0.000023
0.676163
0.053773
0.816049
1.000000
0.011665
0.324825
0.472820
0.444385
0.624265
1.000000
0.011596
0.427956
0.308445
0.550111
0.498150
1.000000
0.011577
0.268214
0.548047
0.313304
0.611734
1.000000
0.011532
0.295861
0.346208
0.387240
0.484193
1.000000
0.011509
0.366383
0.281527
0.409800
0.342395
1.000000
0.011462
0.665337
0.957765
0.705478
0.998115
1.000000
0.011376
0.892925
0.631703
0.925369
0.674401
1.000000
0.011355
0.365004
0.180764
0.411044
0.249298
1.000000
0.011250
0.272760
0.895443
0.360841
1.001122
1.000000
0.011204
0.614020
0.955615
0.656554
0.997385
1.000000
0.011193
0.446875
0.659326
0.533217
0.797159
1.000000
0.011140
0.389766
0.378963
0.442672
0.451086
1.000000
0.011122
0.435356
0.248193
0.489178
0.323712
1.000000
0.011071
-0.000854
0.277947
0.057223
0.421640
1.000000
0.011034
0.693775
0.608352
0.784005
0.750463
1.000000
0.011031
0.002515
0.716614
0.031650
0.783296
1.000000
0.010971
0.487306
0.178324
0.538264
0.254213
1.000000
0.010884
0.426565
0.100614
0.539874
0.240339
1.000000
0.010871
0.335786
0.198997
0.434716
0.360948
1.000000
0.010820
0.336429
0.509681
0.387761
0.581189
1.000000
0.010795
0.312161
0.661603
0.412573
0.814677
1.000000
0.010741
0.311898
0.075598
0.422578
0.221698
1.000000
0.010501
0.540612
0.202992
0.629802
0.357443
1.000000
0.010487
0.484924
0.243624
0.536151
0.317761
1.000000
0.010487
0.254225
0.590933
0.363874
0.764671
1.000000
0.010424
0.465506
0.716403
0.505481
0.775340
1.000000
0.010419
0.457681
0.439703
0.508495
0.516069
1.000000
0.010411
0.289956
0.654180
0.331531
0.714414
1.000000
0.010260
0.320895
0.416770
0.361833
0.474360
1.000000
0.010231
0.515054
0.340408
0.613177
0.496860
1.000000
0.010176
0.001203
0.514996
0.033600
0.593860
1.000000
0.010141
0.242058
0.959708
0.283107
1.000284
1.000000
0.010037
0.269218
0.495601
0.307966
0.546857
1.000000
0.010003
0.355192
0.608412
0.458356
0.770061
