1.000000
0.041132
0.468329
0.861207
0.507508
0.916070
1.000000
0.037341
0.322082
0.408751
0.723305
0.999336
1.000000
0.033121
0.747126
0.585585
1.013543
1.035735
1.000000
0.024518
0.963942
0.950378
1.001107
0.999505
1.000000
0.023409
0.327639
0.458962
0.540767
0.770512
1.000000
0.022275
0.483595
0.884264
0.522378
0.935695
1.000000
0.022056
0.487596
0.917002
0.529944
0.969424
1.000000
0.021977
0.515095
0.955465
0.555619
0.996613
1.000000
0.021818
0.360736
0.691136
0.452936
0.829161
1.000000
0.021274
0.468902
0.953068
0.509916
0.995758
1.000000
0.021179
0.373506
0.821667
0.405941
0.870567
1.000000
0.021169
0.420688
0.827126
0.454726
0.873868
1.000000
0.021067
0.162950
0.151417
0.627362
0.781774
1.000000
0.020509
0.462920
0.390783
0.572619
0.523730
1.000000
0.020467
0.569593
0.851615
0.604873
0.900602
1.000000
0.020393
0.361655
0.456857
0.480593
0.617322
1.000000
0.020114
0.867415
0.794429
0.918455
0.849527
1.000000
0.019751
0.325950
0.747101
0.417876
0.882255
1.000000
0.019475
0.371020
0.791712
0.405595
0.846494
1.000000
0.019454
0.394300
0.824845
0.428865
0.871462
1.000000
0.019423
0.322473
0.612182
0.407761
0.745100
1.000000
0.019348
0.511914
0.926155
0.552504
0.976432
1.000000
0.019217
0.416573
0.796677
0.452580
0.846783
1.000000
0.019143
0.423972
0.854742
0.457858
0.902514
1.000000
0.018925
0.418232
0.958819
0.457433
0.999041
1.000000
0.018784
0.589161
0.418836
0.634568
0.480725
1.000000
0.018712
0.848878
0.767158
0.946568
0.882920
1.000000
0.018690
0.590884
0.819365
0.627209
0.873375
1.000000
0.018687
0.548764
0.860511
0.583680
0.906777
1.000000
0.018467
0.513169
0.863887
0.549002
0.911211
1.000000
0.018363
0.910988
0.909585
0.993518
1.001446
1.000000
0.018257
0.342620
0.653499
0.381586
0.709965
1.000000
0.018116
0.433477
0.827477
0.518907
0.934510
1.000000
0.018075
0.565408
0.761605
0.648555
0.890298
1.000000
0.018026
0.547373
0.410084
0.655603
0.546289
1.000000
0.017957
0.368837
0.756896
0.404797
0.811591
1.000000
0.017945
0.348107
0.725291
0.384594
0.778795
1.000000
0.017945
0.962212
0.821831
0.999740
0.879101
1.000000
0.017851
0.449124
0.905080
0.531569
1.001218
1.000000
0.017827
0.469214
0.833804
0.505629
0.885283
1.000000
0.017819
0.564777
0.958411
0.605273
0.998758
1.000000
0.017329
0.539444
0.956689
0.581116
0.999002
1.000000
0.017192
0.417483
0.922095
0.457095
0.973389
1.000000
0.017071
0.897992
0.789297
0.993373
0.910383
1.000000
0.017069
0.468419
0.419686
0.514327
0.481456
1.000000
0.017018
0.445316
0.956797
0.486648
0.999437
1.000000
0.016682
0.346027
0.686525
0.384012
0.741826
1.000000
0.016675
0.543785
0.215239
0.955364
0.915230
1.000000
0.016471
0.419940
0.393923
0.460535
0.454389
1.000000
0.016309
0.394479
0.794851
0.430195
0.844540
1.000000
0.016301
0.297938
0.684391
0.386160
0.826484
1.000000
0.016290
0.514038
0.830078
0.549561
0.877976
1.000000
0.016062
0.390701
0.760366
0.428433
0.812578
1.000000
0.016034
0.367874
0.617242
0.576918
0.924685
1.000000
0.015961
0.368113
0.959789
0.407512
1.000189
1.000000
0.015932
0.564340
0.419490
0.609263
0.481818
1.000000
0.015931
0.469502
0.801692
0.505489
0.852243
1.000000
0.015906
0.517220
0.820798
0.610931
0.944983
1.000000
0.015831
0.390441
0.758636
0.484388
0.886489
1.000000
0.015780
0.734111
0.884201
0.835404
0.995257
1.000000
0.015517
0.575360
0.795403
0.611626
0.849971
1.000000
0.015378
0.537127
0.387737
0.583802
0.450216
1.000000
0.015251
0.493919
0.431324
0.610145
0.583344
1.000000
0.015182
0.363393
0.510218
0.410835
0.584014
1.000000
0.015142
0.361794
0.599812
0.462593
0.757893
1.000000
0.015138
0.614519
0.392052
0.657641
0.452540
1.000000
0.015134
0.363833
0.658557
0.402793
0.714746
1.000000
0.015019
0.534455
0.444902
0.585819
0.515293
1.000000
0.014964
0.271018
0.619070
0.356655
0.742297
1.000000
0.014944
0.493240
0.389065
0.539117
0.453471
1.000000
0.014917
0.664334
0.952127
0.710001
0.999685
1.000000
0.014903
0.966841
0.754721
1.000364
0.807066
1.000000
0.014900
0.886809
0.952331
0.936192
1.000177
1.000000
0.014836
0.220165
0.683079
0.307502
0.812068
1.000000
0.014836
0.623153
0.672728
0.713313
0.819219
1.000000
0.014602
0.351600
0.787351
0.388625
0.841970
1.000000
0.014562
0.397495
0.853617
0.431175
0.899889
1.000000
0.014561
0.618264
0.314405
0.716469
0.457382
1.000000
0.014485
0.605892
0.776196
0.709290
0.921253
1.000000
0.014430
0.406721
0.679440
0.515948
0.832192
1.000000
0.014413
0.322292
0.723530
0.358211
0.776993
1.000000
0.014401
0.266468
0.746872
0.364057
0.893100
1.000000
0.014361
0.453266
0.768553
0.547378
0.896007
1.000000
0.014319
0.392446
0.393168
0.492997
0.531927
1.000000
0.014267
0.455232
0.879887
0.493316
0.931841
1.000000
0.014244
0.612481
0.447916
0.655301
0.509117
1.000000
0.014234
0.323745
0.651400
0.360994
0.705282
1.000000
0.014215
0.714215
0.947182
0.763118
0.998478
1.000000
0.014183
0.508144
0.415275
0.558684
0.484764
1.000000
0.014179
0.669584
0.600895
0.751321
0.736792
1.000000
0.014138
0.572291
0.761046
0.608102
0.816358
1.000000
0.014102
0.515053
0.795770
0.552527
0.846300
1.000000
0.014038
0.269630
0.655255
0.305078
0.707454
1.000000
0.014026
0.390279
0.729853
0.427509
0.780900
1.000000
0.014019
0.394267
0.957844
0.436051
1.000359
1.000000
0.014010
0.394718
0.920092
0.434495
0.972907
1.000000
0.013994
0.616708
0.411831
0.717420
0.544559
1.000000
0.013959
0.263614
0.952216
0.309940
0.999513
1.000000
0.013940
0.616823
0.355840
0.656266
0.412295
1.000000
0.013924
0.887083
0.812087
0.938190
0.870367
1.000000
0.013920
0.965871
0.723357
0.999566
0.777481
1.000000
0.013915
0.413280
0.760230
0.452399
0.813760
1.000000
0.013905
0.395308
0.869339
0.499661
0.988279
1.000000
0.013864
0.609496
0.871051
0.727732
0.997792
1.000000
0.013855
0.816415
0.811311
0.930772
0.949345
1.000000
0.013852
0.538702
0.678229
0.635674
0.836060
1.000000
0.013813
0.372350
0.847135
0.404690
0.896177
1.000000
0.013783
0.615666
0.957145
0.658430
1.000105
1.000000
0.013683
0.763671
0.950452
0.809412
0.999072
1.000000
0.013626
0.821500
0.906656
0.917895
1.004587
1.000000
0.013602
0.551222
0.829882
0.586912
0.879282
1.000000
0.013562
0.445438
0.799528
0.483471
0.848561
1.000000
0.013543
0.167234
0.683596
0.253078
0.812146
1.000000
0.013540
0.675381
0.679799
0.713889
0.738956
1.000000
0.013522
0.004055
0.522757
0.033333
0.582069
1.000000
0.013512
0.368821
0.921561
0.409279
0.975564
1.000000
0.013501
0.489069
0.440992
0.543002
0.512213
1.000000
0.013429
0.319552
0.786870
0.356505
0.841679
1.000000
0.013427
0.966129
0.886139
1.001969
0.945538
1.000000
0.013394
0.489227
0.799958
0.526940
0.850847
1.000000
0.013333
0.813435
0.951883
0.863074
1.000645
1.000000
0.013329
0.667239
0.384412
0.766879
0.523420
1.000000
0.013286
0.514045
0.914891
0.600474
1.005322
1.000000
0.013284
0.688060
0.658288
0.726240
0.715461
1.000000
0.013257
0.448038
0.916917
0.489422
0.970543
1.000000
0.013209
0.339288
0.868571
0.444439
0.991522
1.000000
0.013074
0.447917
0.832845
0.485483
0.880882
1.000000
0.013041
0.711424
0.786482
0.810566
0.929734
1.000000
0.012946
0.566045
0.925218
0.607764
0.978397
1.000000
0.012932
0.513891
0.361239
0.554550
0.418637
1.000000
0.012800
0.561933
0.319072
0.656399
0.457726
1.000000
0.012710
0.412531
0.445794
0.461790
0.519234
1.000000
0.012705
0.641702
0.392182
0.684650
0.450595
1.000000
0.012692
0.820801
0.790644
0.863016
0.843200
1.000000
0.012594
0.268810
0.720557
0.305653
0.775618
1.000000
0.012578
0.444984
0.330135
0.542641
0.463901
1.000000
0.012572
0.762829
0.681371
0.867262
0.814818
1.000000
0.012572
0.665143
0.388548
0.709996
0.449236
1.000000
0.012570
0.295637
0.652137
0.332193
0.704291
1.000000
0.012538
0.930369
0.735018
1.004686
0.844648
1.000000
0.012506
0.054874
0.709326
0.161151
0.853970
1.000000
0.012441
-0.000308
0.546137
0.058677
0.665890
1.000000
0.012441
0.302468
0.545902
0.390740
0.684359
1.000000
0.012414
0.513696
0.612951
0.701581
0.925255
1.000000
0.012407
0.510573
0.326270
0.607622
0.464393
1.000000
0.012362
0.321635
0.755824
0.358252
0.810113
1.000000
0.012356
0.479179
0.718112
0.586781
0.860868
1.000000
0.012331
0.543688
0.885356
0.578565
0.934533
1.000000
0.012325
0.589897
0.957919
0.632685
1.000302
1.000000
0.012312
0.471374
0.356883
0.512097
0.412538
1.000000
0.012306
0.589078
0.483253
0.635355
0.547409
1.000000
0.012297
0.769600
0.789101
0.874607
0.925801
1.000000
0.012277
0.170451
0.717015
0.206502
0.772525
1.000000
0.012269
0.862701
0.848411
0.913824
0.912272
1.000000
0.012249
0.910481
0.848469
0.956991
0.907212
1.000000
0.012245
0.003214
0.582301
0.035258
0.645933
1.000000
0.012233
0.476731
0.853495
0.567043
0.966563
1.000000
0.012183
0.279838
0.868177
0.386334
0.992154
1.000000
0.012117
0.315345
0.957702
0.357303
1.000096
1.000000
0.012071
0.245169
0.718510
0.281083
0.773306
1.000000
0.012069
0.663539
0.707825
0.756535
0.849759
1.000000
0.012035
0.323475
0.686083
0.359922
0.741142
1.000000
0.012031
0.415299
0.728518
0.454377
0.780025
1.000000
0.011979
0.367050
0.458658
0.411438
0.525824
1.000000
0.011961
0.293148
0.788688
0.330810
0.842782
1.000000
0.011952
0.398814
0.888726
0.432052
0.937339
1.000000
0.011947
0.610467
0.820951
0.646959
0.873818
1.000000
0.011920
0.592340
0.357220
0.632294
0.413703
1.000000
0.011909
0.566533
0.356894
0.605746
0.412581
1.000000
0.011895
0.710753
0.676908
0.811073
0.820521
1.000000
0.011887
0.540580
0.358344
0.581869
0.415568
1.000000
0.011841
0.342282
0.959133
0.384216
1.001624
1.000000
0.011806
0.741636
0.821047
0.785358
0.883507
1.000000
0.011801
0.936207
0.630276
0.981529
0.679131
1.000000
0.011796
0.321947
0.491564
0.358362
0.548261
1.000000
0.011763
0.796333
0.727167
0.902032
0.864462
1.000000
0.011763
0.618829
0.724566
0.653991
0.776755
1.000000
0.011761
0.548263
0.794473
0.585089
0.845927
1.000000
0.011694
0.669122
0.356840
0.710291
0.414756
1.000000
0.011675
0.439292
0.415568
0.486074
0.479197
1.000000
0.011664
0.569632
0.239841
0.661778
0.390015
1.000000
0.011541
0.388860
0.658557
0.430016
0.714998
1.000000
0.011525
0.968088
0.692559
0.999345
0.742405
1.000000
0.011508
0.617885
0.320552
0.656681
0.379186
1.000000
0.011431
0.095275
0.522252
0.127176
0.574818
1.000000
0.011378
0.093014
0.691526
0.129323
0.743745
1.000000
0.011333
0.377657
0.335123
0.576511
0.587015
1.000000
0.011329
0.594010
0.762815
0.631632
0.820940
1.000000
0.011314
0.442703
0.728778
0.481304
0.778772
1.000000
0.011306
0.934498
0.795460
0.985364
0.852910
1.000000
0.011301
0.268080
0.688070
0.304915
0.743736
1.000000
0.011272
0.221131
0.717472
0.256275
0.773609
1.000000
0.011250
0.440201
0.447713
0.489025
0.515223
1.000000
0.011201
0.295426
0.721167
0.332559
0.776437
1.000000
0.011170
0.563468
0.909156
0.659279
1.007032
1.000000
0.011153
0.413286
0.687920
0.455847
0.745047
1.000000
0.011152
0.268253
0.787756
0.307428
0.844022
1.000000
0.011042
0.228166
0.676754
0.424910
0.963037
1.000000
0.011031
0.642814
0.448929
0.686653
0.509877
1.000000
0.011016
0.217905
0.876260
0.319944
0.995115
1.000000
0.011010
0.414829
0.655474
0.456211
0.712964
1.000000
0.011006
0.715902
0.352819
0.758076
0.412481
1.000000
0.011006
0.516992
0.757574
0.554950
0.810562
1.000000
0.010999
0.244924
0.790186
0.281486
0.844488
1.000000
0.010991
0.296216
0.624481
0.335035
0.677588
1.000000
0.010966
0.817019
0.821172
0.860621
0.877428
1.000000
0.010914
0.766628
0.611821
0.875133
0.742055
1.000000
0.010886
0.713055
0.584716
0.813914
0.728243
1.000000
0.010876
0.668946
0.317883
0.708389
0.376609
1.000000
0.010867
0.569496
0.289966
0.604132
0.342819
1.000000
0.010810
0.938712
0.846079
0.988728
0.908721
1.000000
0.010797
0.766441
0.823355
0.805919
0.880144
1.000000
0.010792
0.428310
0.599060
0.541570
0.762863
1.000000
0.010778
0.462602
0.479961
0.512343
0.550865
1.000000
0.010772
0.172188
0.124838
0.204551
0.176186
1.000000
0.010768
0.368442
0.422827
0.408488
0.482953
1.000000
0.010768
0.309239
0.477301
0.400228
0.615484
1.000000
0.010765
0.906905
0.616356
0.992471
0.719819
1.000000
0.010755
0.964372
0.656111
0.997612
0.708032
1.000000
0.010748
0.423516
0.884182
0.457013
0.932088
1.000000
0.010744
0.472315
0.211787
0.667976
0.505916
1.000000
0.010702
0.508101
0.603538
0.614481
0.764857
1.000000
0.010692
0.667146
0.278913
0.764868
0.420632
1.000000
0.010692
0.146310
0.693374
0.181815
0.744203
1.000000
0.010678
0.675713
0.812003
0.868162
1.019012
1.000000
0.010665
0.442102
0.655473
0.482863
0.710405
1.000000
0.010656
0.239167
0.919778
0.288954
0.984552
1.000000
0.010653
0.554992
0.546216
0.656658
0.708357
1.000000
0.010638
0.567329
0.321771
0.605116
0.378612
1.000000
0.010632
0.581442
0.290230
0.776087
0.593546
1.000000
0.010617
0.118312
0.692352
0.153890
0.743203
1.000000
0.010607
0.443084
0.762055
0.481761
0.813200
1.000000
0.010604
0.614198
0.921852
0.660343
0.981053
1.000000
0.010597
0.857071
0.698701
0.973163
0.830103
1.000000
0.010595
0.193822
0.718673
0.230287
0.776607
1.000000
0.010564
0.004572
0.456187
0.031932
0.511846
1.000000
0.010546
0.467074
0.656853
0.507734
0.713210
1.000000
0.010520
0.215227
0.954797
0.262053
1.001485
1.000000
0.010518
0.294492
0.689138
0.332499
0.745860
1.000000
0.010515
0.674824
0.630920
0.711758
0.686469
1.000000
0.010494
0.069864
0.467667
0.150467
0.608737
1.000000
0.010474
0.791705
0.887737
0.836002
0.944491
1.000000
0.010472
0.273309
0.627412
0.306895
0.675578
1.000000
0.010460
0.363418
0.581666
0.407532
0.646900
1.000000
0.010458
0.319934
0.822422
0.356478
0.875483
1.000000
0.010429
0.118850
0.714449
0.212832
0.855288
1.000000
0.010425
0.246149
0.657620
0.282723
0.711801
1.000000
0.010425
0.621984
0.286622
0.658517
0.340797
1.000000
0.010415
0.513180
0.475564
0.563896
0.545568
1.000000
0.010413
0.149011
0.122255
0.180883
0.173555
1.000000
0.010407
0.223034
0.773446
0.313392
0.911800
1.000000
0.010358
0.270000
0.757579
0.307110
0.812317
1.000000
0.010278
0.359430
0.618923
0.403929
0.681367
1.000000
0.010273
0.384587
0.483920
0.438209
0.560041
1.000000
0.010227
0.689648
0.918583
0.743105
0.986673
1.000000
0.010217
0.410253
0.511007
0.460580
0.583502
1.000000
0.010206
0.579823
0.470481
0.683100
0.622453
1.000000
0.010183
0.694360
0.319583
0.735798
0.379141
1.000000
0.010176
0.872512
0.633134
0.910141
0.675259
1.000000
0.010173
0.787579
0.918859
0.838273
0.985207
1.000000
0.010169
0.540880
0.514665
0.584640
0.576643
1.000000
0.010154
0.816088
0.723230
0.857337
0.774292
1.000000
0.010152
0.618365
0.553811
0.713363
0.706392
1.000000
0.010135
0.965886
0.596694
0.998039
0.646861
1.000000
0.010110
0.611875
0.850857
0.650295
0.904208
1.000000
0.010108
0.845052
0.813975
0.894009
0.873386
1.000000
0.010106
0.468079
0.763438
0.504821
0.814776
1.000000
0.010097
0.295445
0.757644
0.333285
0.813424
1.000000
0.010090
0.592652
0.322399
0.631048
0.379132
1.000000
0.010090
0.740734
0.853681
0.787530
0.918444
1.000000
0.010081
0.692659
0.125821
0.730109
0.179215
1.000000
0.010081
0.642890
0.318154
0.682225
0.376156
1.000000
0.010066
0.711327
0.498637
0.813596
0.649315
1.000000
0.010063
0.587982
0.920043
0.632491
0.977458
1.000000
0.010062
0.075703
0.520659
0.107029
0.575011
1.000000
0.010033
0.562091
0.480125
0.607922
0.545574
1.000000
0.010033
0.170226
0.752621
0.207923
0.809674
1.000000
0.010031
0.854685
0.196128
0.995823
0.436574
