1.000000
0.979909
0.389130
0.303432
0.534053
0.565098
1.000000
0.189750
0.334185
0.293752
0.713832
0.902490
1.000000
0.036908
0.010616
0.307591
0.433505
1.025826
1.000000
0.031944
0.809694
0.652017
0.854055
0.709158
1.000000
0.029828
0.865749
0.635807
0.908865
0.684926
1.000000
0.029324
0.745066
0.632794
0.786445
0.681983
1.000000
0.029037
0.823759
0.627639
0.910202
0.728255
1.000000
0.027095
0.392194
0.283766
0.437141
0.353303
1.000000
0.023883
0.566204
0.453863
0.976449
1.006601
1.000000
0.023603
0.742336
0.621932
0.829002
0.729955
1.000000
0.023222
0.370528
0.265814
0.475998
0.435731
1.000000
0.023016
0.482489
0.370118
0.537674
0.459063
1.000000
0.022144
0.780978
0.649527
0.865133
0.762007
1.000000
0.022030
0.408429
0.445733
0.518169
0.634200
1.000000
0.020162
0.638579
0.521844
0.678447
0.573734
1.000000
0.019993
0.799639
0.681900
0.840094
0.738510
1.000000
0.019939
0.612637
0.484064
0.702139
0.596904
1.000000
0.019932
0.882959
0.061757
1.004002
0.378233
1.000000
0.019824
0.680371
0.524255
0.883185
0.768169
1.000000
0.019809
0.459251
0.282705
0.510046
0.360559
1.000000
0.019805
0.483136
0.318366
0.537840
0.401540
1.000000
0.019756
0.374627
0.289557
0.413011
0.348788
1.000000
0.019516
0.558189
0.545801
0.658260
0.682811
1.000000
0.019061
0.961958
0.181396
0.997884
0.255169
1.000000
0.018898
0.559138
0.717480
0.606536
0.775850
1.000000
0.018881
0.762578
0.649915
0.803728
0.703754
1.000000
0.018660
0.374269
0.385473
0.413498
0.447396
1.000000
0.017957
0.432622
0.499505
0.491919
0.585143
1.000000
0.017945
0.898543
0.856366
0.997691
0.997293
1.000000
0.017662
0.163458
0.538042
0.257729
0.680095
1.000000
0.017618
0.524628
0.666982
0.625030
0.797011
1.000000
0.017057
0.815003
0.674499
0.905409
0.804451
1.000000
0.016842
0.097218
0.533735
0.209683
0.686411
1.000000
0.016795
0.813100
0.714954
0.856009
0.769923
1.000000
0.016652
0.533456
0.461949
0.635277
0.608579
1.000000
0.016648
0.655241
0.481347
0.762709
0.609649
1.000000
0.016223
0.693993
0.639663
0.790005
0.767596
1.000000
0.016175
0.746875
0.677851
0.837100
0.803417
1.000000
0.016136
0.969958
0.688231
1.000586
0.744707
1.000000
0.016112
0.315437
0.504112
0.419085
0.662541
1.000000
0.016099
0.963553
0.283619
0.998332
0.352477
1.000000
0.015892
0.616310
0.545119
0.713404
0.668421
1.000000
0.015889
0.969626
0.556895
0.999960
0.613684
1.000000
0.015851
0.927317
0.163205
0.997155
0.321172
1.000000
0.015699
0.485140
0.436354
0.536920
0.519806
1.000000
0.015652
0.694398
0.571541
0.792677
0.693584
1.000000
0.015648
0.968622
0.653226
1.000577
0.713266
1.000000
0.015577
0.967986
0.590642
0.999500
0.647621
1.000000
0.015504
0.968477
0.621776
0.999568
0.676647
1.000000
0.015408
0.821918
0.122890
0.856291
0.174028
1.000000
0.015353
0.503308
0.401900
0.605707
0.555440
1.000000
0.015166
0.435634
0.254661
0.487716
0.330316
1.000000
0.015149
0.723973
0.627156
0.765653
0.677471
1.000000
0.015142
0.509920
0.286079
0.553824
0.360294
1.000000
0.014699
0.390732
0.440547
0.440655
0.519412
1.000000
0.014688
0.579412
0.613260
0.679450
0.745737
1.000000
0.014635
0.761922
0.955593
0.806684
0.999815
1.000000
0.014575
0.586994
0.419517
0.681379
0.558438
1.000000
0.014427
0.841898
0.647161
0.889997
0.701087
1.000000
0.014377
0.967532
0.719495
1.000223
0.780780
1.000000
0.014293
0.791516
0.581523
0.884404
0.694772
1.000000
0.014177
0.535233
0.384230
0.581547
0.454520
1.000000
0.014170
0.426394
0.238461
0.533063
0.401030
1.000000
0.014164
0.652508
0.617455
0.745747
0.739756
1.000000
0.014122
0.390633
0.352340
0.437629
0.426739
1.000000
0.014109
0.839441
0.721377
0.879552
0.772465
1.000000
0.014080
0.817749
0.951883
0.861271
0.997073
1.000000
0.013893
0.592038
0.517060
0.638306
0.577261
1.000000
0.013795
0.014289
0.551356
0.060964
0.619475
1.000000
0.013765
0.779524
0.618206
0.974483
0.901944
1.000000
0.013744
0.667314
0.589869
0.708387
0.642686
1.000000
0.013733
0.458228
0.345940
0.515989
0.434969
1.000000
0.013714
0.393034
0.513431
0.439159
0.585975
1.000000
0.013553
0.216221
0.540736
0.312643
0.685718
1.000000
0.013517
0.057982
0.487733
0.270490
0.787180
1.000000
0.013510
0.693692
0.593119
0.735772
0.644350
1.000000
0.013436
0.002344
0.718222
0.035084
0.777232
1.000000
0.013396
0.815445
0.515165
0.852247
0.560687
1.000000
0.013349
0.589366
0.557506
0.789146
0.840770
1.000000
0.013329
0.967474
0.520296
0.998842
0.577925
1.000000
0.013326
0.712573
0.910041
0.809597
1.003620
1.000000
0.013242
0.117073
0.552234
0.158793
0.612140
1.000000
0.013206
0.486770
0.253230
0.535262
0.326063
1.000000
0.013181
0.524748
0.312878
0.622169
0.467177
1.000000
0.013096
0.460454
0.556797
0.668155
0.842867
1.000000
0.013074
0.768626
0.683800
0.808069
0.738196
1.000000
0.013059
0.966849
0.347350
0.999008
0.410765
1.000000
0.013051
0.713237
0.952728
0.762258
0.998904
1.000000
0.013030
0.768926
0.480740
0.860551
0.586710
1.000000
0.013001
0.179185
0.800218
0.350329
1.022623
1.000000
0.012902
0.410956
0.313613
0.463042
0.392599
1.000000
0.012862
0.265858
0.951688
0.307829
0.996288
1.000000
0.012821
0.693872
0.655935
0.735465
0.709038
1.000000
0.012713
0.136800
0.601535
0.231648
0.754329
1.000000
0.012636
0.168836
0.555060
0.208035
0.612993
1.000000
0.012633
0.436731
0.315650
0.493164
0.399118
1.000000
0.012486
0.797240
0.498601
0.837502
0.542899
1.000000
0.012456
0.093137
0.529145
0.134141
0.584473
1.000000
0.012438
0.763468
0.603429
0.804308
0.653809
1.000000
0.012425
0.537746
0.443631
0.589545
0.516374
1.000000
0.012424
0.865379
0.722244
0.905379
0.774369
1.000000
0.012408
0.864651
0.679556
0.907671
0.736281
1.000000
0.012362
0.962350
0.946757
1.000356
0.999214
1.000000
0.012362
0.622387
0.351625
0.714457
0.485370
1.000000
0.012329
0.191256
0.656578
0.233877
0.716783
1.000000
0.012301
0.965231
0.490158
0.997749
0.545405
1.000000
0.012261
0.768123
0.719098
0.808182
0.771967
1.000000
0.012256
0.691303
0.726026
0.731982
0.777196
1.000000
0.012184
0.816539
0.751899
0.859002
0.807196
1.000000
0.012160
0.333890
0.362378
0.426787
0.530763
1.000000
0.012159
0.796723
0.122176
0.830785
0.171864
1.000000
0.012152
0.719174
0.600110
0.760461
0.650684
1.000000
0.012152
0.817271
0.605128
0.855813
0.652213
1.000000
0.012150
0.484414
0.509284
0.532243
0.583715
1.000000
0.012112
0.564274
0.476455
0.611617
0.545962
1.000000
0.012105
0.364548
0.550829
0.467097
0.719790
1.000000
0.012083
0.920984
0.185522
0.959847
0.247950
1.000000
0.012067
0.670017
0.783189
0.764220
0.911010
1.000000
0.012038
0.642579
0.585393
0.683494
0.638599
1.000000
0.012007
0.266297
0.484522
0.360638
0.623242
1.000000
0.011985
0.194431
0.601232
0.282921
0.751415
1.000000
0.011969
0.350362
0.449430
0.458013
0.618874
1.000000
0.011941
0.795312
0.747209
0.882630
0.876545
1.000000
0.011850
0.411830
0.536197
0.463981
0.613096
1.000000
0.011812
0.865125
0.955212
0.908407
0.998835
1.000000
0.011772
0.590691
0.583872
0.635896
0.644039
1.000000
0.011769
0.509244
0.404910
0.556692
0.485191
1.000000
0.011763
0.696096
0.625310
0.739145
0.676805
1.000000
0.011710
0.822053
0.155890
0.856455
0.207471
1.000000
0.011694
0.249043
0.602511
0.345684
0.755163
1.000000
0.011672
0.818207
0.056095
0.854709
0.109458
1.000000
0.011667
0.510630
0.510593
0.556086
0.580749
1.000000
0.011646
0.507018
0.348281
0.552240
0.426643
1.000000
0.011635
0.218772
0.582097
0.258166
0.644831
1.000000
0.011620
0.457546
0.535531
0.510564
0.617268
1.000000
0.011572
0.055531
0.509123
0.168373
0.634539
1.000000
0.011524
0.713416
0.716871
0.807129
0.848914
1.000000
0.011485
0.771170
0.121524
0.805703
0.172100
1.000000
0.011464
0.692208
0.689169
0.734324
0.742692
1.000000
0.011458
0.669864
0.657042
0.710140
0.710475
1.000000
0.011456
0.943293
0.597413
1.004652
0.706062
1.000000
0.011441
0.737064
0.525805
0.837534
0.646180
1.000000
0.011394
0.839236
0.686553
0.882016
0.741129
1.000000
0.011379
0.146181
0.328457
0.178275
0.375248
1.000000
0.011362
0.619752
0.723608
0.712984
0.854388
1.000000
0.011342
0.474737
0.491316
0.578127
0.651038
1.000000
0.011334
0.894828
0.219775
0.931896
0.275846
1.000000
0.011293
0.839666
0.755686
0.880485
0.808416
1.000000
0.011280
0.218044
0.655197
0.258432
0.715143
1.000000
0.011234
0.372047
0.479471
0.413777
0.541594
1.000000
0.011170
0.062669
0.342221
0.152088
0.473444
1.000000
0.011130
0.742926
0.680649
0.787053
0.738802
1.000000
0.011102
0.854991
0.578381
0.951593
0.695208
1.000000
0.011092
0.462086
0.224803
0.508752
0.288179
1.000000
0.011037
0.588275
0.452887
0.634002
0.518275
1.000000
0.011013
0.817148
0.788062
0.858705
0.841508
1.000000
0.011006
0.242765
0.721325
0.282169
0.778209
1.000000
0.010978
0.000458
0.689940
0.059147
0.800097
1.000000
0.010969
0.430078
0.432593
0.493070
0.527023
1.000000
0.010931
0.788831
0.890348
0.886116
0.997235
1.000000
0.010908
0.519077
0.719688
0.569233
0.779918
1.000000
0.010901
0.160815
0.668627
0.250779
0.808852
1.000000
0.010867
0.671226
0.690955
0.710618
0.741892
1.000000
0.010852
0.619638
0.490590
0.662225
0.550504
1.000000
0.010831
0.871448
0.188403
0.904572
0.241638
1.000000
0.010809
0.479588
0.705441
0.582564
0.842991
1.000000
0.010805
0.243265
0.655702
0.283576
0.714232
1.000000
0.010792
0.939209
0.694890
1.005153
0.815183
1.000000
0.010778
0.141048
0.531485
0.180303
0.585912
1.000000
0.010758
0.895283
0.186266
0.932182
0.244535
1.000000
0.010744
0.795657
0.603653
0.833534
0.647808
1.000000
0.010718
0.939140
0.247058
1.000891
0.377522
1.000000
0.010699
0.194018
0.581436
0.235344
0.645140
1.000000
0.010679
0.372501
0.519197
0.414286
0.584120
1.000000
0.010658
0.439052
0.574001
0.489767
0.646308
1.000000
0.010636
0.865428
0.755612
0.906113
0.807711
1.000000
0.010631
0.662502
0.554205
0.703977
0.608164
1.000000
0.010630
0.265236
0.651113
0.308570
0.713626
1.000000
0.010619
0.057612
0.595645
0.173906
0.752700
1.000000
0.010612
0.620731
0.548080
0.661097
0.604364
1.000000
0.010593
0.003018
0.523809
0.036095
0.582121
1.000000
0.010585
0.304768
0.591832
0.419401
0.753843
1.000000
0.010573
0.063295
0.554107
0.107979
0.615785
1.000000
0.010537
0.790160
0.955383
0.835894
1.000157
1.000000
0.010536
0.870690
0.121330
0.906430
0.176258
1.000000
0.010519
0.967351
0.458395
0.999765
0.517439
1.000000
0.010473
0.144527
0.120819
0.181146
0.177777
1.000000
0.010463
0.715718
0.685632
0.759386
0.739799
1.000000
0.010448
0.415296
0.227166
0.458111
0.287647
1.000000
0.010444
0.092562
0.393454
0.125322
0.443494
1.000000
0.010443
0.688927
0.756878
0.732800
0.812475
1.000000
0.010405
0.008684
0.496711
0.097667
0.629732
1.000000
0.010394
-0.002152
0.415862
0.062727
0.534972
1.000000
0.010354
0.145628
0.259401
0.176798
0.306891
1.000000
0.010339
0.821398
0.187382
0.855341
0.239567
1.000000
0.010333
0.539426
0.318557
0.583537
0.385111
1.000000
0.010327
0.119920
0.100972
0.205921
0.245822
1.000000
0.010310
0.216600
0.719266
0.255333
0.774304
1.000000
0.010310
0.661356
0.368828
0.769972
0.515177
1.000000
0.010304
0.918899
0.483046
0.993336
0.600774
1.000000
0.010288
0.870786
0.219886
0.905921
0.271930
1.000000
0.010276
0.690369
0.521515
0.731350
0.571649
1.000000
0.010276
0.643014
0.624707
0.683772
0.677515
1.000000
0.010252
0.814811
0.529112
0.915414
0.651208
1.000000
0.010206
0.341131
0.516766
0.382489
0.578928
1.000000
0.010204
0.002962
0.452523
0.034758
0.511603
1.000000
0.010201
0.820537
0.137293
0.899826
0.274057
1.000000
0.010197
0.860452
0.009711
0.980204
0.187863
1.000000
0.010187
0.932460
0.758094
1.005836
0.896886
1.000000
0.010180
0.664201
0.353249
0.707266
0.416164
1.000000
0.010173
0.193123
0.616761
0.235378
0.679244
1.000000
0.010139
0.004283
0.388101
0.034419
0.445321
1.000000
0.010135
0.264626
0.721288
0.308408
0.781976
1.000000
0.010120
0.410618
0.470230
0.468433
0.554134
1.000000
0.010102
0.274558
0.494225
0.309174
0.543988
1.000000
0.010087
0.171453
0.329793
0.202880
0.375539
1.000000
0.010083
0.216428
0.956546
0.254568
0.996059
1.000000
0.010081
0.141970
0.582544
0.182173
0.642506
1.000000
0.010055
0.593277
0.552013
0.638625
0.612139
1.000000
0.010051
0.146426
0.387853
0.179898
0.436351
1.000000
0.010005
0.190961
0.717639
0.234101
0.774872
1.000000
0.010005
0.659421
0.495098
0.703390
0.550030
