1.000000
0.571513
0.401611
0.406205
0.581459
0.678245
1.000000
0.046457
0.218937
0.373136
0.605236
0.952187
1.000000
0.045806
0.418074
0.448485
0.464444
0.516952
1.000000
0.037649
0.722871
0.616374
1.017974
1.032444
1.000000
0.029881
0.434380
0.420707
0.484966
0.497931
1.000000
0.028141
0.408555
0.372757
0.519868
0.538548
1.000000
0.024401
0.415387
0.617479
0.524747
0.789773
1.000000
0.023198
0.863026
0.819381
0.912295
0.872373
1.000000
0.023020
0.001351
0.733844
0.283342
0.999180
1.000000
0.022225
0.316231
0.614355
0.406128
0.745822
1.000000
0.021937
0.483687
0.447834
0.541688
0.525316
1.000000
0.021073
0.369549
0.599772
0.469850
0.752344
1.000000
0.020497
0.431658
0.569204
0.492753
0.651622
1.000000
0.020185
0.380854
0.527075
0.573959
0.859419
1.000000
0.020002
0.881199
0.947274
0.935821
0.998602
1.000000
0.019998
0.436566
0.642837
0.489794
0.716849
1.000000
0.019827
0.961980
0.949658
1.001158
0.999565
1.000000
0.019675
0.418135
0.550908
0.468958
0.622763
1.000000
0.019671
0.327101
0.655845
0.750849
1.003181
1.000000
0.019648
0.613264
0.618116
0.713764
0.755603
1.000000
0.019422
0.480881
0.391267
0.602218
0.557135
1.000000
0.019061
0.513958
0.389503
0.561365
0.460095
1.000000
0.019015
0.531031
0.445905
0.586208
0.522214
1.000000
0.018792
0.488029
0.501694
0.610823
0.691599
1.000000
0.018708
0.435533
0.514362
0.490707
0.591237
1.000000
0.018668
0.378742
0.492573
0.488217
0.663993
1.000000
0.018405
0.605264
0.536962
0.702455
0.692708
1.000000
0.018335
0.813738
0.950479
0.867235
0.998679
1.000000
0.017814
0.820924
0.916908
0.924592
1.004339
1.000000
0.017658
0.576445
0.477904
0.669649
0.636460
1.000000
0.017333
0.555072
0.595025
0.661756
0.754197
1.000000
0.017157
0.459321
0.382879
0.509779
0.460250
1.000000
0.016792
0.401825
0.424261
0.441995
0.486961
1.000000
0.016716
0.924102
0.803457
1.003384
0.914090
1.000000
0.016674
0.586115
0.547532
0.631035
0.613900
1.000000
0.016633
0.397907
0.485013
0.437792
0.544483
1.000000
0.016618
0.669037
0.684706
0.713458
0.743487
1.000000
0.016357
0.484874
0.644445
0.537131
0.719056
1.000000
0.016260
0.659720
0.667144
0.756718
0.793841
1.000000
0.016150
0.434751
0.705230
0.490611
0.785954
1.000000
0.016058
0.828172
0.811764
0.944276
0.942868
1.000000
0.015947
0.482657
0.510472
0.540005
0.588843
1.000000
0.015831
0.414025
0.680297
0.463107
0.751240
1.000000
0.015656
0.458644
0.475846
0.514611
0.554901
1.000000
0.015531
0.904402
0.911269
0.993832
1.001969
1.000000
0.015497
0.524534
0.403402
0.933450
0.965597
1.000000
0.015364
0.416159
0.609800
0.468689
0.680078
1.000000
0.015203
0.769917
0.790951
0.877707
0.915270
1.000000
0.014992
0.324529
0.624588
0.362768
0.676451
1.000000
0.014940
0.660134
0.541765
0.758616
0.693676
1.000000
0.014715
0.011416
0.947182
0.056172
0.998032
1.000000
0.014671
0.611055
0.522957
0.653060
0.584234
1.000000
0.014589
0.452987
0.603863
0.514459
0.684518
1.000000
0.014581
0.415723
0.393916
0.461441
0.464868
1.000000
0.014354
0.614036
0.445804
0.709622
0.600389
1.000000
0.014313
0.392156
0.650353
0.437538
0.715534
1.000000
0.014274
0.457826
0.675453
0.511666
0.755679
1.000000
0.014211
0.366372
0.697168
0.471170
0.855224
1.000000
0.014154
0.358556
0.409259
0.457483
0.567001
1.000000
0.014017
0.589114
0.652907
0.635104
0.715146
1.000000
0.013995
0.095376
0.261611
0.124297
0.307959
1.000000
0.013937
0.535261
0.511303
0.591137
0.588049
1.000000
0.013864
0.510550
0.676341
0.562895
0.756234
1.000000
0.013774
0.278563
0.601525
0.489731
0.909828
1.000000
0.013729
0.452104
0.678166
0.555984
0.847736
1.000000
0.013553
0.960734
0.824345
1.000296
0.884838
1.000000
0.013549
0.819353
0.796367
0.863841
0.849077
1.000000
0.013406
0.439482
0.779901
0.486246
0.850139
1.000000
0.013368
0.563965
0.648420
0.608969
0.717005
1.000000
0.013251
0.394862
0.581869
0.441565
0.647006
1.000000
0.013224
0.377804
0.492438
0.412584
0.542868
1.000000
0.013149
0.003755
0.219056
0.034764
0.278177
1.000000
0.013146
0.392098
0.616651
0.438409
0.679863
1.000000
0.013110
0.365652
0.620931
0.407467
0.677603
1.000000
0.013063
0.098717
0.189730
0.128688
0.240575
1.000000
0.013051
0.481356
0.574044
0.537514
0.653359
1.000000
0.013051
0.641543
0.661044
0.685643
0.718410
1.000000
0.013017
0.615917
0.655990
0.660943
0.717645
1.000000
0.012990
0.960765
0.656685
0.995361
0.708186
1.000000
0.012840
0.063442
0.712137
0.168488
0.857798
1.000000
0.012812
0.506362
0.472681
0.565266
0.556305
1.000000
0.012777
0.099128
0.207608
0.171800
0.338582
1.000000
0.012739
0.272176
0.587999
0.367660
0.712790
1.000000
0.012627
0.392775
0.714322
0.438943
0.780934
1.000000
0.012594
0.405308
0.755779
0.511480
0.918479
1.000000
0.012558
0.690375
0.667273
0.731701
0.720651
1.000000
0.012458
0.123200
0.193161
0.152646
0.242837
1.000000
0.012376
0.096025
0.293976
0.126036
0.340894
1.000000
0.012346
0.561562
0.482863
0.607822
0.554866
1.000000
0.012326
0.689851
0.481180
0.784606
0.620187
1.000000
0.012268
0.613873
0.492486
0.811338
0.778326
1.000000
0.012267
0.766892
0.952280
0.811529
0.996822
1.000000
0.012256
0.125191
0.220343
0.155664
0.270742
1.000000
0.012245
0.123154
0.294244
0.152508
0.340636
1.000000
0.012153
0.643075
0.522167
0.683353
0.580889
1.000000
0.012150
0.966714
0.754858
1.000812
0.807896
1.000000
0.012130
0.374692
0.520587
0.411134
0.574563
1.000000
0.012010
0.453255
0.542137
0.514613
0.625404
1.000000
0.011996
0.909935
0.825256
0.960478
0.882133
1.000000
0.011964
0.461981
0.742534
0.513594
0.816321
1.000000
0.011935
0.565673
0.573428
0.609308
0.646080
1.000000
0.011841
0.588064
0.608712
0.635327
0.679257
1.000000
0.011796
0.373457
0.556810
0.410012
0.611028
1.000000
0.011780
0.504389
0.540524
0.563900
0.620125
1.000000
0.011733
0.374786
0.459931
0.410123
0.513001
1.000000
0.011705
0.338685
0.647845
0.383056
0.713367
1.000000
0.011684
0.001774
0.917425
0.038819
0.982813
1.000000
0.011678
0.485126
0.710912
0.536252
0.788035
1.000000
0.011662
0.323668
0.472834
0.415129
0.622214
1.000000
0.011657
0.500561
0.659101
0.609316
0.821313
1.000000
0.011652
0.004421
0.660104
0.032302
0.708213
1.000000
0.011646
0.003975
0.585310
0.034352
0.643064
1.000000
0.011577
0.442462
0.357432
0.487672
0.421139
1.000000
0.011540
0.834840
0.740882
0.942163
0.872566
1.000000
0.011465
0.787560
0.931267
0.839138
0.989826
1.000000
0.011446
0.581114
0.706201
0.688864
0.860625
1.000000
0.011430
0.965103
0.721688
0.999971
0.777901
1.000000
0.011426
0.587869
0.453884
0.631900
0.518559
1.000000
0.011392
0.688336
0.707758
0.732611
0.767449
1.000000
0.011389
0.560279
0.421027
0.605521
0.488015
1.000000
0.011386
0.074861
0.134205
0.150896
0.272307
1.000000
0.011374
0.005249
0.724507
0.033660
0.774180
1.000000
0.011350
0.964978
0.688503
0.997863
0.738259
1.000000
0.011332
0.845557
0.801894
0.890827
0.851383
1.000000
0.011329
0.962731
0.880632
1.001791
0.944435
1.000000
0.011221
0.369909
0.591054
0.409639
0.648189
1.000000
0.011165
0.003014
0.821534
0.036474
0.878701
1.000000
0.011132
0.265832
0.652438
0.364641
0.782643
1.000000
0.011102
0.020640
0.692175
0.058314
0.745885
1.000000
0.011095
0.216355
0.776225
0.443468
1.006332
1.000000
0.011071
0.964440
0.791200
1.001550
0.849213
1.000000
0.011031
0.513876
0.948534
0.556832
0.998366
1.000000
0.011018
0.124567
0.259535
0.153397
0.306745
1.000000
0.010981
0.320582
0.683560
0.363538
0.743463
1.000000
0.010975
0.762015
0.865693
0.886068
0.988991
1.000000
0.010971
0.706783
0.677554
0.813772
0.809978
1.000000
0.010970
0.014619
0.186189
0.052742
0.247254
1.000000
0.010961
0.414504
0.742918
0.462224
0.810232
1.000000
0.010931
0.613235
0.487956
0.656006
0.551509
1.000000
0.010911
0.374970
0.423367
0.408846
0.477027
1.000000
0.010911
0.464965
0.871289
0.559546
0.997865
1.000000
0.010891
0.762175
0.719346
0.868118
0.848490
1.000000
0.010878
0.067197
0.255685
0.142937
0.388838
1.000000
0.010849
0.642336
0.712068
0.688725
0.772568
1.000000
0.010847
0.708186
0.684926
0.751778
0.741353
1.000000
0.010809
0.587819
0.488440
0.632925
0.555454
1.000000
0.010765
0.004769
0.691990
0.034077
0.741722
1.000000
0.010755
0.096581
0.222542
0.127052
0.272326
1.000000
0.010753
0.506715
0.610472
0.561549
0.686673
1.000000
0.010670
0.147761
0.258046
0.175982
0.303781
1.000000
0.010670
0.932072
0.695408
1.005662
0.805719
1.000000
0.010663
0.505742
0.512294
0.712710
0.825180
1.000000
0.010640
0.364759
0.650381
0.408470
0.713295
1.000000
0.010612
0.274217
0.624638
0.306979
0.668856
1.000000
0.010569
0.010053
0.572345
0.441497
1.167960
1.000000
0.010568
0.538602
0.612192
0.587909
0.683140
1.000000
0.010561
0.590252
0.715143
0.635510
0.776711
1.000000
0.010537
0.640297
0.585930
0.682126
0.645792
1.000000
0.010524
0.611319
0.581677
0.655480
0.647893
1.000000
0.010518
0.002833
0.758433
0.033270
0.810878
1.000000
0.010477
0.146242
0.196599
0.174594
0.243759
1.000000
0.010398
0.714019
0.518295
0.755700
0.578578
1.000000
0.010375
0.692447
0.522770
0.731300
0.580518
1.000000
0.010369
0.123021
0.722860
0.158040
0.774981
1.000000
0.010356
0.884538
0.804033
0.934155
0.856119
1.000000
0.010285
0.096927
0.322729
0.125939
0.369819
1.000000
0.010269
0.270407
0.692670
0.307788
0.745220
1.000000
0.010252
0.398318
0.859744
0.513072
0.999687
1.000000
0.010252
0.794457
0.825019
0.838620
0.875952
1.000000
0.010234
0.563736
0.365050
0.754604
0.657615
1.000000
0.010220
0.003944
0.884411
0.037805
0.943039
1.000000
0.010199
0.270037
0.477927
0.363446
0.611035
1.000000
0.010159
0.146040
0.223720
0.175553
0.271322
1.000000
0.010136
0.216766
0.680972
0.312426
0.809123
1.000000
0.010101
0.297878
0.623725
0.335186
0.673769
1.000000
0.010076
0.640770
0.553698
0.681908
0.611281
1.000000
0.010058
0.487249
0.355444
0.534007
0.418927
1.000000
0.010037
0.176050
0.495246
0.205273
0.539424
1.000000
0.010005
0.792144
0.791752
0.835274
0.842799
