1.000000
0.253945
0.342397
0.493824
0.557650
0.836656
1.000000
0.046765
0.502072
0.482996
0.584280
0.622163
1.000000
0.030439
0.608394
0.579237
0.704574
0.713110
1.000000
0.030434
0.335466
0.470579
0.471266
0.668067
1.000000
0.029044
0.350476
0.579578
0.464081
0.759303
1.000000
0.028215
0.401692
0.665466
0.522518
0.839618
1.000000
0.028210
0.387523
0.414990
0.788941
0.947213
1.000000
0.027373
0.710199
0.607922
1.008650
1.037130
1.000000
0.026860
0.501130
0.932243
0.537692
0.982314
1.000000
0.025875
0.866073
0.794414
0.920197
0.850125
1.000000
0.025444
0.559916
0.482550
0.651127
0.632348
1.000000
0.024491
0.963562
0.949642
1.001158
0.999004
1.000000
0.023994
0.534445
0.602034
0.630103
0.753573
1.000000
0.023693
0.318702
0.380395
0.454878
0.532010
1.000000
0.022574
0.444299
0.512498
0.568679
0.710054
1.000000
0.022511
0.090558
0.407401
0.574910
0.992072
1.000000
0.022461
0.669278
0.656601
0.713661
0.717856
1.000000
0.022371
0.538741
0.683721
0.584589
0.750909
1.000000
0.022196
0.645539
0.522880
0.685730
0.582305
1.000000
0.022006
0.319548
0.618369
0.363697
0.681447
1.000000
0.021987
0.667459
0.955546
0.709678
0.996210
1.000000
0.021936
0.644858
0.644856
0.734495
0.767522
1.000000
0.021872
0.615907
0.486816
0.703929
0.627223
1.000000
0.021749
0.288693
0.433665
0.410404
0.594131
1.000000
0.021510
0.300140
0.544368
0.407286
0.690472
1.000000
0.021458
0.615691
0.611910
0.662374
0.678451
1.000000
0.020451
0.387155
0.706739
0.434623
0.776322
1.000000
0.020290
0.642053
0.652164
0.687166
0.709461
1.000000
0.020262
0.712820
0.952221
0.756033
0.996026
1.000000
0.020046
0.912657
0.908729
0.995115
1.000510
1.000000
0.019867
0.643927
0.957250
0.685696
0.997418
1.000000
0.019158
0.367135
0.676417
0.416740
0.750908
1.000000
0.019157
0.845175
0.753768
0.947869
0.868667
1.000000
0.019002
0.282578
0.612112
0.377135
0.745667
1.000000
0.018819
0.510422
0.491134
0.704260
0.774767
1.000000
0.018725
0.960568
0.821396
0.999907
0.880590
1.000000
0.018256
0.471957
0.651368
0.578559
0.822236
1.000000
0.018108
0.895664
0.772562
0.994266
0.885591
1.000000
0.017827
0.595953
0.418429
0.684531
0.561832
1.000000
0.017440
0.657290
0.555871
0.752506
0.696139
1.000000
0.017429
0.393098
0.779565
0.435356
0.840426
1.000000
0.017419
0.619501
0.453576
0.658810
0.514751
1.000000
0.017332
0.565959
0.657062
0.605302
0.717292
1.000000
0.017007
0.620631
0.957988
0.659932
0.997033
1.000000
0.016961
0.591457
0.522970
0.630746
0.582914
1.000000
0.016833
0.366761
0.781054
0.407613
0.841832
1.000000
0.016816
0.634515
0.587059
0.682249
0.653948
1.000000
0.016810
0.322929
0.695427
0.427585
0.853699
1.000000
0.016656
0.370010
0.361052
0.415288
0.418290
1.000000
0.016596
0.005328
0.191612
0.033609
0.246435
1.000000
0.016585
0.437612
0.779678
0.483608
0.841540
1.000000
0.016305
0.340633
0.642628
0.389770
0.717559
1.000000
0.016304
0.643201
0.681979
0.691873
0.743879
1.000000
0.016264
0.271397
0.677239
0.371561
0.821199
1.000000
0.016222
0.557450
0.514140
0.599809
0.585052
1.000000
0.016114
0.665747
0.624005
0.709115
0.684288
1.000000
0.016077
0.567617
0.959030
0.605177
0.998887
1.000000
0.015939
0.436237
0.516564
0.487246
0.592478
1.000000
0.015928
0.385457
0.636043
0.438439
0.720369
1.000000
0.015731
0.412782
0.744979
0.463934
0.816386
1.000000
0.015723
0.586840
0.668826
0.692286
0.810268
1.000000
0.015705
0.819593
0.791180
0.862956
0.843586
1.000000
0.015616
0.511228
0.911662
0.595055
1.006257
1.000000
0.015606
0.567318
0.350547
0.664497
0.491111
1.000000
0.015589
0.096742
0.195952
0.126685
0.246163
1.000000
0.015549
0.385198
0.349454
0.524896
0.508607
1.000000
0.015541
0.618671
0.521672
0.659963
0.582783
1.000000
0.015521
0.966161
0.756556
1.000863
0.809368
1.000000
0.015473
0.386858
0.791048
0.570733
1.021055
1.000000
0.015470
0.519475
0.188347
0.911141
0.766271
1.000000
0.015408
0.669673
0.459772
0.706527
0.515434
1.000000
0.015357
0.669375
0.424366
0.705097
0.477740
1.000000
0.015301
0.663459
0.548024
0.704049
0.605994
1.000000
0.015301
0.765613
0.956163
0.806666
0.998833
1.000000
0.015170
0.461549
0.544729
0.512255
0.621447
1.000000
0.015166
0.664755
0.487528
0.752717
0.621971
1.000000
0.015139
0.437516
0.578971
0.485521
0.652230
1.000000
0.015105
0.641307
0.456900
0.680647
0.514287
1.000000
0.015070
0.592725
0.583607
0.640810
0.652461
1.000000
0.015064
0.249600
0.589269
0.460114
0.897132
1.000000
0.014998
0.667470
0.492173
0.704608
0.548384
1.000000
0.014995
0.595297
0.959227
0.634874
0.998647
1.000000
0.014964
0.686633
0.915525
0.775105
1.002642
1.000000
0.014849
0.861314
0.953020
0.910897
1.000488
1.000000
0.014836
0.067664
0.139422
0.149821
0.284718
1.000000
0.014835
0.531930
0.394082
0.625225
0.540868
1.000000
0.014789
0.516202
0.824054
0.551809
0.875013
1.000000
0.014762
0.319255
0.422015
0.365835
0.490033
1.000000
0.014751
0.618834
0.387265
0.658175
0.446071
1.000000
0.014655
0.732991
0.889775
0.835407
0.996715
1.000000
0.014604
0.364615
0.581586
0.416675
0.657372
1.000000
0.014561
0.662088
0.589313
0.706850
0.652402
1.000000
0.014523
0.004466
0.521897
0.034583
0.580444
1.000000
0.014519
0.928196
0.823276
1.004907
0.935192
1.000000
0.014479
0.711211
0.612906
0.816698
0.752636
1.000000
0.014475
0.360144
0.752049
0.472437
0.908749
1.000000
0.014447
0.437712
0.647911
0.484726
0.719083
1.000000
0.014410
0.462894
0.916911
0.541343
1.007085
1.000000
0.014387
0.901421
0.797551
0.957426
0.853594
1.000000
0.014371
0.964406
0.884793
1.001481
0.944693
1.000000
0.014358
0.474746
0.955968
0.513773
0.997441
1.000000
0.014258
0.644848
0.387378
0.683807
0.443348
1.000000
0.014135
0.799498
0.886417
0.902993
0.993815
1.000000
0.014093
0.012764
0.548122
0.053135
0.614032
1.000000
0.014076
0.627588
0.921494
0.716149
1.005024
1.000000
0.014061
0.000878
0.104547
0.342901
0.784492
1.000000
0.014047
0.514497
0.789801
0.553384
0.849207
1.000000
0.014046
0.864273
0.005793
0.978336
0.153843
1.000000
0.014017
0.319382
0.680866
0.361141
0.741295
1.000000
0.013979
0.095113
0.257962
0.126154
0.305466
1.000000
0.013864
0.815491
0.951343
0.865050
1.000038
1.000000
0.013860
0.774292
0.788178
0.876308
0.910957
1.000000
0.013823
0.818940
0.817168
0.930820
0.943826
1.000000
0.013794
0.910735
0.850509
0.958254
0.908669
1.000000
0.013670
0.912012
0.953546
0.958450
1.000417
1.000000
0.013646
0.458906
0.746969
0.509594
0.818186
1.000000
0.013568
0.591099
0.653376
0.635032
0.711245
1.000000
0.013538
0.697157
0.460605
0.732496
0.511801
1.000000
0.013532
0.572510
0.364204
0.761084
0.650292
1.000000
0.013512
0.444443
0.959467
0.485155
1.001662
1.000000
0.013424
0.418280
0.421575
0.546988
0.601769
1.000000
0.013345
0.014758
0.216663
0.051262
0.276365
1.000000
0.013289
0.664199
0.711932
0.760792
0.846288
1.000000
0.013254
0.003582
0.583801
0.035599
0.646024
1.000000
0.013208
0.709629
0.654180
0.752935
0.711307
1.000000
0.013199
0.668345
0.388412
0.706482
0.443593
1.000000
0.013176
0.503014
0.736062
0.601846
0.891277
1.000000
0.013157
0.519788
0.853709
0.551131
0.901010
1.000000
0.013125
0.763051
0.680743
0.868479
0.809228
1.000000
0.013103
0.966130
0.723965
1.000746
0.778497
1.000000
0.013098
0.406531
0.541979
0.461463
0.625867
1.000000
0.012964
0.934877
0.629737
0.982227
0.680270
1.000000
0.012950
0.929689
0.697782
1.006677
0.806950
1.000000
0.012938
0.487938
0.648589
0.534520
0.716802
1.000000
0.012909
0.816767
0.696018
0.926483
0.822080
1.000000
0.012809
0.690208
0.628715
0.730671
0.686588
1.000000
0.012744
0.464761
0.051978
0.505247
0.108883
1.000000
0.012711
0.617876
0.556106
0.658455
0.615263
1.000000
0.012675
0.765414
0.920905
0.808213
0.979159
1.000000
0.012615
0.642618
0.425223
0.682066
0.483114
1.000000
0.012607
0.816998
0.820636
0.861436
0.874740
1.000000
0.012596
0.492856
0.789033
0.532928
0.846278
1.000000
0.012563
0.737685
0.953538
0.782749
0.999037
1.000000
0.012562
0.849262
0.673934
1.010469
0.907314
1.000000
0.012527
0.004581
0.455416
0.033142
0.511207
1.000000
0.012494
0.075581
0.192658
0.105542
0.245279
1.000000
0.012441
0.616156
0.683654
0.662173
0.743331
1.000000
0.012343
0.145335
0.260943
0.177405
0.307742
1.000000
0.012334
0.489443
0.712914
0.536741
0.782701
1.000000
0.012328
0.212309
0.679911
0.307272
0.815417
1.000000
0.012328
0.714270
0.521630
0.753971
0.577261
1.000000
0.012301
0.712874
0.554702
0.754169
0.610871
1.000000
0.012295
0.012600
0.612278
0.053934
0.675309
1.000000
0.012281
0.434024
0.711450
0.486164
0.787477
1.000000
0.012266
0.565626
0.388934
0.606646
0.448933
1.000000
0.012261
0.357227
0.447292
0.412604
0.523743
1.000000
0.012245
0.537491
0.570310
0.581286
0.641169
1.000000
0.012184
0.004296
0.388068
0.032869
0.443576
1.000000
0.012165
0.442353
0.324076
0.657620
0.636110
1.000000
0.012120
0.488594
0.750460
0.535436
0.817653
1.000000
0.012112
0.004315
0.255712
0.032434
0.310774
1.000000
0.012112
0.538072
0.465460
0.582392
0.536280
1.000000
0.012071
0.593574
0.388659
0.632855
0.446888
1.000000
0.012037
0.095464
0.293044
0.128017
0.341437
1.000000
0.012034
0.566810
0.579648
0.608779
0.646350
1.000000
0.012029
0.416982
0.957985
0.458311
1.000722
1.000000
0.012024
0.145110
0.194541
0.175620
0.243271
1.000000
0.012018
0.565287
0.422502
0.605250
0.484799
1.000000
0.012015
0.817398
0.722516
0.860888
0.775403
1.000000
0.011999
0.884282
0.918211
0.935863
0.982737
1.000000
0.011955
0.537952
0.748579
0.580602
0.811662
1.000000
0.011925
0.123012
0.220927
0.154615
0.270761
1.000000
0.011885
0.347037
0.708981
0.392419
0.775279
1.000000
0.011871
0.934106
0.795867
0.986711
0.853941
1.000000
0.011844
0.903321
0.613785
0.993971
0.717686
1.000000
0.011843
0.614845
0.716101
0.659782
0.775353
1.000000
0.011828
0.641310
0.390498
0.731583
0.527131
1.000000
0.011823
0.568528
0.616640
0.609825
0.682456
1.000000
0.011799
0.492053
0.513249
0.545795
0.589758
1.000000
0.011771
0.587317
0.685010
0.632543
0.742258
1.000000
0.011766
0.463244
0.614350
0.513062
0.689430
1.000000
0.011742
0.014026
0.487860
0.051240
0.548956
1.000000
0.011720
0.004368
0.530797
0.077513
0.673941
1.000000
0.011707
0.317632
0.713655
0.359163
0.774727
1.000000
0.011683
0.477010
0.356465
0.581790
0.510801
1.000000
0.011678
0.015983
0.688361
0.061337
0.755255
1.000000
0.011659
0.574311
0.245304
0.674615
0.379393
1.000000
0.011633
0.489355
0.576496
0.536134
0.647505
1.000000
0.011619
0.331910
0.861746
0.444177
0.997167
1.000000
0.011608
0.261294
0.766740
0.371157
0.921010
1.000000
0.011587
0.515595
0.708520
0.560540
0.778445
1.000000
0.011567
0.683428
0.678169
0.727838
0.737991
1.000000
0.011555
0.708021
0.787373
0.808649
0.921113
1.000000
0.011553
0.538533
0.956725
0.579172
0.998716
1.000000
0.011538
0.337079
0.478374
0.392665
0.556698
1.000000
0.011525
0.458415
0.479372
0.511236
0.557279
1.000000
0.011504
0.715654
0.486408
0.754780
0.542731
1.000000
0.011498
0.563302
0.711340
0.602831
0.771090
1.000000
0.011485
0.540484
0.423927
0.583378
0.487828
1.000000
0.011427
0.862101
0.848057
0.914518
0.910667
1.000000
0.011381
0.591613
0.488722
0.631784
0.548752
1.000000
0.011360
0.000955
0.623090
0.069362
0.745130
1.000000
0.011340
0.619726
0.832392
0.817130
1.028821
1.000000
0.011334
0.003547
0.287864
0.032839
0.343070
1.000000
0.011329
0.471110
0.854372
0.507390
0.907183
1.000000
0.011283
0.794493
0.825073
0.836594
0.876389
1.000000
0.011276
0.003943
0.322445
0.032852
0.379388
1.000000
0.011265
0.143792
0.222629
0.175789
0.270962
1.000000
0.011252
0.146745
0.122382
0.178847
0.174420
1.000000
0.011239
0.363050
0.515837
0.414734
0.595029
1.000000
0.011175
0.297112
0.617013
0.340469
0.678158
1.000000
0.011139
0.122851
0.259527
0.154000
0.307031
1.000000
0.011119
0.791973
0.955537
0.838373
1.002504
1.000000
0.011117
0.352768
0.314427
0.462206
0.436907
1.000000
0.011114
0.065305
0.249191
0.152363
0.389090
1.000000
0.011112
0.967508
0.690763
0.999791
0.741043
1.000000
0.011107
0.697302
0.428273
0.734256
0.480172
1.000000
0.011026
0.340072
0.590764
0.389730
0.659082
1.000000
0.011018
0.580921
0.742556
0.686615
0.885249
1.000000
0.010931
0.410572
0.480872
0.464228
0.560429
1.000000
0.010931
0.311325
0.551725
0.359928
0.618217
1.000000
0.010913
0.695598
0.488393
0.733138
0.542678
1.000000
0.010888
0.962387
0.653499
0.997771
0.707895
1.000000
0.010876
0.436681
0.762973
0.539076
0.905464
1.000000
0.010827
0.270761
0.620675
0.308361
0.675031
1.000000
0.010822
0.000382
0.418223
0.060901
0.540407
1.000000
0.010809
0.616287
0.314245
0.710087
0.448093
1.000000
0.010807
0.416633
0.812944
0.459054
0.874573
1.000000
0.010799
0.716933
0.457823
0.754446
0.511806
1.000000
0.010774
0.711404
0.508857
0.811826
0.655424
1.000000
0.010772
0.844619
0.812994
0.896472
0.871444
1.000000
0.010724
0.593903
0.456664
0.633838
0.518048
1.000000
0.010721
0.691692
0.592631
0.732266
0.650464
1.000000
0.010718
0.667636
0.708874
0.710337
0.769145
1.000000
0.010716
0.569427
0.916775
0.660562
1.008430
1.000000
0.010714
0.590869
0.716813
0.634108
0.774739
1.000000
0.010714
0.366468
0.956628
0.409389
1.001078
1.000000
0.010680
0.097965
0.463264
0.128094
0.509613
1.000000
0.010675
0.820318
0.630245
0.860519
0.679351
1.000000
0.010665
0.620941
0.353445
0.660196
0.410069
1.000000
0.010660
0.871333
0.633199
0.908949
0.674111
1.000000
0.010617
0.168286
0.689428
0.206517
0.743258
1.000000
0.010588
0.096137
0.323978
0.127350
0.370708
1.000000
0.010580
0.840652
0.611332
0.947645
0.721629
1.000000
0.010491
0.392080
0.814347
0.434616
0.876598
1.000000
0.010444
0.159994
0.676802
0.255358
0.810713
1.000000
0.010420
0.074988
0.223133
0.106152
0.274558
1.000000
0.010418
0.498866
0.853858
0.533004
0.903215
1.000000
0.010415
0.797051
0.793151
0.836545
0.842065
1.000000
0.010408
0.344999
0.752220
0.389058
0.817893
1.000000
0.010401
0.818767
0.761092
0.860327
0.810839
1.000000
0.010399
0.540910
0.388482
0.582793
0.448701
1.000000
0.010379
0.391493
0.956852
0.435467
1.001785
1.000000
0.010378
0.675363
0.544034
0.882910
0.845792
1.000000
0.010375
0.248065
0.858895
0.365935
0.996088
1.000000
0.010373
0.718806
0.426756
0.755510
0.477971
1.000000
0.010373
0.462621
0.678503
0.511113
0.750797
1.000000
0.010372
0.224077
0.588304
0.313893
0.715155
1.000000
0.010343
0.173963
0.123872
0.206233
0.176155
1.000000
0.010342
0.341335
0.391637
0.391332
0.457874
1.000000
0.010317
0.471556
0.125684
0.504458
0.174885
1.000000
0.010297
0.403238
0.353232
0.457158
0.416264
1.000000
0.010262
0.387759
0.453928
0.441296
0.527346
1.000000
0.010259
0.593348
0.421838
0.633107
0.481935
1.000000
0.010245
0.406881
0.674387
0.459161
0.751606
1.000000
0.010203
0.490932
0.803976
0.575067
0.947183
1.000000
0.010189
0.768519
0.610578
0.877645
0.738999
1.000000
0.010142
0.563465
0.460243
0.602379
0.523235
1.000000
0.010139
0.002852
0.654560
0.035163
0.713245
1.000000
0.010093
0.691045
0.522721
0.730681
0.577834
1.000000
0.010080
0.616930
0.789030
0.657258
0.842776
1.000000
0.010062
0.714632
0.590792
0.755426
0.647141
1.000000
0.010058
0.145396
0.295033
0.178993
0.343474
1.000000
0.010041
0.487705
0.352775
0.533687
0.413697
1.000000
0.010028
0.123842
0.293501
0.156355
0.342516
1.000000
0.010028
0.393625
0.912567
0.484550
1.010979
