1.000000
0.892401
0.489192
0.339861
0.639199
0.570736
1.000000
0.138625
0.353295
0.309636
0.721473
0.868555
1.000000
0.035101
0.808498
0.653848
0.854159
0.714570
1.000000
0.034675
0.801634
0.633785
0.889484
0.741781
1.000000
0.034607
0.867156
0.632525
0.911926
0.683496
1.000000
0.034438
0.488032
0.379807
0.537529
0.456844
1.000000
0.031929
0.422484
0.371010
0.525543
0.534417
1.000000
0.030083
0.510380
0.684243
0.553063
0.737492
1.000000
0.028573
0.422782
0.467890
0.525608
0.620709
1.000000
0.027409
0.006222
0.301553
0.492505
1.074718
1.000000
0.025421
0.747126
0.621425
0.831721
0.734198
1.000000
0.024712
0.579730
0.432647
0.635562
0.518205
1.000000
0.024584
0.842258
0.610034
0.931973
0.709488
1.000000
0.024463
0.507539
0.641086
0.609983
0.760181
1.000000
0.024112
0.561101
0.319923
0.613837
0.398963
1.000000
0.023929
0.744879
0.629051
0.787342
0.683912
1.000000
0.023497
0.798928
0.679093
0.840954
0.739511
1.000000
0.023306
0.365935
0.372521
0.456663
0.525903
1.000000
0.021516
0.660785
0.468517
0.986199
1.024585
1.000000
0.021462
0.444019
0.483186
0.488432
0.551866
1.000000
0.021074
0.565059
0.690252
0.613678
0.743629
1.000000
0.020847
0.816424
0.948237
0.860940
0.995520
1.000000
0.020363
0.486502
0.504744
0.544217
0.586147
1.000000
0.020338
0.512518
0.316679
0.562163
0.392488
1.000000
0.020262
0.579792
0.375655
0.639624
0.470490
1.000000
0.020034
0.379768
0.524960
0.493225
0.685425
1.000000
0.020015
0.967607
0.591058
0.999506
0.647797
1.000000
0.019944
0.469685
0.412941
0.514627
0.484894
1.000000
0.019520
0.526411
0.524927
0.633703
0.678852
1.000000
0.019501
0.464872
0.449656
0.512729
0.521089
1.000000
0.019247
0.470442
0.580528
0.566789
0.727040
1.000000
0.019123
0.968157
0.622025
0.999550
0.677749
1.000000
0.019080
0.969219
0.558766
0.999688
0.613859
1.000000
0.018911
0.967960
0.652892
1.000260
0.712946
1.000000
0.018426
0.901582
0.845048
0.999047
0.995148
1.000000
0.018423
0.863106
0.009781
0.977721
0.176621
1.000000
0.018339
0.548851
0.676438
0.646169
0.800685
1.000000
0.018071
0.493495
0.269032
0.595327
0.423245
1.000000
0.017998
0.968910
0.686836
1.000288
0.743907
1.000000
0.017925
0.553618
0.463228
0.614919
0.548772
1.000000
0.017515
0.472428
0.354691
0.513506
0.419414
1.000000
0.017390
0.435165
0.533056
0.628726
0.817994
1.000000
0.017334
0.217064
0.956618
0.254679
0.994021
1.000000
0.017302
0.613623
0.948709
0.656539
0.995851
1.000000
0.017297
0.611565
0.790313
0.698985
0.932212
1.000000
0.017280
0.880312
0.065370
1.005757
0.379597
1.000000
0.017251
0.715960
0.673975
0.808855
0.811821
1.000000
0.017228
0.537370
0.284524
0.585104
0.353272
1.000000
0.016942
0.491748
0.582388
0.534885
0.644639
1.000000
0.016713
0.532993
0.500429
0.588974
0.576762
1.000000
0.016709
0.536231
0.380318
0.593146
0.462727
1.000000
0.016704
0.960710
0.181044
0.997549
0.252044
1.000000
0.016603
0.483864
0.468648
0.594752
0.636170
1.000000
0.016398
0.585438
0.509527
0.636235
0.579379
1.000000
0.016396
0.967108
0.718377
1.000017
0.778715
1.000000
0.016357
0.677711
0.530749
0.883005
0.782328
1.000000
0.016283
0.272694
0.495842
0.304326
0.538514
1.000000
0.016238
0.445343
0.417164
0.487951
0.486456
1.000000
0.016010
0.817258
0.709300
0.904571
0.845695
1.000000
0.015950
0.106896
0.538432
0.213435
0.686824
1.000000
0.015942
0.672149
0.786919
0.710748
0.840204
1.000000
0.015827
0.777843
0.671992
0.859416
0.792655
1.000000
0.015813
0.446635
0.381195
0.488481
0.448316
1.000000
0.015730
0.763330
0.648583
0.806024
0.707206
1.000000
0.015638
0.666653
0.957537
0.706218
1.000457
1.000000
0.015543
0.145930
0.258066
0.180003
0.308784
1.000000
0.015479
0.534253
0.544179
0.586844
0.613111
1.000000
0.015451
0.564394
0.748058
0.659156
0.901133
1.000000
0.015451
0.771792
0.891833
0.867458
1.001694
1.000000
0.015035
0.372684
0.389199
0.407267
0.447878
1.000000
0.015033
0.606632
0.409235
0.654216
0.488679
1.000000
0.014936
0.670807
0.779787
0.761885
0.916157
1.000000
0.014855
0.626409
0.371118
0.727217
0.531704
1.000000
0.014842
0.942129
0.566739
1.003496
0.675212
1.000000
0.014812
0.247219
0.524811
0.282831
0.574793
1.000000
0.014755
0.652236
0.722280
0.736270
0.853409
1.000000
0.014734
0.702527
0.593940
0.796489
0.718398
1.000000
0.014734
0.967008
0.522107
0.998661
0.577908
1.000000
0.014715
0.767086
0.957565
0.808238
0.999781
1.000000
0.014684
0.673861
0.723731
0.712161
0.775181
1.000000
0.014648
0.374342
0.361530
0.406506
0.414034
1.000000
0.014609
0.640496
0.519804
0.683580
0.579763
1.000000
0.014584
0.372311
0.448933
0.411695
0.511660
1.000000
0.014575
0.605857
0.876727
0.694081
0.997289
1.000000
0.014568
0.270382
0.523798
0.303518
0.571665
1.000000
0.014566
0.531220
0.679728
0.703589
0.966082
1.000000
0.014509
0.576805
0.583801
0.677008
0.717078
1.000000
0.014367
0.419459
0.518061
0.461707
0.581685
1.000000
0.014359
0.537051
0.583996
0.584393
0.647028
1.000000
0.014312
0.441008
0.542303
0.488494
0.613392
1.000000
0.014289
0.613632
0.515596
0.660209
0.582092
1.000000
0.014240
0.812236
0.712563
0.856048
0.770792
1.000000
0.014202
0.938752
0.626656
1.003009
0.739079
1.000000
0.014138
0.614174
0.686322
0.706759
0.816985
1.000000
0.014138
0.562922
0.416734
0.669423
0.581250
1.000000
0.014087
0.207973
0.538652
0.303900
0.673722
1.000000
0.014083
0.168703
0.256735
0.202238
0.307152
1.000000
0.014071
0.608555
0.475944
0.704019
0.611332
1.000000
0.013978
0.066031
0.197880
0.160501
0.345364
1.000000
0.013960
0.586869
0.711003
0.630261
0.764047
1.000000
0.013956
0.638748
0.954879
0.681971
1.000260
1.000000
0.013934
0.414707
0.419693
0.454531
0.484103
1.000000
0.013908
0.768530
0.054046
0.809741
0.111283
1.000000
0.013905
0.793436
0.953254
0.837876
0.998804
1.000000
0.013857
0.608340
0.319983
0.656553
0.393583
1.000000
0.013841
0.768917
0.716097
0.807739
0.771029
1.000000
0.013796
0.002646
0.719295
0.035393
0.778156
1.000000
0.013698
0.316667
0.543382
0.428381
0.683511
1.000000
0.013627
0.012141
0.413051
0.052945
0.478496
1.000000
0.013445
0.533109
0.688929
0.584534
0.742030
1.000000
0.013430
0.965305
0.491242
0.997644
0.544676
1.000000
0.013393
0.373155
0.555170
0.412900
0.613176
1.000000
0.013233
0.415044
0.603683
0.519134
0.752195
1.000000
0.013200
0.865419
0.953744
0.907927
0.998189
1.000000
0.013197
0.923665
0.143214
0.997550
0.289251
1.000000
0.013191
0.966948
0.350919
0.999090
0.413947
1.000000
0.013167
0.634129
0.382463
0.681377
0.450616
1.000000
0.013128
0.241908
0.663545
0.280874
0.716360
1.000000
0.013056
0.162558
0.567861
0.259444
0.716045
1.000000
0.013021
0.962917
0.946181
1.000793
0.999647
1.000000
0.013015
0.839659
0.719727
0.879500
0.772309
1.000000
0.012997
0.264477
0.956545
0.303453
0.997164
1.000000
0.012988
0.211473
0.672767
0.302205
0.800735
1.000000
0.012973
0.421790
0.296550
0.518111
0.435951
1.000000
0.012968
0.714594
0.956186
0.759065
1.001331
1.000000
0.012967
0.588275
0.320040
0.697026
0.477518
1.000000
0.012944
0.612489
0.290538
0.658491
0.353706
1.000000
0.012920
0.237311
0.492363
0.326623
0.607482
1.000000
0.012898
0.825264
0.672043
1.009395
0.987872
1.000000
0.012891
0.248223
0.495947
0.282026
0.540493
1.000000
0.012824
0.245960
0.258431
0.280441
0.309395
1.000000
0.012824
0.593714
0.792428
0.632317
0.843412
1.000000
0.012818
0.394411
0.524188
0.434917
0.585660
1.000000
0.012780
0.345547
0.480324
0.444480
0.623035
1.000000
0.012745
0.941862
0.752428
0.987591
0.813733
1.000000
0.012713
0.195053
0.956645
0.234883
0.994911
1.000000
0.012705
-0.005192
0.722431
0.381633
1.018060
1.000000
0.012693
0.583788
0.660288
0.632673
0.719431
1.000000
0.012690
0.795772
0.637017
0.839658
0.689103
1.000000
0.012675
0.056587
0.564574
0.165912
0.719035
1.000000
0.012650
0.141430
0.211019
0.229139
0.340926
1.000000
0.012609
0.740282
0.955179
0.784935
1.000280
1.000000
0.012544
0.418213
0.357872
0.454934
0.415659
1.000000
0.012538
0.769426
0.682676
0.809724
0.741300
1.000000
0.012507
0.194380
0.257917
0.228319
0.306668
1.000000
0.012476
0.864257
0.678977
0.908376
0.736983
1.000000
0.012450
0.911458
0.753137
1.000885
0.921237
1.000000
0.012444
0.645168
0.613901
0.737808
0.741913
1.000000
0.012422
0.640265
0.623749
0.813879
0.893739
1.000000
0.012408
0.572607
0.489934
0.763641
0.772478
1.000000
0.012402
0.465371
0.546836
0.513683
0.615694
1.000000
0.012379
0.495047
0.286985
0.539850
0.353606
1.000000
0.012376
0.273705
0.326160
0.304919
0.371052
1.000000
0.012357
0.322749
0.363076
0.353307
0.409322
1.000000
0.012357
0.219498
0.214843
0.309229
0.344722
1.000000
0.012340
0.837134
0.492297
0.937744
0.610351
1.000000
0.012301
0.222333
0.291798
0.256358
0.340847
1.000000
0.012300
0.817436
0.603366
0.857173
0.651975
1.000000
0.012262
0.240889
0.583345
0.279088
0.640974
1.000000
0.012227
0.865613
0.720852
0.905623
0.774305
1.000000
0.012197
0.144745
0.288194
0.178618
0.336160
1.000000
0.012194
0.242816
0.554690
0.281078
0.610429
1.000000
0.012194
0.967056
0.457185
0.999801
0.515309
1.000000
0.012167
0.393273
0.480427
0.434238
0.543443
1.000000
0.012155
0.222497
0.258455
0.256797
0.309793
1.000000
0.012131
0.295514
0.325818
0.327722
0.373287
1.000000
0.012126
0.732208
0.816330
0.911456
1.022250
1.000000
0.012117
0.643622
0.792011
0.681839
0.843156
1.000000
0.012106
0.067871
-0.148105
0.603116
0.645984
1.000000
0.012073
0.004127
0.388750
0.034943
0.448545
1.000000
0.012054
0.246944
0.394117
0.278595
0.439020
1.000000
0.012042
0.322391
0.392760
0.353595
0.441829
1.000000
0.012040
0.118212
0.553499
0.157425
0.612116
1.000000
0.012021
0.142170
0.115890
0.178167
0.174282
1.000000
0.012013
0.170270
0.289973
0.203486
0.337430
1.000000
0.012007
0.916484
0.487183
0.993461
0.601184
1.000000
0.012004
0.240701
0.616237
0.333031
0.749035
1.000000
0.011980
0.295813
0.391983
0.327314
0.439794
1.000000
0.011971
0.718232
0.910896
0.808731
1.005902
1.000000
0.011969
0.321247
0.491927
0.354167
0.536096
1.000000
0.011966
0.788054
0.479738
0.882322
0.587400
1.000000
0.011936
0.673061
0.755303
0.714063
0.811650
1.000000
0.011926
0.636393
0.817594
0.813882
1.024076
1.000000
0.011925
0.838076
0.684858
0.882447
0.741686
1.000000
0.011923
0.248022
0.325175
0.278980
0.368233
1.000000
0.011920
0.144469
0.191302
0.177976
0.242301
1.000000
0.011899
0.780219
0.571902
0.974297
0.841106
1.000000
0.011898
0.167796
0.504461
0.266971
0.629651
1.000000
0.011898
0.542578
0.753688
0.583315
0.808661
1.000000
0.011882
0.002606
0.449900
0.034575
0.511985
1.000000
0.011828
0.590750
0.757702
0.633032
0.812382
1.000000
0.011823
0.269994
0.553326
0.304720
0.605454
1.000000
0.011817
0.096421
0.255165
0.128821
0.305736
1.000000
0.011806
0.941687
0.495542
0.983496
0.548844
1.000000
0.011779
0.320799
0.328289
0.352539
0.375616
1.000000
0.011764
0.170294
0.226672
0.204964
0.280162
1.000000
0.011715
0.225345
0.494272
0.258915
0.538934
1.000000
0.011710
0.093971
0.191565
0.127572
0.245002
1.000000
0.011710
0.542002
0.717711
0.584383
0.769533
1.000000
0.011694
0.145497
0.228196
0.180434
0.281418
1.000000
0.011636
0.421226
0.483780
0.461635
0.545028
1.000000
0.011623
0.586478
0.583363
0.633902
0.645060
1.000000
0.011600
0.274096
0.394116
0.305124
0.439377
1.000000
0.011596
0.741540
0.715709
0.785159
0.774421
1.000000
0.011591
0.596455
0.920394
0.640843
0.982869
1.000000
0.011572
0.274926
0.364128
0.305631
0.408360
1.000000
0.011570
0.306907
0.291776
0.479951
0.565576
1.000000
0.011538
0.343824
0.586018
0.382624
0.641066
1.000000
0.011514
0.968547
0.416929
1.000314
0.477025
1.000000
0.011501
0.637750
0.321042
0.683789
0.385161
1.000000
0.011490
0.817679
0.515454
0.856412
0.563991
1.000000
0.011418
0.349927
0.330464
0.381183
0.379025
1.000000
0.011412
0.263901
0.525691
0.362858
0.655324
1.000000
0.011384
0.390688
0.386272
0.430442
0.452234
1.000000
0.011379
0.511801
0.406861
0.566242
0.491214
1.000000
0.011378
0.220657
0.526089
0.258107
0.579420
1.000000
0.011371
0.742646
0.788962
0.783308
0.843369
1.000000
0.011363
0.145689
0.323036
0.177602
0.367235
1.000000
0.011358
0.271601
0.291071
0.306767
0.341938
1.000000
0.011358
0.353020
0.362299
0.384900
0.412679
1.000000
0.011355
0.722005
0.648444
0.764256
0.706047
1.000000
0.011327
0.004343
0.255686
0.033529
0.312218
1.000000
0.011317
0.664588
0.285231
0.708938
0.343917
1.000000
0.011286
0.126289
0.289571
0.158882
0.337955
1.000000
0.011245
0.564469
0.752884
0.607891
0.809129
1.000000
0.011242
0.658566
0.474739
0.762708
0.617357
1.000000
0.011239
0.965015
0.286774
0.999710
0.353291
1.000000
0.011228
0.270650
0.259345
0.305134
0.310916
1.000000
0.011224
0.171363
0.555840
0.209231
0.612106
1.000000
0.011209
0.318186
0.291679
0.352847
0.341325
1.000000
0.011195
0.124909
0.257700
0.158396
0.309689
1.000000
0.011178
0.291681
0.287010
0.381504
0.425287
1.000000
0.011168
0.096881
0.329194
0.127672
0.375872
1.000000
0.011168
0.094441
0.530116
0.131008
0.583689
1.000000
0.011127
0.295853
0.362676
0.328031
0.410600
1.000000
0.011122
0.514322
0.621318
0.555768
0.682900
1.000000
0.011112
0.323951
0.424481
0.354532
0.472011
1.000000
0.011089
0.742154
0.679988
0.786374
0.742786
1.000000
0.011074
0.710138
0.746592
0.802814
0.890437
1.000000
0.011072
0.220214
0.555718
0.258719
0.611942
1.000000
0.011069
0.142390
0.585852
0.180864
0.643196
1.000000
0.011064
0.644575
0.720420
0.685031
0.772293
1.000000
0.011064
0.351802
0.389550
0.385214
0.444169
1.000000
0.011054
0.911219
0.682376
0.996800
0.821898
1.000000
0.011049
0.690910
0.957003
0.734914
1.002067
1.000000
0.011031
0.358837
0.603803
0.463095
0.751479
1.000000
0.011028
0.610731
0.717827
0.651570
0.769654
1.000000
0.011019
0.238793
0.713839
0.280827
0.769945
1.000000
0.010991
0.613839
0.758149
0.654754
0.811769
1.000000
0.010989
0.146122
0.393742
0.178341
0.439613
1.000000
0.010965
0.714969
0.786537
0.759529
0.843430
1.000000
0.010953
0.269979
0.346806
0.360441
0.479872
1.000000
0.010928
0.538764
0.619137
0.585895
0.680225
1.000000
0.010921
0.607000
0.474939
0.655438
0.549426
1.000000
0.010894
0.246368
0.290989
0.281199
0.340524
1.000000
0.010862
0.669958
0.822326
0.709632
0.878345
1.000000
0.010847
0.641688
0.855786
0.680673
0.911895
1.000000
0.010846
0.265178
0.659121
0.303131
0.711149
1.000000
0.010832
0.846234
0.604488
0.883999
0.649595
1.000000
0.010814
0.373526
0.334052
0.405223
0.385194
1.000000
0.010767
0.615081
0.793597
0.653594
0.846179
1.000000
0.010748
0.004143
0.321940
0.032482
0.377169
1.000000
0.010746
0.196583
0.326432
0.228115
0.370105
1.000000
0.010741
0.694584
0.654763
0.735848
0.710516
1.000000
0.010721
0.294530
0.260409
0.329269
0.310964
1.000000
0.010699
0.290073
0.525005
0.324689
0.573260
1.000000
0.010680
0.964758
0.822091
0.999643
0.886377
1.000000
0.010667
0.268993
0.584832
0.305402
0.640397
1.000000
0.010658
0.634110
0.449204
0.680568
0.515894
1.000000
0.010639
0.190938
0.658309
0.234195
0.716106
1.000000
0.010628
0.668932
0.854787
0.706787
0.908984
1.000000
0.010617
0.446445
0.656691
0.485288
0.710403
1.000000
0.010615
0.073639
0.489542
0.274775
0.786180
1.000000
0.010601
0.911652
0.596674
0.950544
0.642602
1.000000
0.010577
0.919600
0.182937
0.960701
0.245260
1.000000
0.010566
0.640966
0.827163
0.680614
0.880756
1.000000
0.010563
0.329304
0.331808
0.416448
0.474687
1.000000
0.010558
0.665218
0.321833
0.707792
0.384122
1.000000
0.010556
0.142354
0.529526
0.179552
0.582013
1.000000
0.010539
0.294093
0.292458
0.329530
0.343632
1.000000
0.010520
0.768987
0.741631
0.857992
0.879921
1.000000
0.010517
0.319739
0.259412
0.354157
0.309605
1.000000
0.010517
0.616125
0.855490
0.656503
0.915937
1.000000
0.010513
0.839133
0.753534
0.880134
0.808667
1.000000
0.010496
0.844757
0.781512
0.937914
0.931752
1.000000
0.010475
0.141622
0.658390
0.183073
0.714181
1.000000
0.010467
0.712791
0.479695
0.816296
0.607093
1.000000
0.010438
0.173508
0.325919
0.204354
0.370161
1.000000
0.010395
0.866164
0.788332
0.907137
0.846352
1.000000
0.010387
0.469622
0.289567
0.508852
0.349088
1.000000
0.010384
0.595229
0.823435
0.635011
0.877734
1.000000
0.010342
0.888752
0.604160
0.929225
0.652957
1.000000
0.010339
0.291164
0.492295
0.324727
0.537705
1.000000
0.010335
0.815624
0.749239
0.859281
0.807707
1.000000
0.010325
0.063511
0.335263
0.153682
0.469415
1.000000
0.010309
0.078116
0.033572
0.266689
0.402566
1.000000
0.010303
0.113561
0.101815
0.202111
0.249568
1.000000
0.010293
0.392219
0.579489
0.431549
0.639977
1.000000
0.010280
0.818260
0.786233
0.858736
0.840981
1.000000
0.010266
0.274236
0.469796
0.305538
0.516274
1.000000
0.010254
0.167806
0.657244
0.210309
0.715023
1.000000
0.010241
0.867534
0.822424
0.908053
0.879442
1.000000
0.010229
0.195690
0.529263
0.233228
0.582003
1.000000
0.010226
0.668009
0.655179
0.708770
0.711486
1.000000
0.010220
0.448670
0.328098
0.487153
0.386025
1.000000
0.010212
0.496877
0.697961
0.595355
0.831876
1.000000
0.010171
0.246636
0.469822
0.278060
0.514969
1.000000
0.010161
0.195170
0.918042
0.273450
1.003163
1.000000
0.010152
0.962261
0.878370
0.999486
0.951190
1.000000
0.010147
0.123234
0.390694
0.155821
0.440389
1.000000
0.010122
0.346412
0.488041
0.382014
0.539822
1.000000
0.010122
0.242083
0.956606
0.280998
0.996195
1.000000
0.010117
0.001678
0.398575
0.077121
0.542316
1.000000
0.010106
0.644659
0.758400
0.685922
0.811742
1.000000
0.010089
0.172243
0.393448
0.204245
0.439727
1.000000
0.010085
0.517882
0.262912
0.560881
0.326469
1.000000
0.010072
0.830975
0.921645
0.878417
0.983098
1.000000
0.010071
0.171976
0.193058
0.205135
0.244425
1.000000
0.010069
0.894173
0.217353
0.931909
0.273543
1.000000
0.010069
0.221124
0.324815
0.252440
0.368482
1.000000
0.010064
0.662350
0.381583
0.706747
0.448037
1.000000
0.010060
0.275175
0.425226
0.305187
0.469277
1.000000
0.010057
0.907507
0.652305
0.948192
0.704662
1.000000
0.010037
0.691899
0.588956
0.735023
0.645450
1.000000
0.010037
0.221595
0.226844
0.257164
0.279619
1.000000
0.010033
0.866096
0.754244
0.906897
0.808344
1.000000
0.010023
0.615807
0.824977
0.656060
0.880588
1.000000
0.010005
0.904664
0.628373
0.945370
0.675841
1.000000
0.010003
0.456959
0.667781
0.551174
0.797406
