1.000000
0.585845
0.340502
0.413689
0.533453
0.730106
1.000000
0.041755
0.323757
0.489990
0.435363
0.667148
1.000000
0.038971
0.126808
0.259221
0.516161
0.889169
1.000000
0.035150
0.357072
0.609220
0.408281
0.684655
1.000000
0.030729
0.340265
0.526611
0.384093
0.589144
1.000000
0.029828
0.735862
0.611691
1.008026
1.031186
1.000000
0.028459
0.325653
0.549685
0.363282
0.604122
1.000000
0.027301
0.354847
0.583496
0.470727
0.771124
1.000000
0.026918
0.439255
0.436955
0.563785
0.622524
1.000000
0.025773
0.509193
0.473673
0.559899
0.555990
1.000000
0.025622
0.419485
0.566999
0.547779
0.769460
1.000000
0.022463
0.344316
0.589400
0.388301
0.653368
1.000000
0.022377
0.361847
0.419200
0.411462
0.490029
1.000000
0.022121
0.963557
0.948877
1.001300
0.999639
1.000000
0.021235
0.844134
0.748953
0.951484
0.880882
1.000000
0.021093
0.324105
0.617966
0.361825
0.670725
1.000000
0.020987
0.606554
0.568263
0.700331
0.707615
1.000000
0.020756
0.865278
0.793503
0.918713
0.851400
1.000000
0.020133
0.334093
0.395666
0.458344
0.572628
1.000000
0.019971
0.362838
0.665759
0.411562
0.739685
1.000000
0.019814
0.357836
0.546249
0.407040
0.615764
1.000000
0.018868
0.911146
0.906496
0.994499
1.001249
1.000000
0.018544
0.343237
0.456580
0.388698
0.522510
1.000000
0.018198
0.308216
0.580563
0.404338
0.735177
1.000000
0.018186
0.617562
0.956190
0.660705
0.996995
1.000000
0.017868
0.361378
0.480303
0.410768
0.551581
1.000000
0.017844
0.710529
0.950653
0.757456
0.997562
1.000000
0.017807
0.897096
0.773494
0.992356
0.892588
1.000000
0.017683
0.960393
0.820677
0.999874
0.881384
1.000000
0.017400
0.387360
0.416784
0.440486
0.491073
1.000000
0.016948
0.670756
0.657966
0.714413
0.716888
1.000000
0.016926
0.488955
0.648384
0.539080
0.720413
1.000000
0.016816
0.379711
0.638655
0.430147
0.714272
1.000000
0.016770
0.666265
0.956378
0.709995
0.997526
1.000000
0.016558
0.558129
0.366694
0.961506
0.967675
1.000000
0.016486
0.524121
0.460622
0.619797
0.628872
1.000000
0.016382
0.559282
0.597093
0.665359
0.748788
1.000000
0.016344
0.405731
0.697330
0.522050
0.853234
1.000000
0.016218
0.325277
0.458369
0.683230
1.046824
1.000000
0.016164
0.322442
0.460921
0.362578
0.520667
1.000000
0.015802
0.386096
0.515718
0.436572
0.586966
1.000000
0.015573
0.576579
0.510925
0.669563
0.668345
1.000000
0.015490
0.966011
0.756391
1.000734
0.809446
1.000000
0.015395
0.662556
0.622373
0.747997
0.741011
1.000000
0.015270
0.491750
0.578064
0.539224
0.646399
1.000000
0.015204
0.434772
0.450242
0.490972
0.524066
1.000000
0.015193
0.615930
0.644409
0.713582
0.775261
1.000000
0.015184
0.537150
0.650889
0.583784
0.721075
1.000000
0.015060
0.497971
0.606891
0.595833
0.766944
1.000000
0.015050
0.641333
0.652197
0.686929
0.709321
1.000000
0.014671
0.210276
0.675780
0.304710
0.810206
1.000000
0.014655
0.859956
0.950090
0.911170
1.000429
1.000000
0.014628
0.731512
0.888295
0.838697
0.998419
1.000000
0.014509
0.409124
0.677687
0.462228
0.750633
1.000000
0.014483
0.014710
0.547383
0.054981
0.611228
1.000000
0.014459
0.823408
0.905810
0.918685
1.002756
1.000000
0.014456
0.818629
0.812032
0.932582
0.951831
1.000000
0.014413
0.269938
0.639073
0.365062
0.781705
1.000000
0.014358
0.765700
0.955635
0.808198
0.999609
1.000000
0.014164
0.762715
0.680175
0.870663
0.812566
1.000000
0.014141
0.595236
0.958080
0.638324
0.998895
1.000000
0.014125
0.461032
0.416911
0.511434
0.490329
1.000000
0.014083
0.320667
0.646845
0.360348
0.706633
1.000000
0.013883
0.510933
0.539570
0.556916
0.616503
1.000000
0.013867
0.363194
0.711813
0.409151
0.777574
1.000000
0.013839
0.512010
0.676927
0.561736
0.753166
1.000000
0.013670
0.684132
0.911598
0.777438
1.002626
1.000000
0.013635
0.614096
0.580390
0.663294
0.654273
1.000000
0.013611
0.710660
0.613062
0.815035
0.751653
1.000000
0.013589
0.819127
0.789021
0.865025
0.844497
1.000000
0.013544
0.435566
0.712111
0.486162
0.782054
1.000000
0.013467
0.004437
0.520894
0.034668
0.578814
1.000000
0.013274
0.965726
0.722722
1.000239
0.777504
1.000000
0.013227
0.964470
0.884215
1.001630
0.946115
1.000000
0.013116
0.463225
0.678512
0.515243
0.752437
1.000000
0.013024
0.772820
0.749621
0.877902
0.883010
1.000000
0.012944
0.931673
0.697608
1.005968
0.809927
1.000000
0.012909
0.321425
0.423396
0.360667
0.484216
1.000000
0.012903
0.004308
0.454741
0.032636
0.510521
1.000000
0.012879
0.815616
0.951266
0.865022
1.000164
1.000000
0.012850
0.014571
0.486609
0.051827
0.548540
1.000000
0.012780
0.320980
0.682593
0.362712
0.743970
1.000000
0.012754
0.243513
0.659030
0.281121
0.713111
1.000000
0.012739
0.008756
0.476795
0.081210
0.613435
1.000000
0.012711
0.171345
0.690499
0.207746
0.744009
1.000000
0.012710
0.903543
0.796826
0.958687
0.856126
1.000000
0.012691
0.517847
0.479905
0.702452
0.778703
1.000000
0.012678
0.590294
0.341510
0.685366
0.484442
1.000000
0.012659
0.569120
0.959765
0.610061
1.000576
1.000000
0.012532
0.513795
0.617664
0.558283
0.686148
1.000000
0.012523
0.620746
0.921439
0.714762
1.006670
1.000000
0.012483
0.415989
0.781795
0.461776
0.847146
1.000000
0.012476
0.217832
0.398852
0.408227
0.701191
1.000000
0.012426
0.311220
0.695307
0.424703
0.857936
1.000000
0.012425
0.341616
0.392894
0.388546
0.460845
1.000000
0.012374
0.390619
0.712152
0.439288
0.779859
1.000000
0.012373
0.283008
0.445884
0.388061
0.602360
1.000000
0.012336
0.815843
0.721839
0.860270
0.776010
1.000000
0.012331
0.562507
0.513965
0.604931
0.580490
1.000000
0.012328
0.925329
0.619574
1.000856
0.722541
1.000000
0.012306
0.437163
0.643395
0.489114
0.717540
1.000000
0.012286
0.937111
0.628594
0.982944
0.678292
1.000000
0.012258
0.617895
0.416387
0.703825
0.558300
1.000000
0.012136
0.910921
0.847633
0.958055
0.909326
1.000000
0.012120
0.381952
0.579901
0.433578
0.654290
1.000000
0.012112
0.534778
0.505932
0.580868
0.580854
1.000000
0.012090
0.911140
0.951852
0.958111
1.000936
1.000000
0.012029
0.393796
0.362039
0.520992
0.520140
1.000000
0.011950
0.300871
0.626100
0.336553
0.676284
1.000000
0.011903
0.836948
0.645649
0.944898
0.773202
1.000000
0.011887
0.616775
0.645897
0.662826
0.708271
1.000000
0.011881
0.269274
0.656267
0.304923
0.706566
1.000000
0.011849
0.711073
0.753084
0.812625
0.889509
1.000000
0.011817
0.435721
0.511903
0.488788
0.585093
1.000000
0.011764
0.013391
0.616487
0.052988
0.676561
1.000000
0.011720
0.619404
0.386962
0.657031
0.445812
1.000000
0.011704
0.632051
0.615474
0.680917
0.680056
1.000000
0.011692
0.933543
0.795238
0.986964
0.855637
1.000000
0.011678
0.817021
0.818178
0.863235
0.877090
1.000000
0.011633
0.737430
0.953115
0.783937
0.999960
1.000000
0.011472
0.460729
0.477802
0.514750
0.554131
1.000000
0.011441
0.003578
0.586084
0.034410
0.644919
1.000000
0.011410
0.671086
0.422227
0.706135
0.474744
1.000000
0.011348
0.408023
0.479223
0.462741
0.556716
1.000000
0.011337
0.967444
0.691037
0.999466
0.742062
1.000000
0.011308
0.670011
0.389952
0.707200
0.444244
1.000000
0.011300
0.493300
0.399158
0.595026
0.559852
1.000000
0.011280
0.411648
0.387897
0.461374
0.460437
1.000000
0.011247
0.645410
0.389119
0.683093
0.443786
1.000000
0.011235
0.177939
0.550087
0.373612
0.844782
1.000000
0.011221
0.532164
0.346745
0.630902
0.498463
1.000000
0.011214
0.142138
0.675797
0.237428
0.813151
1.000000
0.011209
0.769231
0.610644
0.878533
0.738446
1.000000
0.011176
0.409764
0.544105
0.463430
0.619661
1.000000
0.011173
0.220937
0.687866
0.257900
0.743174
1.000000
0.011130
0.683626
0.665430
0.780935
0.799427
1.000000
0.011112
0.146237
0.691778
0.183327
0.745097
1.000000
0.011089
0.001174
0.628774
0.065520
0.747574
1.000000
0.011087
0.004416
0.388497
0.031895
0.442903
1.000000
0.011069
0.589310
0.649837
0.636424
0.712122
1.000000
0.011058
0.963637
0.653843
0.997881
0.707799
1.000000
0.011047
0.668535
0.817881
0.865964
1.021970
1.000000
0.010978
0.670732
0.457555
0.705948
0.511706
1.000000
0.010931
0.489039
0.501922
0.544881
0.585753
1.000000
0.010908
0.686446
0.676990
0.729008
0.734924
1.000000
0.010903
0.707349
0.655289
0.751398
0.713133
1.000000
0.010899
0.556652
0.413938
0.654477
0.568942
1.000000
0.010896
0.272433
0.627884
0.305266
0.674640
1.000000
0.010800
0.740817
0.821286
0.784829
0.879660
1.000000
0.010761
0.642759
0.526838
0.682476
0.586156
1.000000
0.010731
0.939540
0.845678
0.990479
0.911363
1.000000
0.010730
0.407878
0.254635
0.764236
0.760411
1.000000
0.010663
0.531377
0.455799
0.577405
0.525081
1.000000
0.010648
0.486801
0.389255
0.535389
0.461004
1.000000
0.010583
0.407288
0.611726
0.462040
0.687498
1.000000
0.010570
0.663865
0.512452
0.755868
0.650506
1.000000
0.010535
0.003328
0.655863
0.034044
0.713500
1.000000
0.010530
0.871719
0.632470
0.909003
0.673968
1.000000
0.010494
0.542300
0.959650
0.584836
1.001954
1.000000
0.010487
0.514215
0.956558
0.554797
0.999901
1.000000
0.010477
0.241098
0.716505
0.337021
0.857266
1.000000
0.010412
0.695002
0.428050
0.731378
0.477927
1.000000
0.010412
0.618485
0.453906
0.656490
0.513793
1.000000
0.010403
0.814939
0.855844
0.863021
0.915943
1.000000
0.010394
0.883026
0.916027
0.937254
0.985108
1.000000
0.010384
0.062245
0.680219
0.167295
0.820905
1.000000
0.010330
0.792428
0.822197
0.836857
0.878537
1.000000
0.010321
0.592434
0.518745
0.633427
0.581100
1.000000
0.010304
0.146919
0.665848
0.180815
0.715454
1.000000
0.010292
0.665753
0.625412
0.708269
0.685193
1.000000
0.010283
0.476908
0.719234
0.581780
0.887265
1.000000
0.010255
0.619658
0.423124
0.656794
0.480643
1.000000
0.010232
-0.006928
0.415415
0.137370
0.689555
1.000000
0.010203
0.817625
0.759407
0.861028
0.811081
1.000000
0.010201
0.492439
0.821221
0.533343
0.882911
1.000000
0.010192
0.489909
0.924113
0.529906
0.981821
1.000000
0.010184
0.546021
0.915842
0.637245
1.010831
1.000000
0.010160
0.489118
0.783795
0.533658
0.849069
1.000000
0.010155
0.000260
0.418498
0.060315
0.538074
1.000000
0.010138
0.642746
0.681818
0.689947
0.742767
1.000000
0.010124
0.438242
0.869672
0.536655
1.003499
1.000000
0.010120
0.074759
0.491495
0.105649
0.544097
1.000000
0.010116
0.241359
0.715857
0.282084
0.775645
1.000000
0.010096
0.072802
0.519823
0.105109
0.575086
1.000000
0.010092
0.765335
0.720661
0.809507
0.777713
1.000000
0.010074
0.298954
0.362575
0.403300
0.509825
1.000000
0.010046
0.268215
0.688968
0.306594
0.744239
1.000000
0.010043
0.268647
0.718266
0.308923
0.776321
1.000000
0.010028
0.766948
0.822430
0.807341
0.877588
1.000000
0.010009
0.339988
0.748924
0.387831
0.813422
