1.000000
0.362506
0.439852
0.481352
0.662670
0.792767
1.000000
0.050749
0.208520
0.383934
0.640813
0.978269
1.000000
0.035962
0.428973
0.493262
0.527636
0.660700
1.000000
0.033283
0.570840
0.482595
0.674201
0.661863
1.000000
0.031399
0.457780
0.545598
0.813936
0.997286
1.000000
0.030795
0.417031
0.257490
0.530909
0.424337
1.000000
0.030394
0.439113
0.513326
0.484197
0.581231
1.000000
0.029850
0.391325
0.298095
0.579759
0.621315
1.000000
0.028026
0.010198
0.596012
0.355363
1.076830
1.000000
0.027990
0.415331
0.419035
0.507927
0.583587
1.000000
0.027638
0.735060
0.755602
1.009153
1.029626
1.000000
0.026691
0.426443
0.496084
0.461288
0.551902
1.000000
0.026413
0.848661
0.556225
1.002142
0.854782
1.000000
0.024779
0.486002
0.523319
0.528673
0.585910
1.000000
0.024380
0.922881
0.620950
1.001227
0.760493
1.000000
0.024037
0.465620
0.235050
0.578721
0.383645
1.000000
0.023181
0.509109
0.140332
0.608361
0.281136
1.000000
0.023125
0.414296
0.345238
0.460947
0.417053
1.000000
0.022226
0.460224
0.540934
0.506593
0.611588
1.000000
0.021896
0.703948
0.923137
0.759788
0.988221
1.000000
0.021326
0.506694
0.450211
0.630785
0.637444
1.000000
0.020845
0.461741
0.578043
0.510484
0.651766
1.000000
0.020487
0.377880
0.539587
0.475155
0.684255
1.000000
0.020483
0.492000
0.582357
0.542834
0.659151
1.000000
0.020483
0.164265
0.954800
0.210026
0.998001
1.000000
0.020194
0.588278
0.515634
0.641865
0.597083
1.000000
0.020189
0.507981
0.607461
0.562503
0.691069
1.000000
0.020161
0.461500
0.280512
0.513197
0.359147
1.000000
0.020116
0.514043
0.552660
0.559318
0.621763
1.000000
0.019738
0.539895
0.518466
0.589092
0.592085
1.000000
0.019463
0.415658
0.283494
0.462763
0.359154
1.000000
0.019178
0.956456
0.646582
0.998247
0.723394
1.000000
0.019104
0.421928
0.466792
0.454753
0.518405
1.000000
0.019097
0.511931
0.275271
0.560367
0.348758
1.000000
0.018133
0.963934
0.950354
0.999632
0.997815
1.000000
0.017738
0.516009
0.180562
0.566230
0.259475
1.000000
0.017538
0.461939
0.380271
0.505564
0.446364
1.000000
0.017523
0.147145
0.917017
0.232847
1.003227
1.000000
0.017499
0.810059
0.606020
0.930567
0.766153
1.000000
0.017444
0.544957
0.918748
0.590990
0.981180
1.000000
0.017295
0.460284
0.495161
0.503078
0.557296
1.000000
0.017250
0.420055
0.583384
0.461555
0.644214
1.000000
0.017138
0.421275
0.590776
0.559123
0.756064
1.000000
0.016945
0.517414
0.219478
0.635011
0.358684
1.000000
0.016663
0.366260
0.618739
0.477504
0.763487
1.000000
0.016551
0.116332
0.959253
0.159935
0.998871
1.000000
0.016472
0.563182
0.540180
0.616275
0.620411
1.000000
0.016376
0.089695
-0.133918
0.591454
0.755078
1.000000
0.016149
0.168603
0.852872
0.207461
0.903008
1.000000
0.016113
0.382823
0.326893
0.472815
0.480157
1.000000
0.015928
0.265645
0.617411
0.363963
0.743411
1.000000
0.015780
0.962641
0.712611
1.002479
0.786581
1.000000
0.015770
0.437647
0.315182
0.489231
0.391421
1.000000
0.015738
0.633383
0.514538
0.677519
0.592561
1.000000
0.015717
0.439068
0.464790
0.477483
0.522362
1.000000
0.015649
0.439187
0.255322
0.488436
0.327704
1.000000
0.015570
0.864846
0.649682
0.912631
0.717590
1.000000
0.015441
0.420441
0.418456
0.455885
0.474270
1.000000
0.015375
0.301929
0.476986
0.510352
0.772578
1.000000
0.015373
0.770933
0.529688
0.855701
0.663703
1.000000
0.015360
0.334297
0.676209
0.446578
0.825629
1.000000
0.015315
0.514069
0.486979
0.557856
0.552986
1.000000
0.015297
0.139717
0.957174
0.184812
0.999085
1.000000
0.015273
0.566314
0.487720
0.614494
0.560261
1.000000
0.015115
0.610495
0.487845
0.659629
0.568445
1.000000
0.015018
0.932559
0.705597
1.009425
0.843404
1.000000
0.015018
0.170990
0.711399
0.263842
0.857114
1.000000
0.014972
0.439084
0.212889
0.654057
0.480878
1.000000
0.014928
0.605315
0.821383
0.821880
1.007658
1.000000
0.014809
0.868466
0.615832
0.911478
0.681354
1.000000
0.014728
0.108855
0.745427
0.209374
0.888187
1.000000
0.014661
0.193966
0.771576
0.292103
0.917935
1.000000
0.014631
0.926186
0.884435
1.001111
0.996029
1.000000
0.014625
0.139000
0.825794
0.180739
0.879062
1.000000
0.014621
0.218392
0.783527
0.260756
0.846746
1.000000
0.014615
0.911270
0.619639
0.959769
0.693326
1.000000
0.014595
0.486894
0.705411
0.541243
0.782371
1.000000
0.014588
0.439514
0.419090
0.479533
0.479722
1.000000
0.014523
0.798773
0.533688
0.830778
0.585122
1.000000
0.014496
0.381331
0.236541
0.476677
0.382932
1.000000
0.014473
0.676003
0.682706
0.789122
0.828069
1.000000
0.014455
0.966498
0.583834
1.001539
0.652705
1.000000
0.014453
0.001333
0.951148
0.035700
0.996990
1.000000
0.014340
0.479174
0.057242
0.669475
0.308744
1.000000
0.014332
0.425542
0.544436
0.464562
0.606760
1.000000
0.014261
0.419846
0.621680
0.460292
0.678743
1.000000
0.014247
0.455434
0.663147
0.583298
0.831825
1.000000
0.014215
0.559197
0.942849
0.607241
0.994528
1.000000
0.014180
0.532911
0.579869
0.584272
0.657737
1.000000
0.014151
0.587892
0.565752
0.643193
0.651614
1.000000
0.014121
0.168280
0.787497
0.207625
0.844211
1.000000
0.014022
0.315458
0.592925
0.409819
0.722961
1.000000
0.014019
0.886453
0.953433
0.932747
0.998774
1.000000
0.013780
0.161569
0.764677
0.366519
1.009549
1.000000
0.013780
0.436171
0.378603
0.482563
0.447663
1.000000
0.013767
0.589044
0.454965
0.639066
0.532819
1.000000
0.013720
0.813844
0.552620
0.850241
0.611605
1.000000
0.013719
0.962830
0.785397
1.000881
0.847860
1.000000
0.013682
0.405221
0.492152
0.438825
0.542035
1.000000
0.013599
0.390460
0.652018
0.434195
0.713715
1.000000
0.013571
0.442204
0.645896
0.493467
0.715274
1.000000
0.013571
0.463712
0.215824
0.507597
0.287546
1.000000
0.013562
0.217496
0.682008
0.313097
0.819290
1.000000
0.013516
0.844135
0.585851
0.884578
0.647583
1.000000
0.013499
0.260859
0.707519
0.373607
0.855117
1.000000
0.013424
0.890452
0.585465
0.935825
0.656307
1.000000
0.013307
0.463818
0.459074
0.504237
0.519058
1.000000
0.013307
0.905928
0.522363
0.996104
0.681925
1.000000
0.013250
0.556449
0.905777
0.658484
1.006273
1.000000
0.013208
0.470304
0.183230
0.511820
0.251412
1.000000
0.013169
0.840544
0.528519
0.938450
0.679637
1.000000
0.013125
0.141063
0.792742
0.181630
0.848232
1.000000
0.013063
0.890641
0.643010
0.944022
0.719211
1.000000
0.012985
0.089553
0.921174
0.182744
1.007973
1.000000
0.012941
0.394951
0.624923
0.434154
0.679991
1.000000
0.012924
-0.008504
0.693621
0.141868
0.926047
1.000000
0.012915
0.613531
0.488943
0.810080
0.766194
1.000000
0.012909
0.372822
0.288359
0.409859
0.347245
1.000000
0.012903
0.169541
0.753442
0.207246
0.810453
1.000000
0.012893
0.004118
0.716462
0.072413
0.839402
1.000000
0.012856
0.587809
0.249149
0.639615
0.316383
1.000000
0.012844
0.210449
0.952272
0.259598
1.000067
1.000000
0.012792
0.485596
0.310074
0.536890
0.380692
1.000000
0.012666
0.812669
0.581555
0.852927
0.647031
1.000000
0.012554
0.900191
0.768160
1.000349
0.925014
1.000000
0.012480
0.907339
0.711391
0.960929
0.783134
1.000000
0.012340
0.841176
0.652494
0.886065
0.715501
1.000000
0.012314
0.448966
0.154643
0.546214
0.303860
1.000000
0.012267
0.376804
0.355993
0.410816
0.408046
1.000000
0.012250
0.712278
0.585832
0.823853
0.745846
1.000000
0.012192
0.482530
0.634642
0.544695
0.724035
1.000000
0.012175
0.079099
0.682904
0.188338
0.833254
1.000000
0.012133
0.558147
0.184435
0.607102
0.255970
1.000000
0.012122
0.374665
0.325164
0.409896
0.381325
1.000000
0.012084
0.868598
0.556988
0.906989
0.614782
1.000000
0.012072
0.607840
0.705109
0.729304
0.857923
1.000000
0.012032
0.140056
0.804108
0.232100
0.931937
1.000000
0.012004
0.844353
0.557219
0.881975
0.614262
1.000000
0.011901
0.641663
0.952352
0.692459
1.001184
1.000000
0.011899
0.540055
0.456756
0.585623
0.526799
1.000000
0.011882
0.619332
0.452661
0.716337
0.613935
1.000000
0.011877
0.397780
0.322658
0.439934
0.389121
1.000000
0.011858
0.492595
0.257897
0.542884
0.327845
1.000000
0.011841
0.121895
0.793539
0.159216
0.847325
1.000000
0.011707
0.660702
0.603114
0.765465
0.755459
1.000000
0.011691
0.533572
0.207298
0.581820
0.278989
1.000000
0.011648
0.967018
0.519100
1.000012
0.586392
1.000000
0.011633
0.395909
0.260824
0.438724
0.324083
1.000000
0.011615
0.003167
0.584791
0.035482
0.646080
1.000000
0.011561
0.222198
0.719190
0.259272
0.778266
1.000000
0.011535
0.600249
0.217373
0.700196
0.355073
1.000000
0.011501
0.488026
0.456530
0.532813
0.523523
1.000000
0.011492
0.376312
0.392950
0.407750
0.443040
1.000000
0.011491
0.558972
0.610421
0.611295
0.688386
1.000000
0.011480
0.395987
0.588952
0.434497
0.644597
1.000000
0.011475
0.531119
0.253047
0.581231
0.322373
1.000000
0.011472
0.614594
0.955397
0.661179
1.001214
1.000000
0.011469
0.769747
0.578557
0.810319
0.649215
1.000000
0.011428
0.487635
0.382546
0.531725
0.447072
1.000000
0.011425
0.418864
0.223119
0.460742
0.288180
1.000000
0.011423
0.066107
0.958503
0.108935
0.998970
1.000000
0.011413
0.443816
0.808327
0.626486
1.023195
1.000000
0.011373
0.323037
0.630062
0.356739
0.677261
1.000000
0.011288
0.243598
0.717752
0.281737
0.774834
1.000000
0.011252
0.893511
0.557065
0.933123
0.617794
1.000000
0.011183
0.400681
0.423604
0.432845
0.474295
1.000000
0.011094
0.090359
0.959867
0.135642
1.000850
1.000000
0.011092
0.400121
0.386631
0.435758
0.442942
1.000000
0.011042
0.003422
0.721235
0.037442
0.785414
1.000000
0.011034
0.633619
0.567973
0.680780
0.648194
1.000000
0.011031
-0.001454
0.547007
0.061714
0.667558
1.000000
0.010989
0.967007
0.481859
0.998642
0.546015
1.000000
0.010981
-0.002738
0.809936
0.068187
0.935788
1.000000
0.010975
0.659626
0.510008
0.761031
0.666922
1.000000
0.010908
0.618504
0.905079
0.737833
1.006433
1.000000
0.010881
0.179827
0.870479
0.290463
0.992579
1.000000
0.010824
0.269300
0.655894
0.307234
0.709920
1.000000
0.010782
0.386693
0.684575
0.435154
0.751175
1.000000
0.010778
0.403062
0.461689
0.434739
0.509667
1.000000
0.010751
0.293741
0.651017
0.330000
0.704279
1.000000
0.010728
0.318677
0.508511
0.408249
0.649437
1.000000
0.010685
0.464005
0.676302
0.518065
0.749402
1.000000
0.010684
0.578086
0.125291
0.677066
0.261543
1.000000
0.010651
0.637767
0.455401
0.681977
0.527083
1.000000
0.010580
0.119951
0.722841
0.158143
0.779654
1.000000
0.010573
0.342733
0.628799
0.379132
0.679559
1.000000
0.010568
0.350118
0.406879
0.434713
0.552027
1.000000
0.010508
0.584420
0.642905
0.638574
0.721121
1.000000
0.010491
0.375762
0.424413
0.405679
0.471352
1.000000
0.010482
0.189763
0.853948
0.230731
0.910546
1.000000
0.010476
0.772225
0.528027
0.805941
0.587114
1.000000
0.010465
0.638532
0.647699
0.684651
0.716051
1.000000
0.010463
0.143029
0.752238
0.183661
0.811653
1.000000
0.010458
0.244713
0.660216
0.281033
0.713885
1.000000
0.010458
0.599159
0.347475
0.701355
0.519582
1.000000
0.010420
0.688635
0.368778
0.979994
0.869042
1.000000
0.010415
0.729993
0.493854
0.816425
0.640118
1.000000
0.010365
0.002434
0.548959
0.035182
0.610245
1.000000
0.010330
0.851655
0.879440
0.965700
0.998953
1.000000
0.010327
0.559286
0.565861
0.680669
0.768523
1.000000
0.010304
0.941695
0.550601
0.988213
0.618987
1.000000
0.010302
0.760611
0.953735
0.808636
1.001394
1.000000
0.010297
0.585900
0.187267
0.631491
0.251938
1.000000
0.010292
0.370543
0.628369
0.406623
0.677891
1.000000
0.010264
0.415330
0.684260
0.460828
0.746537
1.000000
0.010262
0.724722
0.739767
0.840309
0.872023
1.000000
0.010250
0.148543
0.459892
0.180084
0.506032
1.000000
0.010194
0.399441
0.558248
0.434402
0.611985
1.000000
0.010159
0.375862
0.460600
0.404805
0.505759
1.000000
0.010143
0.094763
0.790643
0.131278
0.841886
1.000000
0.010143
0.111422
0.632893
0.210665
0.766232
1.000000
0.010134
0.440387
0.710343
0.491291
0.778365
1.000000
0.010134
0.820039
0.498116
0.851304
0.547996
1.000000
0.010108
0.571519
0.270740
0.682196
0.427022
1.000000
0.010070
0.425856
0.141769
0.789371
0.736298
1.000000
0.010069
0.212947
0.847556
0.257970
0.909295
1.000000
0.010030
0.320366
0.724320
0.361008
0.780635
1.000000
0.010005
0.942670
0.461655
1.002771
0.586183
