1.000000
0.774223
0.447440
0.261602
0.581255
0.510543
1.000000
0.259389
0.242905
0.319406
0.710266
0.900859
1.000000
0.076218
0.005750
0.664340
0.268494
1.093269
1.000000
0.046968
0.517764
0.589698
0.558358
0.652658
1.000000
0.038278
0.442579
0.281382
0.491161
0.367431
1.000000
0.037091
0.356965
0.503621
0.483298
0.648886
1.000000
0.036056
0.545448
0.377884
0.907374
0.970294
1.000000
0.033408
0.765931
0.459895
0.798047
0.519593
1.000000
0.032354
0.743794
0.749507
1.003422
1.013168
1.000000
0.030653
0.011769
0.944857
0.061577
0.997582
1.000000
0.029128
0.736813
0.446192
0.814079
0.583547
1.000000
0.029044
0.675759
0.461480
0.771229
0.611212
1.000000
0.028342
0.510397
0.248007
0.563874
0.332527
1.000000
0.027827
0.847229
0.529259
0.936331
0.680629
1.000000
0.027655
0.341343
0.373647
0.542080
0.621817
1.000000
0.027641
0.534452
0.275611
0.592604
0.365605
1.000000
0.027321
0.415989
0.271346
0.511825
0.435138
1.000000
0.026086
0.644318
0.526170
0.740035
0.680775
1.000000
0.026051
0.745482
0.473624
0.786643
0.547770
1.000000
0.025647
0.730499
0.385128
0.897886
0.669219
1.000000
0.024941
0.480146
0.427227
0.541633
0.523013
1.000000
0.024375
0.607725
0.616428
0.700459
0.752718
1.000000
0.023577
0.870573
0.545372
0.914529
0.616518
1.000000
0.023576
0.483622
0.272321
0.541760
0.367150
1.000000
0.022457
0.913074
0.528016
0.993187
0.691957
1.000000
0.022356
0.793398
0.482113
0.884618
0.629555
1.000000
0.022315
0.960406
0.578706
0.999102
0.654093
1.000000
0.022311
0.963873
0.951114
0.999665
0.997941
1.000000
0.021271
0.413538
0.464018
0.617625
0.751582
1.000000
0.021234
0.964475
0.519722
0.999024
0.587151
1.000000
0.021168
0.669424
0.509211
0.713683
0.578609
1.000000
0.021140
0.668643
0.612626
0.759786
0.747914
1.000000
0.021136
0.383445
0.512092
0.444208
0.602125
1.000000
0.020988
0.479742
0.554156
0.569851
0.674721
1.000000
0.020634
0.619092
0.436144
0.715684
0.582848
1.000000
0.020606
0.714273
0.503417
0.760925
0.579968
1.000000
0.020486
0.014823
0.896466
0.112209
1.002453
1.000000
0.020395
0.589477
0.440740
0.637804
0.512890
1.000000
0.019871
0.818568
0.517469
0.859079
0.582881
1.000000
0.019837
0.649409
0.448102
0.836619
0.741157
1.000000
0.019738
0.821544
0.486380
0.857640
0.545256
1.000000
0.019488
0.459313
0.249523
0.512863
0.338006
1.000000
0.019384
0.273954
0.562833
0.306498
0.615464
1.000000
0.019344
0.692828
0.486875
0.736547
0.554898
1.000000
0.019301
0.766395
0.546399
0.867007
0.689514
1.000000
0.019248
0.844738
0.548786
0.887325
0.616363
1.000000
0.019132
0.064455
0.949087
0.110119
0.998016
1.000000
0.019061
0.559453
0.254575
0.606146
0.333776
1.000000
0.019006
0.643930
0.686919
0.686102
0.744242
1.000000
0.018996
0.665518
0.579242
0.708933
0.647302
1.000000
0.018881
0.962262
0.649868
0.999117
0.715520
1.000000
0.018657
0.560637
0.398867
0.654406
0.543104
1.000000
0.018611
0.891079
0.527670
0.933698
0.594746
1.000000
0.018481
0.533365
0.367493
0.588543
0.455135
1.000000
0.018317
0.911488
0.575098
0.959072
0.650739
1.000000
0.018230
0.560397
0.580141
0.654921
0.717018
1.000000
0.018227
0.668252
0.689644
0.707035
0.743203
1.000000
0.017795
0.013833
0.887690
0.061686
0.953722
1.000000
0.017683
0.505963
0.475902
0.555158
0.550232
1.000000
0.017673
0.670397
0.721611
0.709262
0.775134
1.000000
0.017476
0.640325
0.655088
0.683398
0.714928
1.000000
0.017473
0.510329
0.331212
0.691095
0.607965
1.000000
0.017435
0.507031
0.303766
0.566391
0.402024
1.000000
0.017357
0.530548
0.477006
0.627960
0.627833
1.000000
0.017342
0.667378
0.619243
0.708855
0.679042
1.000000
0.017295
0.840682
0.583501
0.885688
0.649218
1.000000
0.017247
0.428486
0.507923
0.538504
0.650785
1.000000
0.017212
0.938664
0.548125
0.987824
0.623158
1.000000
0.017061
0.273774
0.488004
0.307196
0.538576
1.000000
0.016926
0.844432
0.486653
0.880770
0.547795
1.000000
0.016892
0.261824
0.951031
0.306320
0.997479
1.000000
0.016766
0.114647
0.748448
0.210825
0.900511
1.000000
0.016696
0.963634
0.718832
0.999671
0.780182
1.000000
0.016685
0.962750
0.786971
0.997432
0.842371
1.000000
0.016290
0.640821
0.583311
0.685075
0.650921
1.000000
0.016219
0.274587
0.527193
0.307643
0.580995
1.000000
0.016197
0.644892
0.680768
0.730569
0.812876
1.000000
0.016194
0.247783
0.724291
0.283538
0.776860
1.000000
0.016147
0.593718
0.648476
0.634747
0.704749
1.000000
0.016083
0.714929
0.577490
0.758133
0.645441
1.000000
0.016080
0.269827
0.553426
0.371581
0.690266
1.000000
0.016034
0.644131
0.511956
0.686149
0.575644
1.000000
0.016003
0.615949
0.651441
0.655773
0.708089
1.000000
0.016000
0.488337
0.222057
0.536555
0.289467
1.000000
0.015999
0.762884
0.503759
0.803602
0.574776
1.000000
0.015997
0.295169
0.525835
0.331607
0.581215
1.000000
0.015815
0.425712
0.313225
0.467989
0.380663
1.000000
0.015756
0.342320
0.519786
0.397490
0.590492
1.000000
0.015730
0.668616
0.658352
0.709503
0.715278
1.000000
0.015653
0.435119
0.509982
0.486662
0.587787
1.000000
0.015612
0.416021
0.447491
0.466938
0.521944
1.000000
0.015515
0.791607
0.478927
0.959473
0.768818
1.000000
0.015363
0.513132
0.515040
0.556046
0.581346
1.000000
0.015349
0.932965
0.458810
1.002338
0.604752
1.000000
0.015322
0.940539
0.609163
0.987469
0.682741
1.000000
0.015315
0.407848
0.484054
0.463228
0.562178
1.000000
0.015270
0.790353
0.459900
0.823885
0.514577
1.000000
0.015211
0.441615
0.409608
0.493992
0.492416
1.000000
0.015077
0.288457
0.585803
0.327861
0.644737
1.000000
0.014991
0.440403
0.334152
0.489384
0.418809
1.000000
0.014988
0.740029
0.606201
0.844200
0.748249
1.000000
0.014924
0.616519
0.480047
0.658107
0.545007
1.000000
0.014862
0.513153
0.246842
0.616594
0.418019
1.000000
0.014825
0.639135
0.620258
0.682845
0.681460
1.000000
0.014822
0.693574
0.619496
0.734874
0.681859
1.000000
0.014822
0.693192
0.690340
0.733390
0.744521
1.000000
0.014815
0.917339
0.657446
0.958194
0.713597
1.000000
0.014722
0.693730
0.724059
0.733874
0.776658
1.000000
0.014699
0.795168
0.517633
0.833255
0.578949
1.000000
0.014648
0.868635
0.488362
0.905706
0.550632
1.000000
0.014628
0.227344
0.559149
0.309389
0.690984
1.000000
0.014622
0.866044
0.613121
0.910148
0.677604
1.000000
0.014615
0.244497
0.927374
0.286923
0.984629
1.000000
0.014584
0.815139
0.583298
0.861228
0.649600
1.000000
0.014548
0.249508
0.562654
0.283448
0.615916
1.000000
0.014538
0.140484
0.953355
0.181732
0.999053
1.000000
0.014477
0.341225
0.579908
0.391005
0.648019
1.000000
0.014466
0.191788
0.956178
0.232508
0.999802
1.000000
0.014427
0.890589
0.610534
0.936551
0.677030
1.000000
0.014417
0.501269
0.394783
0.561545
0.491531
1.000000
0.014417
0.588037
0.510136
0.683894
0.655798
1.000000
0.014398
0.671321
0.755926
0.709800
0.810444
1.000000
0.014318
0.722482
0.456243
0.760731
0.525891
1.000000
0.014303
0.693233
0.658457
0.733103
0.712924
1.000000
0.014170
0.715064
0.690448
0.758914
0.747248
1.000000
0.014090
0.939087
0.756434
0.987005
0.819380
1.000000
0.014051
0.696810
0.688858
0.787376
0.816965
1.000000
0.014047
0.015712
0.860563
0.059524
0.916449
1.000000
0.014010
0.249577
0.452547
0.339320
0.581029
1.000000
0.013984
0.616703
0.588416
0.658183
0.650670
1.000000
0.013978
0.936884
0.639846
1.004512
0.774061
1.000000
0.013947
0.535989
0.515238
0.579207
0.580274
1.000000
0.013909
0.575445
0.544282
0.764511
0.843377
1.000000
0.013902
0.167629
0.955633
0.206396
0.998359
1.000000
0.013863
0.418299
0.381134
0.463345
0.452487
1.000000
0.013854
0.267703
0.725554
0.306352
0.782617
1.000000
0.013836
0.440463
0.578171
0.487268
0.645064
1.000000
0.013816
0.568958
0.648956
0.607992
0.703096
1.000000
0.013814
0.620350
0.683830
0.659057
0.739679
1.000000
0.013794
0.716396
0.723300
0.760396
0.777414
1.000000
0.013760
0.119878
0.915346
0.165458
0.981685
1.000000
0.013672
0.217457
0.790908
0.304025
0.928467
1.000000
0.013648
0.444624
0.225330
0.488601
0.286529
1.000000
0.013620
0.085782
0.871195
0.185165
0.991053
1.000000
0.013617
0.964346
0.855094
0.999186
0.911489
1.000000
0.013596
0.617222
0.549860
0.658991
0.617032
1.000000
0.013571
0.247827
0.459788
0.283618
0.513929
1.000000
0.013571
0.538032
0.442310
0.585653
0.515574
1.000000
0.013559
0.293457
0.489647
0.331051
0.544000
1.000000
0.013549
0.318705
0.522572
0.361494
0.582586
1.000000
0.013547
0.387107
0.562496
0.440032
0.641311
1.000000
0.013534
0.190868
0.887534
0.230052
0.944864
1.000000
0.013522
0.693740
0.544424
0.736984
0.616669
1.000000
0.013516
0.192648
0.857884
0.231920
0.911971
1.000000
0.013467
0.065180
0.892866
0.107102
0.954235
1.000000
0.013461
0.940761
0.921705
0.990240
0.984084
1.000000
0.013079
0.497906
0.418037
0.599430
0.576259
1.000000
0.013073
0.666764
0.452199
0.708686
0.524581
1.000000
0.013068
0.218803
0.956949
0.257327
0.998943
1.000000
0.013021
0.464120
0.470193
0.519528
0.550042
1.000000
0.013018
0.639277
0.450012
0.681962
0.520220
1.000000
0.013009
0.965410
0.821415
0.998419
0.875151
1.000000
0.012950
0.865892
0.959639
0.905578
0.996758
1.000000
0.012915
0.250963
0.013668
0.571716
0.627317
1.000000
0.012903
0.865893
0.590942
0.962890
0.747647
1.000000
0.012821
0.845303
0.426323
0.928180
0.583909
1.000000
0.012795
0.738958
0.579269
0.783506
0.645182
1.000000
0.012748
0.893820
0.490554
0.931335
0.552898
1.000000
0.012691
0.592381
0.591321
0.634910
0.653175
1.000000
0.012688
0.891879
0.659203
0.936097
0.714456
1.000000
0.012586
0.267500
0.788643
0.306600
0.842998
1.000000
0.012449
0.171871
0.457986
0.203268
0.506852
1.000000
0.012387
0.713469
0.656994
0.757264
0.714623
1.000000
0.012376
0.536901
0.226677
0.583607
0.291532
1.000000
0.012359
0.620356
0.719013
0.657496
0.770130
1.000000
0.012262
0.390289
0.453811
0.439652
0.524407
1.000000
0.012227
0.866583
0.657179
0.909951
0.712086
1.000000
0.012169
0.561037
0.592252
0.603759
0.652162
1.000000
0.012158
0.467315
0.582143
0.509123
0.644815
1.000000
0.012153
0.243259
0.860427
0.281294
0.913695
1.000000
0.012142
0.088664
0.953552
0.131975
1.000964
1.000000
0.012112
0.585377
0.380196
0.633217
0.455682
1.000000
0.012111
0.173368
0.597134
0.205262
0.646942
1.000000
0.012012
0.227873
0.674879
0.310911
0.819143
1.000000
0.012004
0.217005
0.857913
0.254228
0.911675
1.000000
0.011999
0.248426
0.526519
0.281441
0.579725
1.000000
0.011997
0.246375
0.793360
0.283297
0.843902
1.000000
0.011989
0.294075
0.508618
0.490465
0.814768
1.000000
0.011936
0.720532
0.424120
0.754652
0.486121
1.000000
0.011931
0.916439
0.960091
0.957276
0.998535
1.000000
0.011930
0.222778
0.457816
0.255605
0.509349
1.000000
0.011925
-0.000874
0.758336
0.069796
0.870103
1.000000
0.011898
0.420966
0.345751
0.463848
0.414729
1.000000
0.011873
0.063074
0.791367
0.168348
0.936920
1.000000
0.011871
0.892328
0.689045
0.936557
0.743035
1.000000
0.011826
0.147080
0.458718
0.178834
0.507090
1.000000
0.011619
0.248361
0.751740
0.284902
0.806009
1.000000
0.011579
0.120501
0.861490
0.160278
0.916113
1.000000
0.011551
0.169069
0.828976
0.206785
0.883464
1.000000
0.011514
0.485498
0.334515
0.545248
0.432142
1.000000
0.011506
0.218445
0.793527
0.254508
0.845538
1.000000
0.011504
0.367381
0.490343
0.420977
0.564103
1.000000
0.011489
0.167258
0.685450
0.347721
0.962874
1.000000
0.011417
0.640849
0.340684
0.732609
0.508725
1.000000
0.011383
0.967538
0.453276
0.999401
0.520280
1.000000
0.011327
0.915243
0.491143
0.951400
0.552576
1.000000
0.011324
0.909468
0.879148
0.997471
1.000453
1.000000
0.011323
0.222179
0.722660
0.257223
0.774717
1.000000
0.011311
0.067778
0.828652
0.104327
0.879510
1.000000
0.011298
0.379879
0.329926
0.480354
0.489890
1.000000
0.011283
0.887497
0.959494
0.930047
0.998269
1.000000
0.011188
0.566523
0.670753
0.661374
0.808214
1.000000
0.011186
0.582147
0.314250
0.628064
0.385268
1.000000
0.011160
0.244417
0.889429
0.280875
0.943059
1.000000
0.011143
0.420446
0.226318
0.459801
0.282150
1.000000
0.011132
0.217603
0.828724
0.254249
0.882158
1.000000
0.011127
0.119688
0.826610
0.158433
0.882639
1.000000
0.011097
0.315506
0.588058
0.425542
0.750763
1.000000
0.011077
0.142578
0.788303
0.180490
0.844367
1.000000
0.011051
0.560571
0.338949
0.607076
0.421026
1.000000
0.011046
0.767512
0.581821
0.812088
0.647310
1.000000
0.011041
0.793703
0.393049
0.877831
0.536560
1.000000
0.010961
0.793193
0.551313
0.835472
0.617399
1.000000
0.010958
0.641433
0.748652
0.730270
0.896424
1.000000
0.010941
0.271848
0.615018
0.307732
0.676700
1.000000
0.010925
0.066441
0.864503
0.105427
0.916440
1.000000
0.010881
0.012676
0.820179
0.056447
0.879487
1.000000
0.010848
0.155935
0.793082
0.248798
0.938644
1.000000
0.010841
0.571929
0.249290
0.668713
0.407327
1.000000
0.010761
0.594633
0.723110
0.630289
0.772675
1.000000
0.010738
0.691298
0.752352
0.733250
0.808476
1.000000
0.010733
0.243661
0.826607
0.282731
0.880762
1.000000
0.010724
0.265787
0.822411
0.305063
0.877586
1.000000
0.010718
0.815658
0.640225
0.917674
0.779759
1.000000
0.010692
0.840777
0.957822
0.883650
0.997135
1.000000
0.010680
0.219513
0.887819
0.253185
0.939075
1.000000
0.010672
0.289508
0.615882
0.331664
0.679930
1.000000
0.010665
0.818580
0.425318
0.852874
0.481417
1.000000
0.010646
0.168926
0.602094
0.255777
0.751733
1.000000
0.010636
0.342270
0.653564
0.383350
0.710731
1.000000
0.010636
0.497163
0.554817
0.540806
0.622093
1.000000
0.010631
0.193214
0.793495
0.231057
0.846045
1.000000
0.010617
0.289932
0.458873
0.329170
0.515269
1.000000
0.010583
0.365516
0.612319
0.413339
0.678778
1.000000
0.010568
0.318252
0.428080
0.431521
0.572542
1.000000
0.010559
0.619004
0.759821
0.656457
0.811064
1.000000
0.010503
0.167019
0.858770
0.205764
0.912140
1.000000
0.010424
0.935805
0.789926
1.003715
0.907878
1.000000
0.010400
0.421456
0.257149
0.463207
0.323451
1.000000
0.010365
0.965678
0.888784
0.999302
0.945179
1.000000
0.010363
0.817345
0.959882
0.857811
0.997916
1.000000
0.010358
0.142320
0.828061
0.181086
0.884765
1.000000
0.010344
0.392742
0.652818
0.432118
0.709589
1.000000
0.010293
0.196473
0.457829
0.229261
0.508674
1.000000
0.010292
0.262118
0.337023
0.360210
0.480164
1.000000
0.010275
0.168388
0.791978
0.206252
0.846438
1.000000
0.010269
0.172920
0.490242
0.204351
0.537082
1.000000
0.010259
0.197268
0.443746
0.285719
0.578494
1.000000
0.010243
0.646123
0.759130
0.687040
0.813930
1.000000
0.010236
0.317289
0.491169
0.359123
0.548325
1.000000
0.010222
0.223752
0.488996
0.256251
0.538035
1.000000
0.010201
0.532709
0.612168
0.574930
0.668914
1.000000
0.010182
0.118310
0.787541
0.157028
0.844389
1.000000
0.010157
0.563347
0.478167
0.611152
0.547946
1.000000
0.010152
0.146521
0.444744
0.230315
0.574595
1.000000
0.010150
0.136714
0.679414
0.226799
0.826045
1.000000
0.010127
0.095538
0.862977
0.131960
0.912678
1.000000
0.010082
0.461629
0.374305
0.517634
0.466765
1.000000
0.010060
0.140982
0.756040
0.180341
0.810816
1.000000
0.010060
0.040143
0.891161
0.085353
0.952667
1.000000
0.010048
0.090882
0.891643
0.130723
0.950647
1.000000
0.010041
0.562165
0.514812
0.607077
0.580999
1.000000
0.010033
0.147818
0.596722
0.179240
0.645166
1.000000
0.010014
0.013775
0.752124
0.056024
0.811845
