1.000000
0.806704
0.321706
0.340952
0.516303
0.632611
1.000000
0.147401
0.323180
0.448159
0.367815
0.503835
1.000000
0.074705
0.311734
0.394557
0.409307
0.526421
1.000000
0.057216
0.352087
0.452206
0.404905
0.517853
1.000000
0.043421
0.360203
0.356851
0.409267
0.420689
1.000000
0.042138
0.363741
0.545137
0.413893
0.617781
1.000000
0.041773
0.324882
0.489173
0.433910
0.645600
1.000000
0.034739
0.680973
0.420584
0.999928
0.943091
1.000000
0.034566
0.321607
0.395506
0.362591
0.452687
1.000000
0.031831
0.341652
0.482269
0.385680
0.536652
1.000000
0.031402
0.321266
0.480286
0.362122
0.529974
1.000000
0.030858
0.627930
0.876743
0.733474
0.981005
1.000000
0.030415
0.346037
0.518330
0.390458
0.577154
1.000000
0.030095
0.602622
0.536254
0.692942
0.676222
1.000000
0.029929
0.637087
0.908893
0.688213
0.972837
1.000000
0.027746
0.087920
0.354931
0.500703
0.970825
1.000000
0.027541
0.320551
0.520840
0.361012
0.573123
1.000000
0.027236
0.164230
0.955460
0.208583
0.997571
1.000000
0.027072
0.642754
0.580854
0.685768
0.652807
1.000000
0.026429
0.116248
0.959545
0.159789
0.999085
1.000000
0.026135
0.343333
0.359438
0.676017
0.881692
1.000000
0.025416
0.323728
0.361807
0.362007
0.414146
1.000000
0.025143
0.918850
0.617969
1.000960
0.756761
1.000000
0.025082
0.384211
0.382942
0.436377
0.451703
1.000000
0.024799
0.749124
0.756429
1.010592
1.021743
1.000000
0.024596
0.510753
0.412547
0.556082
0.488517
1.000000
0.023460
0.413135
0.457686
0.549836
0.678153
1.000000
0.023409
0.845683
0.552466
1.001717
0.841891
1.000000
0.023011
0.662777
0.948655
0.709565
0.998404
1.000000
0.022809
0.012977
0.950206
0.058667
0.996493
1.000000
0.022680
0.447489
0.373404
0.556971
0.551046
1.000000
0.022580
0.594176
0.911641
0.639129
0.970743
1.000000
0.022296
0.316110
0.321800
0.420672
0.452568
1.000000
0.022166
0.384740
0.449973
0.435054
0.517241
1.000000
0.022100
0.000899
0.767909
0.258512
1.009874
1.000000
0.021686
0.807768
0.610170
0.932821
0.767576
1.000000
0.020847
0.064072
0.959006
0.107191
0.998942
1.000000
0.020705
0.632989
0.748811
0.744624
0.892677
1.000000
0.020598
0.627467
0.592335
0.729566
0.725150
1.000000
0.020594
0.364161
0.605571
0.413389
0.675017
1.000000
0.020418
0.320831
0.553070
0.363040
0.607703
1.000000
0.020238
0.091577
0.960219
0.136322
1.001009
1.000000
0.020142
0.090869
0.928043
0.183214
1.010162
1.000000
0.019871
0.956976
0.648080
0.998404
0.722756
1.000000
0.019658
0.615876
0.949882
0.661922
0.998783
1.000000
0.019653
0.964475
0.951716
0.998979
0.997720
1.000000
0.019380
0.796816
0.530913
0.830155
0.585624
1.000000
0.019240
0.660690
0.688213
0.769209
0.824081
1.000000
0.019214
0.682405
0.909176
0.732863
0.974092
1.000000
0.019208
0.961821
0.714674
1.001425
0.784659
1.000000
0.019058
0.279953
0.471291
0.380640
0.607767
1.000000
0.019009
0.461995
0.381548
0.513048
0.459895
1.000000
0.018925
0.407240
0.414006
0.462084
0.489939
1.000000
0.018785
0.540707
0.815175
0.726991
1.006911
1.000000
0.018631
0.507364
0.859607
0.548044
0.930225
1.000000
0.018372
0.539710
0.955835
0.580374
1.001971
1.000000
0.018363
0.572689
0.918892
0.615072
0.976621
1.000000
0.018042
0.667289
0.552693
0.765084
0.683964
1.000000
0.018026
0.888919
0.948975
0.936493
0.996779
1.000000
0.017884
0.372819
0.306628
0.490942
0.456225
1.000000
0.017880
0.342921
0.337845
0.385297
0.394318
1.000000
0.017872
0.704758
0.739574
0.813055
0.874619
1.000000
0.017803
0.931719
0.709242
1.007285
0.837477
1.000000
0.017491
0.531844
0.534665
0.641130
0.700903
1.000000
0.017472
0.497455
0.899991
0.539543
0.968441
1.000000
0.017448
0.436482
0.443675
0.486828
0.516197
1.000000
0.017344
0.265503
0.578813
0.367475
0.717751
1.000000
0.017263
0.663062
0.890345
0.710386
0.950823
1.000000
0.017115
0.695186
0.595239
0.800756
0.733911
1.000000
0.017053
0.410128
0.354085
0.459761
0.422914
1.000000
0.016961
0.711993
0.952911
0.757617
0.999524
1.000000
0.016906
0.547874
0.907438
0.636670
1.006260
1.000000
0.016899
0.407803
0.476667
0.460772
0.546945
1.000000
0.016883
0.776217
0.525773
0.868151
0.663674
1.000000
0.016846
0.764268
0.956090
0.807510
0.999960
1.000000
0.016761
0.963032
0.787180
1.000084
0.845978
1.000000
0.016573
0.306730
0.428717
0.348412
0.483154
1.000000
0.016483
0.147190
0.926008
0.229150
1.006679
1.000000
0.016472
0.505804
0.872624
0.596260
0.994562
1.000000
0.016461
0.566871
0.954886
0.607144
1.000563
1.000000
0.016394
0.515005
0.949348
0.554350
0.996777
1.000000
0.016267
0.924986
0.884511
1.000242
0.994969
1.000000
0.016129
0.638820
0.540116
0.844330
0.810273
1.000000
0.016073
0.592678
0.950794
0.636994
0.999382
1.000000
0.016065
0.910987
0.924624
0.958178
0.982167
1.000000
0.015906
0.221568
0.692460
0.650019
1.031496
1.000000
0.015823
0.466917
0.759840
0.563094
0.916477
1.000000
0.015755
0.473580
0.582973
0.587086
0.746451
1.000000
0.015528
0.526653
0.403168
0.620601
0.567255
1.000000
0.015458
0.490812
0.387186
0.542688
0.463676
1.000000
0.015447
0.722697
0.588511
0.761449
0.649421
1.000000
0.015434
0.345256
0.575589
0.396575
0.645117
1.000000
0.015336
0.638480
0.521868
0.676781
0.587394
1.000000
0.015315
0.003717
0.926358
0.039391
0.984288
1.000000
0.015287
0.530854
0.743247
0.639566
0.891652
1.000000
0.015242
0.489029
0.713393
0.537164
0.775914
1.000000
0.015224
0.738699
0.752881
0.784959
0.812189
1.000000
0.015211
0.963680
0.820947
0.999912
0.878128
1.000000
0.015203
0.223276
0.648904
0.319946
0.788534
1.000000
0.015025
0.262525
0.706408
0.369212
0.852540
1.000000
0.014996
0.649358
0.812181
0.849995
1.018855
1.000000
0.014988
0.298561
0.488232
0.338190
0.537159
1.000000
0.014842
0.862218
0.884187
0.963651
0.995102
1.000000
0.014624
0.864047
0.649654
0.914199
0.719988
1.000000
0.014591
0.407646
0.617545
0.529964
0.776239
1.000000
0.014581
0.906063
0.784350
0.997705
0.924657
1.000000
0.014559
0.642403
0.862184
0.687234
0.921540
1.000000
0.014554
0.717984
0.647602
0.760783
0.708906
1.000000
0.014542
0.812220
0.549149
0.848647
0.609999
1.000000
0.014391
0.490006
0.434858
0.543572
0.517949
1.000000
0.014221
0.767250
0.579454
0.809281
0.649046
1.000000
0.014218
0.704619
0.909016
0.801578
1.005788
1.000000
0.014215
0.615112
0.893618
0.661501
0.952115
1.000000
0.014212
0.638817
0.639015
0.683631
0.705904
1.000000
0.013990
0.905861
0.520633
0.995769
0.686284
1.000000
0.013985
0.815363
0.954908
0.859229
0.999034
1.000000
0.013966
0.595076
0.580351
0.643069
0.650541
1.000000
0.013938
0.226517
0.303984
0.413879
0.582718
1.000000
0.013937
0.386810
0.326266
0.435558
0.393421
1.000000
0.013912
0.840527
0.654379
0.886925
0.718957
1.000000
0.013899
0.437793
0.350751
0.488959
0.424001
1.000000
0.013868
0.380942
0.515069
0.430933
0.586131
1.000000
0.013845
0.318240
0.589819
0.428618
0.749357
1.000000
0.013830
0.054795
0.640566
0.161698
0.774120
1.000000
0.013821
0.594417
0.864708
0.635456
0.919372
1.000000
0.013795
0.910756
0.618905
0.959731
0.693609
1.000000
0.013795
0.728175
0.545622
0.825970
0.681238
1.000000
0.013794
0.908480
0.713330
0.961944
0.781708
1.000000
0.013763
0.319114
0.584312
0.362722
0.643947
1.000000
0.013679
0.776179
0.528383
0.809108
0.585030
1.000000
0.013660
0.574069
0.458315
0.668564
0.620130
1.000000
0.013608
0.966144
0.548390
0.999359
0.616034
1.000000
0.013602
0.318552
0.620466
0.362071
0.677931
1.000000
0.013562
0.731316
0.674188
0.845876
0.811602
1.000000
0.013547
0.721315
0.557415
0.756886
0.615623
1.000000
0.013515
0.430490
0.698768
0.537826
0.848728
1.000000
0.013427
0.693809
0.647833
0.736504
0.708484
1.000000
0.013409
0.406345
0.799152
0.563561
1.015410
1.000000
0.013338
0.834884
0.698690
0.947693
0.829543
1.000000
0.013245
0.534697
0.919129
0.576484
0.977640
1.000000
0.013084
0.591418
0.679784
0.812350
0.953228
1.000000
0.013042
0.643270
0.789683
0.684842
0.844066
1.000000
0.013015
0.499602
0.662241
0.607323
0.810385
1.000000
0.012974
0.690627
0.721833
0.735882
0.779975
1.000000
0.012950
0.888515
0.642502
0.945194
0.719913
1.000000
0.012803
0.566337
0.858053
0.606613
0.914462
1.000000
0.012734
0.471793
0.955578
0.508299
0.998035
1.000000
0.012676
0.513113
0.474648
0.555992
0.548212
1.000000
0.012676
0.001873
0.890029
0.077989
0.988312
1.000000
0.012652
0.840727
0.525359
0.940052
0.682137
1.000000
0.012616
0.641505
0.715660
0.684552
0.772448
1.000000
0.012469
0.617611
0.860681
0.660864
0.919936
1.000000
0.012458
0.666045
0.823216
0.709006
0.878459
1.000000
0.012449
0.811325
0.579782
0.851980
0.646542
1.000000
0.012425
0.890671
0.584650
0.936728
0.657109
1.000000
0.012412
0.719785
0.524881
0.753785
0.582617
1.000000
0.012386
0.191142
0.474452
0.384308
0.741893
1.000000
0.012379
0.318013
0.292398
0.355736
0.344636
1.000000
0.012379
0.792984
0.886839
0.894364
0.999658
1.000000
0.012363
0.379991
0.569538
0.432917
0.646613
1.000000
0.012317
0.003269
0.697377
0.077612
0.822722
1.000000
0.012295
0.967476
0.484053
0.998365
0.547413
1.000000
0.012276
0.521305
0.368586
0.707948
0.670102
1.000000
0.012239
0.661442
0.562994
0.696985
0.624340
1.000000
0.012222
0.666157
0.787795
0.710238
0.845288
1.000000
0.012183
0.618088
0.788223
0.660062
0.844179
1.000000
0.012177
0.463814
0.322390
0.511496
0.394673
1.000000
0.012150
0.640634
0.493825
0.675279
0.549243
1.000000
0.012144
0.487420
0.352539
0.534589
0.423919
1.000000
0.012139
0.689771
0.785586
0.734599
0.842189
1.000000
0.012109
0.742380
0.825963
0.788502
0.880559
1.000000
0.012100
0.098282
0.680715
0.205643
0.823502
1.000000
0.012084
0.618600
0.822707
0.660851
0.879754
1.000000
0.012050
0.867370
0.584754
0.910538
0.653030
1.000000
0.012046
0.686145
0.863977
0.732201
0.922724
1.000000
0.012029
0.211042
0.955612
0.256463
0.999939
1.000000
0.012010
0.746357
0.585297
0.787529
0.650547
1.000000
0.012002
0.437962
0.714279
0.489313
0.782610
1.000000
0.012002
0.619468
0.549802
0.663238
0.624915
1.000000
0.011938
0.665374
0.719687
0.709037
0.776835
1.000000
0.011888
0.537575
0.582234
0.586172
0.655615
1.000000
0.011855
0.365189
0.291674
0.408423
0.349407
1.000000
0.011855
0.165258
0.679713
0.259377
0.818055
1.000000
0.011854
0.366482
0.645137
0.414374
0.714141
1.000000
0.011814
0.242909
0.627850
0.284007
0.681797
1.000000
0.011799
0.434662
0.645242
0.490598
0.719053
1.000000
0.011768
0.715938
0.782528
0.760011
0.838630
1.000000
0.011758
0.298740
0.330972
0.335459
0.381246
1.000000
0.011702
0.690986
0.752029
0.738808
0.814041
1.000000
0.011652
0.514867
0.750678
0.558079
0.812906
1.000000
0.011649
0.460844
0.475300
0.513345
0.551115
1.000000
0.011627
0.860192
0.712190
0.914944
0.779632
1.000000
0.011622
0.558629
0.672397
0.671122
0.812961
1.000000
0.011617
0.693197
0.590041
0.731474
0.647374
1.000000
0.011609
0.003137
0.584651
0.036100
0.647262
1.000000
0.011604
0.402907
0.544577
0.461826
0.623505
1.000000
0.011565
-0.009878
0.652993
0.139389
0.872001
1.000000
0.011541
0.491043
0.579132
0.540018
0.653232
1.000000
0.011532
0.476495
0.917923
0.514010
0.974098
1.000000
0.011485
0.911970
0.787949
0.960680
0.840505
1.000000
0.011482
0.716764
0.723297
0.760818
0.781910
1.000000
0.011470
-0.001796
0.548338
0.061099
0.670386
1.000000
0.011446
0.408633
0.608518
0.463708
0.684187
1.000000
0.011436
0.302885
0.362143
0.339837
0.412720
1.000000
0.011433
0.791169
0.955717
0.834926
1.000480
1.000000
0.011431
0.844868
0.584266
0.885359
0.647192
1.000000
0.011430
0.643345
0.824770
0.686250
0.880003
1.000000
0.011428
0.290733
0.622245
0.336047
0.682570
1.000000
0.011420
0.719223
0.684843
0.761521
0.743399
1.000000
0.011386
0.817496
0.652022
0.860551
0.714276
1.000000
0.011332
0.534117
0.638549
0.584917
0.714279
1.000000
0.011327
0.491786
0.510087
0.538620
0.581556
1.000000
0.011213
0.034395
0.922439
0.131329
1.006714
1.000000
0.011209
0.868641
0.554822
0.907256
0.615203
1.000000
0.011201
0.244903
0.325855
0.281569
0.378119
1.000000
0.011117
0.002803
0.652944
0.036345
0.714183
1.000000
0.011112
0.297891
0.516510
0.338921
0.571127
1.000000
0.011086
0.893776
0.554344
0.934173
0.618361
1.000000
0.011068
0.963607
0.854679
0.998909
0.912763
1.000000
0.011041
0.297483
0.555585
0.339587
0.611258
1.000000
0.011004
0.593217
0.648075
0.635357
0.707593
1.000000
0.010989
0.534967
0.858612
0.575700
0.916245
1.000000
0.010920
0.516161
0.791891
0.555918
0.853036
1.000000
0.010914
0.537166
0.714626
0.583512
0.776396
1.000000
0.010881
0.716548
0.823237
0.759926
0.876562
1.000000
0.010846
0.564162
0.451975
0.603954
0.514194
1.000000
0.010842
0.002541
0.719876
0.037710
0.783714
1.000000
0.010820
0.302329
0.393383
0.339884
0.444089
1.000000
0.010812
0.965375
0.890237
0.998184
0.946037
1.000000
0.010800
-0.003366
0.820946
0.069129
0.937296
1.000000
0.010768
0.388340
0.711573
0.438811
0.781261
1.000000
0.010767
0.359792
0.699689
0.475449
0.853653
1.000000
0.010735
0.271262
0.327261
0.306094
0.377094
1.000000
0.010709
0.667508
0.753218
0.711049
0.811871
1.000000
0.010692
0.148543
0.460578
0.180096
0.509067
1.000000
0.010665
0.573433
0.890502
0.611676
0.944375
1.000000
0.010636
0.003173
0.518284
0.035252
0.581535
1.000000
0.010631
0.623928
0.605349
0.667434
0.670863
1.000000
0.010612
0.509334
0.677187
0.558887
0.746983
1.000000
0.010607
0.273189
0.491427
0.308714
0.537695
1.000000
0.010573
0.092539
0.662685
0.129385
0.715595
1.000000
0.010556
0.296657
0.291851
0.335205
0.345528
1.000000
0.010496
0.294120
0.255822
0.333570
0.312794
1.000000
0.010496
0.861649
0.751187
0.915436
0.811811
1.000000
0.010468
0.294661
0.586784
0.336710
0.644984
1.000000
0.010415
0.266289
0.628186
0.308349
0.683010
1.000000
0.010401
0.145669
0.519547
0.180289
0.571840
1.000000
0.010348
0.150781
0.375418
0.230284
0.510066
1.000000
0.010346
0.219208
0.558611
0.317276
0.688918
1.000000
0.010323
0.247983
0.459050
0.282610
0.506295
1.000000
0.010304
0.486233
0.639813
0.543811
0.724949
1.000000
0.010293
0.593217
0.787909
0.635593
0.842292
1.000000
0.010275
0.866990
0.927258
0.914102
0.983737
1.000000
0.010240
0.271143
0.394303
0.306114
0.444924
1.000000
0.010240
0.170601
0.858584
0.207546
0.904501
1.000000
0.010234
0.536188
0.443010
0.579739
0.513014
1.000000
0.010234
0.699711
0.488847
0.792139
0.634463
1.000000
0.010213
0.011512
0.684499
0.056979
0.755227
1.000000
0.010204
0.197919
0.389185
0.230448
0.441417
1.000000
0.010198
0.171444
0.658496
0.208088
0.712092
1.000000
0.010154
0.841984
0.954715
0.886449
0.998515
1.000000
0.010152
0.514775
0.361288
0.555548
0.425727
1.000000
0.010148
0.173142
0.490936
0.204945
0.540067
1.000000
0.010129
0.245649
0.391016
0.281338
0.441823
1.000000
0.010119
0.272993
0.460554
0.308468
0.508683
1.000000
0.010118
0.147377
0.332062
0.178001
0.381772
1.000000
0.010092
0.272577
0.426009
0.307249
0.474423
1.000000
0.010072
0.537640
0.788074
0.580529
0.848398
1.000000
0.010069
0.221630
0.389385
0.253534
0.440081
1.000000
0.010030
0.764722
0.791063
0.807556
0.844328
1.000000
0.010009
0.115677
0.719158
0.155931
0.776876
