1.000000
0.664394
0.388722
0.340333
0.560814
0.555812
1.000000
0.266344
0.263128
0.346969
0.702282
0.867107
1.000000
0.088311
0.361478
0.207573
0.496687
0.403622
1.000000
0.083089
-0.031061
0.672344
0.338246
1.140910
1.000000
0.048880
0.114770
0.526967
0.571296
1.127338
1.000000
0.033202
0.467660
0.296952
0.578502
0.461222
1.000000
0.033093
0.743255
0.748758
1.007046
1.015108
1.000000
0.032967
0.358808
0.263099
0.411915
0.350997
1.000000
0.032074
0.535056
0.409178
0.638167
0.547421
1.000000
0.030511
0.630274
0.503760
0.981030
1.108827
1.000000
0.029476
0.501620
0.615587
0.540994
0.670547
1.000000
0.028774
0.385669
0.467746
0.568226
0.723795
1.000000
0.028234
0.766487
0.459663
0.798371
0.518130
1.000000
0.028116
0.262753
0.945191
0.309344
0.993748
1.000000
0.027198
0.646259
0.545544
0.741834
0.692083
1.000000
0.026239
0.370249
0.469298
0.482693
0.612050
1.000000
0.025571
0.011383
0.944879
0.059914
0.997362
1.000000
0.025364
0.846927
0.535510
0.937674
0.678628
1.000000
0.024485
0.404971
0.160360
0.537781
0.314009
1.000000
0.024065
0.487170
0.319281
0.547906
0.399104
1.000000
0.024009
0.960273
0.921804
0.999125
0.986864
1.000000
0.023151
0.390536
0.512699
0.439703
0.581515
1.000000
0.022963
0.581155
0.556457
0.678978
0.693522
1.000000
0.022918
0.586221
0.436230
0.639572
0.511960
1.000000
0.022804
0.868689
0.547362
0.913763
0.614788
1.000000
0.022352
0.436427
0.503490
0.490827
0.578198
1.000000
0.022261
0.427718
0.437901
0.500379
0.531835
1.000000
0.022036
0.782138
0.545206
0.887792
0.688725
1.000000
0.021704
0.961737
0.581800
0.999165
0.652830
1.000000
0.021335
0.961487
0.651370
0.998758
0.716713
1.000000
0.020983
0.474022
0.555814
0.560032
0.676312
1.000000
0.020950
0.582935
0.476995
0.681433
0.615624
1.000000
0.020870
0.729988
0.434136
0.803793
0.562526
1.000000
0.020695
0.965157
0.521741
0.999029
0.585744
1.000000
0.020464
0.435435
0.546476
0.485429
0.617371
1.000000
0.020147
0.694598
0.531650
0.798479
0.691996
1.000000
0.019845
0.748488
0.475318
0.787478
0.541843
1.000000
0.019792
0.433610
0.314464
0.494512
0.396186
1.000000
0.019755
0.846491
0.551162
0.888657
0.613358
1.000000
0.019707
0.431772
0.385298
0.495550
0.466590
1.000000
0.019529
0.605722
0.411461
0.703553
0.547153
1.000000
0.019291
0.910939
0.577818
0.957320
0.650727
1.000000
0.019256
0.765766
0.452675
0.850649
0.586291
1.000000
0.019224
0.501801
0.359321
0.700839
0.617442
1.000000
0.019147
0.401223
0.236646
0.463837
0.324364
1.000000
0.019135
0.646308
0.685346
0.730641
0.819593
1.000000
0.019092
0.932102
0.548310
1.002334
0.687068
1.000000
0.018908
0.611839
0.626497
0.655210
0.681354
1.000000
0.018816
0.094000
-0.050233
0.528192
0.663991
1.000000
0.018729
0.674668
0.478940
0.770875
0.622126
1.000000
0.018723
0.668080
0.512978
0.711279
0.578232
1.000000
0.018656
0.818533
0.519387
0.859006
0.581198
1.000000
0.018506
0.240318
0.857385
0.279352
0.907497
1.000000
0.018288
0.503083
0.513127
0.608881
0.655370
1.000000
0.018231
0.386432
0.345344
0.439321
0.425376
1.000000
0.018193
0.212987
0.855511
0.255188
0.909786
1.000000
0.017964
0.324989
0.505466
0.429983
0.648851
1.000000
0.017916
0.362619
0.216308
0.415104
0.304677
1.000000
0.017822
0.670052
0.654329
0.710176
0.709695
1.000000
0.017766
0.191694
0.951835
0.236416
0.998892
1.000000
0.017675
0.668623
0.688981
0.706971
0.742630
1.000000
0.017661
0.670782
0.724456
0.708645
0.775865
1.000000
0.017652
0.727701
0.440854
0.914078
0.721130
1.000000
0.017650
0.636834
0.624129
0.680009
0.681133
1.000000
0.017617
0.963482
0.786020
0.998443
0.842959
1.000000
0.017547
0.565417
0.419280
0.618573
0.492077
1.000000
0.017400
0.357438
0.326195
0.464616
0.486869
1.000000
0.017388
0.504275
0.369387
0.562670
0.452292
1.000000
0.017368
0.371345
0.384981
0.416332
0.448636
1.000000
0.017345
0.326548
0.422157
0.428359
0.571454
1.000000
0.017302
0.821298
0.488078
0.857086
0.544289
1.000000
0.017212
0.527933
0.345803
0.578865
0.420304
1.000000
0.017076
0.612918
0.478619
0.659700
0.546705
1.000000
0.017048
0.610805
0.640825
0.705388
0.778043
1.000000
0.016816
0.264647
0.201075
0.442092
0.498505
1.000000
0.016762
0.967266
0.488874
0.998823
0.549698
1.000000
0.016649
0.428195
0.178176
0.492262
0.263592
1.000000
0.016535
0.393239
0.414028
0.446841
0.488331
1.000000
0.016471
0.666341
0.583039
0.710559
0.650140
1.000000
0.016430
0.963888
0.718326
0.999995
0.779908
1.000000
0.016423
0.644794
0.688200
0.686348
0.743942
1.000000
0.016008
0.891085
0.530435
0.933865
0.593580
1.000000
0.015975
0.542932
0.609392
0.641217
0.725587
1.000000
0.015945
0.716060
0.512639
0.760325
0.582304
1.000000
0.015942
0.307386
0.257591
0.400840
0.408109
1.000000
0.015932
0.668217
0.621386
0.710436
0.680918
1.000000
0.015853
0.012719
0.886937
0.059362
0.953669
1.000000
0.015813
0.891424
0.611594
0.937440
0.676164
1.000000
0.015781
0.641198
0.512677
0.684744
0.575415
1.000000
0.015717
0.742278
0.508303
0.783642
0.576639
1.000000
0.015716
0.456435
0.346942
0.520578
0.429238
1.000000
0.015709
0.244559
0.756825
0.283123
0.808931
1.000000
0.015624
0.844775
0.488780
0.881248
0.546164
1.000000
0.015589
0.410600
0.150503
0.461676
0.224213
1.000000
0.015589
0.065857
0.950018
0.111343
0.998632
1.000000
0.015534
0.214632
0.926151
0.256750
0.982045
1.000000
0.015531
0.846788
0.457573
0.932008
0.604742
1.000000
0.015525
0.714179
0.956675
0.754950
0.997112
1.000000
0.015462
0.384550
0.180966
0.445200
0.270988
1.000000
0.015405
0.936459
0.641844
1.004045
0.771583
1.000000
0.015287
0.731025
0.600666
0.841943
0.747451
1.000000
0.015246
0.668303
0.953782
0.708577
0.995075
1.000000
0.015242
0.692205
0.513982
0.735873
0.581241
1.000000
0.015232
0.640263
0.586830
0.684820
0.652854
1.000000
0.015206
0.471583
0.586970
0.512303
0.646672
1.000000
0.015196
0.918097
0.657419
0.958571
0.713219
1.000000
0.015191
0.579240
0.487866
0.771605
0.774629
1.000000
0.015163
0.219571
0.758895
0.256882
0.810022
1.000000
0.015055
0.765778
0.509633
0.805055
0.575045
1.000000
0.015046
0.868661
0.490705
0.905894
0.548765
1.000000
0.015022
0.105385
0.868485
0.210996
0.993044
1.000000
0.014978
0.483413
0.240424
0.543453
0.319196
1.000000
0.014875
0.917621
0.704955
0.994275
0.839970
1.000000
0.014799
0.693826
0.651786
0.734382
0.708045
1.000000
0.014789
0.965554
0.820776
0.999107
0.876108
1.000000
0.014762
0.453652
0.275742
0.517142
0.362041
1.000000
0.014721
0.274483
0.552764
0.368345
0.691028
1.000000
0.014702
0.263041
0.895937
0.303437
0.952705
1.000000
0.014575
0.005396
0.899428
0.095588
0.997883
1.000000
0.014558
0.669101
0.790650
0.706085
0.840557
1.000000
0.014521
0.218239
0.794067
0.256907
0.847124
1.000000
0.014467
0.796008
0.518711
0.834166
0.577273
1.000000
0.014371
0.672128
0.758888
0.709291
0.810099
1.000000
0.014368
0.332931
0.172055
0.436262
0.336118
1.000000
0.014361
0.208576
0.803134
0.297335
0.927840
1.000000
0.014346
0.242737
0.794843
0.280799
0.845073
1.000000
0.014310
0.343572
0.520227
0.389715
0.584442
1.000000
0.014212
0.139192
0.950105
0.184184
0.999076
1.000000
0.014164
0.509539
0.286245
0.560951
0.362815
1.000000
0.014138
0.570352
0.626796
0.612865
0.680002
1.000000
0.014119
0.772181
0.436202
0.801683
0.489164
1.000000
0.014076
0.172465
0.459660
0.202866
0.507427
1.000000
0.014054
0.963806
0.854327
0.999819
0.913892
1.000000
0.014042
0.451826
0.204646
0.518112
0.289634
1.000000
0.014016
0.912217
0.879142
0.997793
0.997673
1.000000
0.013994
0.695481
0.684490
0.784687
0.816819
1.000000
0.013985
0.867155
0.614134
0.910872
0.677377
1.000000
0.013936
0.815026
0.583379
0.859624
0.645517
1.000000
0.013927
0.263272
0.860637
0.304002
0.912365
1.000000
0.013819
0.359741
0.557972
0.468654
0.711003
1.000000
0.013813
0.323061
0.317785
0.360393
0.375260
1.000000
0.013758
0.078432
0.732973
0.265654
0.977160
1.000000
0.013745
0.694445
0.724975
0.734179
0.777090
1.000000
0.013701
0.190747
0.885321
0.236721
0.949731
1.000000
0.013684
0.172948
0.640617
0.351109
0.935604
1.000000
0.013676
0.894715
0.492736
0.931159
0.549917
1.000000
0.013641
0.722188
0.456974
0.758941
0.521109
1.000000
0.013630
0.691299
0.956643
0.733000
0.997476
1.000000
0.013577
0.526531
0.250119
0.624875
0.409376
1.000000
0.013559
0.165957
0.953230
0.207894
0.998653
1.000000
0.013553
0.613090
0.545750
0.660359
0.617392
1.000000
0.013491
0.273597
0.491486
0.305608
0.539885
1.000000
0.013479
0.267112
0.753351
0.306042
0.809051
1.000000
0.013405
0.222390
0.459321
0.254529
0.509386
1.000000
0.013388
0.295741
0.527191
0.331531
0.580545
1.000000
0.013383
0.274949
0.526676
0.307625
0.576778
1.000000
0.013235
0.170615
0.597634
0.204735
0.648504
1.000000
0.013187
0.933945
0.459740
1.002532
0.598507
1.000000
0.013176
0.915413
0.492747
0.950597
0.548690
1.000000
0.013170
0.790222
0.460534
0.824834
0.514601
1.000000
0.013170
0.221282
0.696017
0.307228
0.829886
1.000000
0.013167
0.592500
0.644585
0.635509
0.698214
1.000000
0.013086
0.940345
0.755822
0.987774
0.818247
1.000000
0.013061
0.325382
0.255333
0.364599
0.316607
1.000000
0.013057
0.196099
0.459954
0.227847
0.509186
1.000000
0.013012
0.538534
0.445862
0.590201
0.515089
1.000000
0.013009
0.160088
0.760312
0.255736
0.903578
1.000000
0.013003
0.266568
0.680205
0.353075
0.818025
1.000000
0.012984
0.265574
0.788980
0.305740
0.841764
1.000000
0.012921
0.891932
0.659536
0.936441
0.714536
1.000000
0.012909
0.147192
0.461195
0.178068
0.508511
1.000000
0.012894
0.646216
0.719435
0.686057
0.770732
1.000000
0.012855
0.794236
0.395599
0.878327
0.529373
1.000000
0.012850
0.792960
0.486833
0.829219
0.543990
1.000000
0.012803
0.715726
0.723627
0.758731
0.776694
1.000000
0.012756
0.503299
0.447316
0.556776
0.522718
1.000000
0.012754
0.637386
0.448170
0.681236
0.516539
1.000000
0.012751
0.693067
0.582337
0.737324
0.651870
1.000000
0.012730
0.039556
0.951102
0.086241
1.000342
1.000000
0.012600
0.613114
0.589080
0.659486
0.656356
1.000000
0.012595
0.223322
0.491074
0.255437
0.538408
1.000000
0.012584
0.716143
0.689109
0.758846
0.745334
1.000000
0.012552
0.135122
0.887813
0.180397
0.955010
1.000000
0.012540
0.276120
0.457141
0.368329
0.587572
1.000000
0.012480
0.272902
0.459290
0.305459
0.510372
1.000000
0.012368
0.194037
0.726735
0.232169
0.778195
1.000000
0.012334
0.274043
0.562000
0.306902
0.611741
1.000000
0.012303
0.474501
0.472392
0.539018
0.549986
1.000000
0.012292
0.864694
0.601663
0.962259
0.749733
1.000000
0.012283
0.193612
0.757619
0.234145
0.811299
1.000000
0.012238
0.556293
0.320381
0.657698
0.481394
1.000000
0.012195
0.866022
0.960765
0.906006
0.998091
1.000000
0.012152
0.114754
0.910267
0.165994
0.982650
1.000000
0.012139
0.345604
0.305265
0.391053
0.375104
1.000000
0.012068
0.262991
0.826715
0.303841
0.881186
1.000000
0.011994
0.246668
0.459249
0.280520
0.512181
1.000000
0.011972
0.292319
0.588073
0.329447
0.646262
1.000000
0.011947
0.246297
0.489273
0.280610
0.540491
1.000000
0.011945
0.479673
0.183514
0.538797
0.261416
1.000000
0.011935
0.415801
0.573502
0.459084
0.637995
1.000000
0.011916
0.671401
0.385103
0.759649
0.533941
1.000000
0.011906
0.567219
0.593977
0.610723
0.653443
1.000000
0.011903
0.238729
0.757866
0.324678
0.888897
1.000000
0.011893
0.740722
0.548912
0.783659
0.615137
1.000000
0.011879
0.219021
0.728445
0.256670
0.780482
1.000000
0.011868
0.167337
0.859158
0.210646
0.914287
1.000000
0.011839
0.559737
0.352062
0.604782
0.418529
1.000000
0.011817
0.288037
0.722977
0.327435
0.778823
1.000000
0.011814
0.295799
0.330482
0.389484
0.482209
1.000000
0.011785
0.719948
0.423195
0.753447
0.482411
1.000000
0.011780
0.562368
0.476252
0.614364
0.545875
1.000000
0.011755
0.888383
0.958765
0.931818
0.999267
1.000000
0.011745
0.219768
0.407666
0.304681
0.542895
1.000000
0.011731
0.618768
0.722749
0.655243
0.770255
1.000000
0.011720
0.842605
0.618011
0.887269
0.681148
1.000000
0.011689
0.816731
0.961029
0.856671
0.998159
1.000000
0.011667
0.891875
0.494063
0.977515
0.647683
1.000000
0.011657
0.694303
0.687795
0.734846
0.743330
1.000000
0.011625
0.148214
0.596621
0.180794
0.645932
1.000000
0.011593
0.173684
0.490312
0.204585
0.535826
1.000000
0.011567
0.916362
0.957133
0.959430
0.998712
1.000000
0.011564
0.663270
0.756440
0.753614
0.884591
1.000000
0.011548
0.192686
0.831711
0.238056
0.889391
1.000000
0.011530
0.935780
0.790258
1.004011
0.910283
1.000000
0.011509
0.477769
0.619053
0.516716
0.672809
1.000000
0.011478
0.067006
0.890641
0.108829
0.951809
1.000000
0.011451
0.247382
0.565034
0.280486
0.614587
1.000000
0.011433
0.344402
0.654028
0.382650
0.709498
1.000000
0.011360
0.251420
0.611582
0.335686
0.750813
1.000000
0.011342
0.372063
0.453167
0.415239
0.515098
1.000000
0.011342
0.663802
0.452647
0.705310
0.520463
1.000000
0.011337
0.222362
0.888133
0.311053
0.991120
1.000000
0.011298
0.158443
0.603779
0.251310
0.746584
1.000000
0.011252
0.294197
0.554870
0.332927
0.612296
1.000000
0.011214
0.648641
0.792978
0.685784
0.840869
1.000000
0.011214
0.617401
0.685199
0.657067
0.738925
1.000000
0.011193
0.318897
0.551289
0.362252
0.611733
1.000000
0.011183
0.295613
0.491203
0.331623
0.543341
1.000000
0.011150
0.566182
0.670801
0.664641
0.802693
1.000000
0.011083
0.866121
0.657467
0.910299
0.712679
1.000000
0.011077
0.968410
0.419729
0.998732
0.480334
1.000000
0.011056
0.670054
0.822594
0.706209
0.870756
1.000000
0.011001
0.002273
0.857973
0.037568
0.916033
1.000000
0.010996
0.172338
0.405079
0.257108
0.536082
1.000000
0.010971
0.765710
0.962273
0.805754
0.999944
1.000000
0.010901
0.790750
0.584475
0.835096
0.646586
1.000000
0.010857
0.088776
0.915246
0.136834
0.983602
1.000000
0.010852
0.371650
0.490125
0.415846
0.551411
1.000000
0.010819
0.315544
0.599777
0.415497
0.750114
1.000000
0.010807
0.766752
0.550744
0.807937
0.613994
1.000000
0.010750
0.117472
0.864953
0.161583
0.920975
1.000000
0.010743
0.505270
0.215331
0.556571
0.285596
1.000000
0.010741
0.964197
0.888733
0.999201
0.948632
1.000000
0.010719
0.754007
0.435287
0.786039
0.491428
1.000000
0.010690
0.738299
0.656882
0.783889
0.715346
1.000000
0.010690
0.817932
0.427279
0.851452
0.479630
1.000000
0.010621
0.446310
0.619298
0.486255
0.674768
1.000000
0.010576
0.192904
0.594669
0.226298
0.647294
1.000000
0.010573
0.711152
0.615634
0.756858
0.682188
1.000000
0.010559
0.193853
0.792725
0.234523
0.845405
1.000000
0.010549
0.247406
0.524902
0.280781
0.576047
1.000000
0.010544
0.323905
0.223239
0.360490
0.284426
1.000000
0.010496
0.696246
0.454888
0.735525
0.518659
1.000000
0.010491
0.814635
0.618036
0.859678
0.679944
1.000000
0.010488
0.062533
0.799794
0.172757
0.939762
1.000000
0.010455
0.515717
0.643729
0.550825
0.692308
1.000000
0.010453
0.294438
0.456892
0.331383
0.511343
1.000000
0.010438
0.066834
0.864115
0.107025
0.916870
1.000000
0.010408
0.840498
0.959128
0.882856
0.997980
1.000000
0.010379
0.816370
0.643780
0.920980
0.783678
1.000000
0.010370
0.393440
0.654508
0.430948
0.708031
1.000000
0.010364
0.645844
0.368221
0.831218
0.664547
1.000000
0.010336
0.164006
0.898457
0.252298
1.002834
1.000000
0.010325
0.536973
0.513578
0.584350
0.577507
1.000000
0.010308
0.616347
0.790280
0.710269
0.928094
1.000000
0.010274
0.543947
0.655497
0.580668
0.702102
1.000000
0.010187
0.292243
0.652369
0.331135
0.712323
1.000000
0.010171
0.366541
0.542781
0.414736
0.609704
1.000000
0.010168
0.222900
0.523318
0.254878
0.572257
1.000000
0.010166
0.793655
0.427458
0.825263
0.477910
1.000000
0.010152
0.322067
0.352161
0.358772
0.408166
1.000000
0.010129
0.457528
0.153231
0.509177
0.224016
1.000000
0.010119
0.509867
0.510892
0.555571
0.574559
1.000000
0.010106
0.620012
0.760974
0.655368
0.807274
1.000000
0.010085
0.196591
0.491025
0.229051
0.539021
1.000000
0.010079
0.715556
0.751671
0.759771
0.807837
1.000000
0.010071
0.765404
0.654367
0.809850
0.711963
1.000000
0.010069
0.142619
0.829976
0.181420
0.882594
1.000000
0.010045
0.204347
0.807892
0.391906
1.028786
1.000000
0.010041
0.272400
0.588807
0.306832
0.643413
1.000000
0.010005
-0.002659
0.759172
0.068942
0.875393
1.000000
0.010004
0.915295
0.717984
0.957559
0.772300
1.000000
0.010000
0.001536
0.819602
0.036683
0.878434
