1.000000
0.795465
0.480454
0.374669
0.656191
0.693154
1.000000
0.050105
0.311430
0.351264
0.652812
0.912592
1.000000
0.036832
0.258325
0.661794
0.456883
0.958635
1.000000
0.036018
0.456813
0.528966
0.579755
0.722671
1.000000
0.032693
0.763796
0.747484
1.015825
1.026944
1.000000
0.032081
0.417050
0.593429
0.531265
0.753552
1.000000
0.030136
0.462575
0.348676
0.583923
0.535313
1.000000
0.027456
0.584850
0.404889
0.687110
0.582339
1.000000
0.026674
0.547523
0.853824
0.580072
0.913142
1.000000
0.026174
0.920700
0.622734
1.000799
0.760421
1.000000
0.025651
0.605202
0.527348
0.694295
0.684530
1.000000
0.025154
0.513734
0.799052
0.593108
0.939255
1.000000
0.025136
0.354262
0.656045
0.466035
0.821913
1.000000
0.024790
0.433190
0.396117
0.521469
0.564572
1.000000
0.024684
0.462326
0.413235
0.505899
0.486005
1.000000
0.023440
0.584768
0.381710
0.640665
0.463956
1.000000
0.022726
0.462291
0.580825
0.513443
0.655306
1.000000
0.022707
0.441031
0.637819
0.488777
0.713409
1.000000
0.022661
0.163280
0.957585
0.205781
0.997985
1.000000
0.022550
0.853834
0.565695
1.001627
0.843841
1.000000
0.022521
0.700310
0.426645
0.993829
0.976118
1.000000
0.022507
0.488554
0.348400
0.538753
0.428467
1.000000
0.022236
0.606383
0.410649
0.660176
0.497798
1.000000
0.022201
0.638997
0.585606
0.680880
0.653124
1.000000
0.021352
0.377832
0.332552
0.565205
0.655091
1.000000
0.020583
0.509389
0.377215
0.562873
0.458134
1.000000
0.020487
0.636291
0.744908
0.742556
0.888577
1.000000
0.020458
0.667186
0.908608
0.711112
0.971436
1.000000
0.020016
0.611819
0.472541
0.659741
0.555118
1.000000
0.019679
0.139219
0.957532
0.182442
0.998153
1.000000
0.019631
0.485512
0.633253
0.544085
0.717930
1.000000
0.019627
0.632561
0.446389
0.679780
0.525434
1.000000
0.019321
0.418269
0.648191
0.462252
0.716420
1.000000
0.019301
0.640901
0.909043
0.684539
0.971906
1.000000
0.019297
0.569526
0.955904
0.604710
0.997783
1.000000
0.019292
0.666567
0.542398
0.766526
0.695169
1.000000
0.019265
0.619431
0.912344
0.661218
0.974348
1.000000
0.019262
0.468966
0.351239
0.510857
0.421452
1.000000
0.019184
0.586067
0.439986
0.645037
0.530899
1.000000
0.019037
0.512554
0.674890
0.564463
0.751342
1.000000
0.018992
0.956474
0.648024
0.998118
0.723730
1.000000
0.018908
0.666015
0.951397
0.707957
0.999261
1.000000
0.018346
0.540285
0.327500
0.667208
0.509818
1.000000
0.018335
0.636566
0.506827
0.678993
0.581083
1.000000
0.018252
0.963181
0.950576
0.999972
0.998529
1.000000
0.018047
0.562081
0.409261
0.617379
0.494820
1.000000
0.017985
0.637085
0.869248
0.732951
0.982684
1.000000
0.017981
0.069016
0.682254
0.184445
0.826826
1.000000
0.017961
0.458414
0.643612
0.571137
0.807046
1.000000
0.017734
0.643127
0.952657
0.685333
1.000107
1.000000
0.017698
0.515227
0.566577
0.634210
0.746435
1.000000
0.017614
0.630835
0.596157
0.727933
0.737152
1.000000
0.017263
0.448486
0.442277
0.486974
0.511114
1.000000
0.017208
0.142792
0.921584
0.226002
1.005874
1.000000
0.017189
0.813132
0.609769
0.933162
0.768489
1.000000
0.016797
0.535737
0.571132
0.588056
0.649772
1.000000
0.016785
0.540648
0.446040
0.591306
0.523633
1.000000
0.016785
0.592142
0.917422
0.632751
0.976619
1.000000
0.016739
0.932073
0.704773
1.008346
0.834158
1.000000
0.016736
0.393104
0.652610
0.437111
0.720763
1.000000
0.016640
0.565726
0.912511
0.601746
0.968443
1.000000
0.016576
0.765505
0.920567
0.808819
0.979245
1.000000
0.016315
0.171479
0.854549
0.206315
0.899925
1.000000
0.016296
0.462690
0.712213
0.508553
0.778849
1.000000
0.016279
0.659422
0.689618
0.762050
0.825562
1.000000
0.016230
0.961764
0.713803
1.001745
0.785881
1.000000
0.016220
0.531379
0.638250
0.586344
0.719733
1.000000
0.016197
0.923950
0.881004
1.001685
0.996986
1.000000
0.016194
0.535831
0.350451
0.589616
0.429806
1.000000
0.016073
0.592242
0.954117
0.632048
1.000390
1.000000
0.015928
0.373737
0.555434
0.467100
0.703000
1.000000
0.015913
0.004397
0.760006
0.257287
1.007171
1.000000
0.015896
0.545348
0.906732
0.580529
0.962956
1.000000
0.015857
0.509614
0.332014
0.837047
0.827067
1.000000
0.015831
0.617929
0.952831
0.657379
0.999127
1.000000
0.015724
0.520884
0.957692
0.555271
0.997887
1.000000
0.015659
0.422906
0.620116
0.463629
0.679712
1.000000
0.015561
0.143927
0.787410
0.182867
0.839216
1.000000
0.015412
0.243888
0.717284
0.337432
0.851973
1.000000
0.015287
0.623450
0.888659
0.659077
0.940542
1.000000
0.015266
0.687921
0.889610
0.727530
0.946181
1.000000
0.015213
0.368092
0.715044
0.415297
0.788749
1.000000
0.015204
0.403729
0.458229
0.494414
0.620385
1.000000
0.015163
0.535729
0.714203
0.580391
0.776373
1.000000
0.015114
0.966325
0.583486
1.001197
0.652429
1.000000
0.015039
0.715407
0.954294
0.756946
1.000178
1.000000
0.015029
0.448486
0.397211
0.487312
0.460258
1.000000
0.014991
0.484490
0.408718
0.534945
0.489118
1.000000
0.014978
0.814630
0.951105
0.859885
0.997718
1.000000
0.014970
0.650116
0.438909
0.754338
0.599454
1.000000
0.014823
0.602170
0.812605
0.793797
1.014204
1.000000
0.014767
0.212697
0.772000
0.309176
0.917643
1.000000
0.014762
0.562218
0.878647
0.594721
0.930277
1.000000
0.014687
0.562869
0.717776
0.605223
0.778134
1.000000
0.014651
0.524304
0.918326
0.558487
0.969515
1.000000
0.014635
0.423054
0.553638
0.459686
0.610377
1.000000
0.014626
0.421806
0.648276
0.616898
0.957766
1.000000
0.014622
0.643907
0.864658
0.684010
0.919778
1.000000
0.014591
0.741809
0.951394
0.787839
0.999864
1.000000
0.014545
0.469814
0.738749
0.568450
0.891359
1.000000
0.014477
0.078552
-0.190404
0.650353
0.780744
1.000000
0.014434
0.798151
0.531969
0.830864
0.585452
1.000000
0.014417
0.215185
0.956546
0.258167
0.999575
1.000000
0.014400
0.525900
0.893778
0.604511
1.003415
1.000000
0.014397
0.566048
0.860218
0.665531
0.992500
1.000000
0.014336
0.890756
0.586576
0.935428
0.657102
1.000000
0.014334
0.771536
0.909486
0.858578
1.004057
1.000000
0.014319
0.910971
0.621272
0.958732
0.693301
1.000000
0.014241
0.170961
0.825897
0.208316
0.874675
1.000000
0.014225
0.593231
0.862937
0.629394
0.913102
1.000000
0.014195
0.167018
0.788541
0.205889
0.841562
1.000000
0.014151
0.385820
0.720236
0.499174
0.888137
1.000000
0.014097
0.493777
0.711403
0.540140
0.779140
1.000000
0.014083
0.092710
0.961133
0.136212
1.000192
1.000000
0.014074
0.620062
0.608316
0.663977
0.676267
1.000000
0.014035
0.711994
0.905658
0.803895
1.004112
1.000000
0.014000
0.808469
0.880113
0.920599
0.999292
1.000000
0.013990
0.465252
0.508763
0.510634
0.582559
1.000000
0.013990
0.907185
0.524075
0.994961
0.681651
1.000000
0.013971
0.866156
0.650489
0.912620
0.718292
1.000000
0.013782
0.511167
0.317209
0.559970
0.397076
1.000000
0.013761
0.690342
0.723143
0.735023
0.782403
1.000000
0.013732
0.426554
0.453209
0.462190
0.511380
1.000000
0.013701
0.407933
0.712411
0.454225
0.785574
1.000000
0.013697
0.868855
0.586836
0.909958
0.652974
1.000000
0.013686
0.449300
0.355543
0.488365
0.419076
1.000000
0.013651
0.428275
0.293073
0.526173
0.444495
1.000000
0.013636
0.112176
0.743052
0.208658
0.873117
1.000000
0.013627
0.507305
0.604689
0.566184
0.690748
1.000000
0.013601
0.267425
0.719647
0.302971
0.774626
1.000000
0.013596
0.529703
0.827484
0.565922
0.886287
1.000000
0.013499
0.561995
0.715033
0.670692
0.866874
1.000000
0.013493
0.727427
0.517602
0.820786
0.672870
1.000000
0.013461
0.591965
0.646463
0.638113
0.712499
1.000000
0.013454
0.867030
0.955277
0.910337
0.997750
1.000000
0.013378
0.544627
0.955184
0.580470
0.997826
1.000000
0.013375
0.527610
0.665834
0.631853
0.815979
1.000000
0.013369
0.469990
0.290696
0.509433
0.350774
1.000000
0.013369
0.558116
0.609010
0.609556
0.684820
1.000000
0.013350
0.093966
0.926560
0.181995
1.008272
1.000000
0.013308
0.003090
0.692926
0.080079
0.817334
1.000000
0.013272
0.638250
0.640103
0.683144
0.706541
1.000000
0.013209
0.590498
0.575617
0.642156
0.652240
1.000000
0.013200
0.344634
0.655940
0.383221
0.714411
1.000000
0.013169
0.218524
0.783955
0.257967
0.844537
1.000000
0.013163
0.812614
0.526732
0.907981
0.673372
1.000000
0.013143
0.172125
0.688251
0.261489
0.826482
1.000000
0.013140
0.588831
0.499345
0.643305
0.586787
1.000000
0.013116
0.424447
0.487530
0.460017
0.543192
1.000000
0.013104
0.677898
0.786548
0.778668
0.921639
1.000000
0.013098
0.667153
0.822850
0.708394
0.879554
1.000000
0.013092
0.543494
0.803050
0.580086
0.858871
1.000000
0.013045
0.692354
0.647425
0.735374
0.710616
1.000000
0.013044
0.481987
0.272674
0.594391
0.421181
1.000000
0.013041
0.667066
0.784073
0.710076
0.843384
1.000000
0.013035
0.322458
0.721655
0.359769
0.778757
1.000000
0.013029
0.689273
0.951076
0.732370
1.000008
1.000000
0.012912
0.845609
0.586223
0.884392
0.647417
1.000000
0.012908
0.540319
0.753349
0.582077
0.813275
1.000000
0.012899
0.666589
0.720412
0.710116
0.779595
1.000000
0.012895
-0.009684
0.658798
0.147272
0.872613
1.000000
0.012852
0.666676
0.863888
0.708264
0.921950
1.000000
0.012835
-0.001519
0.548509
0.062659
0.670496
1.000000
0.012739
0.563472
0.320596
0.610923
0.394810
1.000000
0.012717
0.644382
0.786609
0.685923
0.842646
1.000000
0.012664
0.268209
0.626665
0.368678
0.754420
1.000000
0.012650
0.641922
0.717405
0.686897
0.776573
1.000000
0.012630
0.429472
0.422613
0.464302
0.478455
1.000000
0.012613
0.660859
0.610786
0.703049
0.675069
1.000000
0.012607
0.120565
0.751804
0.160550
0.809907
1.000000
0.012601
0.609750
0.353446
0.656881
0.425636
1.000000
0.012587
0.632992
0.385820
0.682600
0.461409
1.000000
0.012578
0.560875
0.470331
0.617351
0.555980
1.000000
0.012575
0.892883
0.554982
0.933379
0.618264
1.000000
0.012557
0.716698
0.646373
0.757217
0.708254
1.000000
0.012510
0.003154
0.584891
0.036122
0.646964
1.000000
0.012509
0.721011
0.589635
0.759467
0.651600
1.000000
0.012464
0.585001
0.785017
0.693987
0.935126
1.000000
0.012452
0.395571
0.621949
0.436316
0.681022
1.000000
0.012416
0.445075
0.554287
0.484706
0.617397
1.000000
0.012409
0.662874
0.643557
0.707367
0.710065
1.000000
0.012357
0.792824
0.580563
0.831186
0.646228
1.000000
0.012357
0.191528
0.851830
0.227900
0.904169
1.000000
0.012334
0.516184
0.745716
0.559034
0.811924
1.000000
0.012298
0.143791
0.856188
0.181739
0.902895
1.000000
0.012280
0.711249
0.915975
0.756108
0.977017
1.000000
0.012270
0.556858
0.539181
0.612535
0.621580
1.000000
0.012268
0.287884
0.505350
0.495340
0.815531
1.000000
0.012264
0.248660
0.722273
0.282047
0.775860
1.000000
0.012186
0.220126
0.632600
0.313332
0.756232
1.000000
0.012155
0.963332
0.784512
1.001218
0.845740
1.000000
0.012117
0.691956
0.591784
0.731750
0.650678
1.000000
0.012112
0.964244
0.820796
1.001147
0.879297
1.000000
0.012075
0.117146
0.721120
0.157454
0.779085
1.000000
0.012067
0.581369
0.627978
0.685416
0.778422
1.000000
0.012058
0.813646
0.583083
0.851541
0.646470
1.000000
0.012046
0.614720
0.541466
0.660566
0.624090
1.000000
0.012004
0.121712
0.790085
0.160062
0.841519
1.000000
0.011993
0.189625
0.956233
0.233335
0.999840
1.000000
0.011914
0.899840
0.779540
0.999175
0.929128
1.000000
0.011912
0.842358
0.653908
0.885441
0.715670
1.000000
0.011906
0.365223
0.656307
0.407542
0.719651
1.000000
0.011893
0.424379
0.357008
0.459000
0.412053
1.000000
0.011882
0.142505
0.822877
0.183488
0.874683
1.000000
0.011870
0.661992
0.514257
0.702885
0.582199
1.000000
0.011860
0.845311
0.555638
0.882269
0.613264
1.000000
0.011800
0.909164
0.712935
0.961737
0.781806
1.000000
0.011725
0.222152
0.723191
0.256128
0.778887
1.000000
0.011717
0.769815
0.581472
0.809513
0.650036
1.000000
0.011693
0.773363
0.527365
0.807583
0.586441
1.000000
0.011676
0.091737
0.660538
0.129697
0.714141
1.000000
0.011668
0.890317
0.642383
0.944824
0.719205
1.000000
0.011657
0.267717
0.752173
0.305074
0.810121
1.000000
0.011646
0.169719
0.800457
0.261966
0.935644
1.000000
0.011630
0.868791
0.555618
0.906796
0.614816
1.000000
0.011616
0.421207
0.518551
0.459498
0.579401
1.000000
0.011614
0.662183
0.552309
0.702073
0.621296
1.000000
0.011596
0.192694
0.823340
0.230734
0.876684
1.000000
0.011593
0.814279
0.551409
0.849688
0.610340
1.000000
0.011562
0.195262
0.789364
0.234109
0.845749
1.000000
0.011559
0.491254
0.289336
0.536549
0.353269
1.000000
0.011530
0.470371
0.958077
0.507307
0.997390
1.000000
0.011527
0.643842
0.825129
0.685713
0.882385
1.000000
0.011506
0.966690
0.519108
0.999591
0.587851
1.000000
0.011483
0.270452
0.694049
0.303117
0.744916
1.000000
0.011467
0.291334
0.722597
0.329120
0.777322
1.000000
0.011453
0.512961
0.447321
0.560536
0.522990
1.000000
0.011443
0.659767
0.449661
0.701396
0.518844
1.000000
0.011440
0.376134
0.376851
0.470852
0.536116
1.000000
0.011401
0.323936
0.655520
0.359807
0.710112
1.000000
0.011389
0.494235
0.922639
0.530851
0.975990
1.000000
0.011375
0.615093
0.715087
0.660369
0.776867
1.000000
0.011360
0.001654
0.951875
0.035946
0.996639
1.000000
0.011306
0.564064
0.753290
0.605877
0.814598
1.000000
0.011265
0.266269
0.957132
0.308370
1.000766
1.000000
0.011254
0.712341
0.636062
0.815720
0.780913
1.000000
0.011254
0.263321
0.767647
0.374059
0.924667
1.000000
0.011244
0.190969
0.909076
0.280795
1.004384
1.000000
0.011196
0.745341
0.587205
0.784126
0.651400
1.000000
0.011178
0.012023
0.683815
0.057739
0.754811
1.000000
0.011168
0.166196
0.755732
0.205522
0.812895
1.000000
0.011168
0.067185
0.960961
0.108514
0.998937
1.000000
0.011116
0.522985
0.794233
0.559555
0.850016
1.000000
0.011107
0.388133
0.742753
0.436507
0.816550
1.000000
0.011097
0.002498
0.718168
0.038241
0.782491
1.000000
0.011081
0.714137
0.782194
0.755989
0.840369
1.000000
0.011031
0.003053
0.653087
0.037146
0.714494
1.000000
0.011011
0.720041
0.553990
0.758160
0.617280
1.000000
0.011003
0.494630
0.956186
0.532658
0.998609
1.000000
0.010946
0.146458
0.460301
0.176343
0.504379
1.000000
0.010903
0.717795
0.521509
0.755996
0.584595
1.000000
0.010857
0.557805
0.825228
0.597695
0.885897
1.000000
0.010839
0.445015
0.512867
0.485001
0.578727
1.000000
0.010814
0.478728
0.905937
0.557759
1.007089
1.000000
0.010789
0.564368
0.796517
0.601650
0.852428
1.000000
0.010788
0.093484
0.792484
0.131181
0.841500
1.000000
0.010766
0.538383
0.507974
0.590204
0.593437
1.000000
0.010763
0.429594
0.540689
0.803099
1.101539
1.000000
0.010731
0.349463
0.751816
0.392118
0.816230
1.000000
0.010675
0.116076
0.690118
0.156210
0.748099
1.000000
0.010660
0.119477
0.936589
0.162728
0.985534
1.000000
0.010655
0.464751
0.748504
0.509869
0.813815
1.000000
0.010609
0.116035
0.813656
0.207105
0.935847
1.000000
0.010607
0.322305
0.754944
0.359216
0.810538
1.000000
0.010602
0.941774
0.548887
0.988180
0.619279
1.000000
0.010577
0.366777
0.778384
0.409621
0.842918
1.000000
0.010467
0.759331
0.581507
0.875727
0.740365
1.000000
0.010444
0.519426
0.692201
0.725280
0.968012
1.000000
0.010429
0.002544
0.550218
0.035645
0.613442
1.000000
0.010424
0.486848
0.545598
0.540580
0.626578
1.000000
0.010394
0.246716
0.661690
0.277964
0.709864
1.000000
0.010350
0.863122
0.712774
0.915747
0.779146
1.000000
0.010321
0.559838
0.678543
0.607828
0.749017
1.000000
0.010310
0.816995
0.702310
0.932409
0.834976
1.000000
0.010243
0.838224
0.954988
0.885595
0.999721
1.000000
0.010227
0.090491
0.716955
0.132930
0.777073
1.000000
0.010227
0.665855
0.685890
0.709054
0.748090
1.000000
0.010200
0.714878
0.724222
0.758163
0.782444
1.000000
0.010171
0.368403
0.628424
0.405548
0.679667
1.000000
0.010150
0.642482
0.753293
0.688530
0.815328
1.000000
0.010122
0.318637
0.605250
0.414478
0.741408
1.000000
0.010088
0.913512
0.953458
0.957645
0.997511
1.000000
0.010053
0.225114
0.660417
0.257947
0.710712
1.000000
0.010043
0.214660
0.847800
0.255169
0.905290
1.000000
0.010042
0.142875
0.722736
0.182276
0.782309
1.000000
0.010028
0.717590
0.684847
0.758726
0.743895
1.000000
0.010016
0.117078
0.659224
0.156015
0.713200
