1.000000
0.650167
0.430853
0.281159
0.586401
0.536922
1.000000
0.521394
0.252761
0.312583
0.696645
0.899632
1.000000
0.069843
-0.027190
0.613624
0.328296
1.130122
1.000000
0.044796
0.561409
0.420327
0.930274
0.999144
1.000000
0.040277
0.409727
0.187831
0.512945
0.376263
1.000000
0.036781
0.748450
0.746583
1.006355
1.012976
1.000000
0.034877
0.498471
0.626188
0.536909
0.688920
1.000000
0.030887
0.011580
0.944331
0.060470
0.997538
1.000000
0.030652
0.847063
0.536257
0.934686
0.679882
1.000000
0.030190
0.359036
0.481270
0.469915
0.619235
1.000000
0.029574
0.415919
0.405548
0.535041
0.574561
1.000000
0.029371
0.581368
0.553403
0.681195
0.701578
1.000000
0.028760
0.534777
0.321693
0.586195
0.393686
1.000000
0.027493
0.615841
0.476538
0.720780
0.617600
1.000000
0.027383
0.870868
0.547055
0.914309
0.614930
1.000000
0.027369
0.735136
0.452051
0.812302
0.585709
1.000000
0.025893
0.765997
0.463102
0.797498
0.522306
1.000000
0.025675
0.387419
0.514087
0.435314
0.581297
1.000000
0.025423
0.719345
0.437031
0.897507
0.706119
1.000000
0.025137
0.639361
0.535091
0.737707
0.683727
1.000000
0.024638
0.507812
0.511768
0.612969
0.669833
1.000000
0.024584
0.786486
0.552180
0.883122
0.690440
1.000000
0.024518
0.676049
0.466178
0.774288
0.605588
1.000000
0.024260
0.439331
0.474791
0.494004
0.551125
1.000000
0.024019
0.284797
0.036528
0.594599
0.629130
1.000000
0.023597
0.668659
0.509943
0.712294
0.575868
1.000000
0.023302
0.530179
0.433616
0.634491
0.585673
1.000000
0.023270
0.419728
0.322275
0.462973
0.388343
1.000000
0.023172
0.436902
0.375756
0.493867
0.459493
1.000000
0.022647
0.302456
0.382159
0.502422
0.637811
1.000000
0.022161
0.963858
0.951079
0.999312
0.997211
1.000000
0.022055
0.845351
0.551058
0.886663
0.614967
1.000000
0.022055
0.818057
0.518111
0.856807
0.579842
1.000000
0.021962
0.475662
0.424388
0.544777
0.525208
1.000000
0.021809
0.485478
0.320406
0.542715
0.401951
1.000000
0.021471
0.961709
0.580113
0.999368
0.652186
1.000000
0.020959
0.490390
0.591533
0.571304
0.717357
1.000000
0.020765
0.964541
0.520688
0.998845
0.586458
1.000000
0.020557
0.819634
0.488373
0.854180
0.544441
1.000000
0.020219
0.380061
0.361265
0.486662
0.527205
1.000000
0.020134
0.668034
0.545876
0.710256
0.614054
1.000000
0.019765
0.643305
0.512042
0.686953
0.576612
1.000000
0.019707
0.344181
0.523778
0.392007
0.587794
1.000000
0.019705
0.413153
0.511764
0.461116
0.580400
1.000000
0.019648
0.470632
0.180235
0.588234
0.353301
1.000000
0.019327
0.383415
0.266588
0.484415
0.433784
1.000000
0.019227
0.841253
0.585169
0.885377
0.648612
1.000000
0.019106
0.638788
0.584220
0.683954
0.653125
1.000000
0.019091
0.663557
0.581297
0.707022
0.646867
1.000000
0.019028
0.589618
0.445632
0.637213
0.515670
1.000000
0.018874
0.476903
0.368971
0.544655
0.468771
1.000000
0.018842
0.911497
0.576885
0.957113
0.648820
1.000000
0.018788
0.435002
0.271550
0.485478
0.357396
1.000000
0.018699
0.895714
0.524428
0.980777
0.680972
1.000000
0.018661
0.431700
0.134091
0.532946
0.286914
1.000000
0.018535
0.418033
0.410795
0.463553
0.481497
1.000000
0.018502
0.891587
0.529427
0.933955
0.593538
1.000000
0.018339
0.585205
0.415039
0.680124
0.553763
1.000000
0.018272
0.413311
0.525049
0.520048
0.680621
1.000000
0.018228
0.521958
0.502742
0.709180
0.767690
1.000000
0.018164
0.717124
0.502545
0.763124
0.576263
1.000000
0.018153
0.613503
0.547792
0.660497
0.620481
1.000000
0.018108
0.304548
0.497145
0.411454
0.630058
1.000000
0.018103
0.963024
0.652180
0.999441
0.715638
1.000000
0.018054
0.544066
0.608156
0.648367
0.743590
1.000000
0.018005
0.416586
0.237064
0.467966
0.322611
1.000000
0.017715
0.818218
0.550329
0.858817
0.614028
1.000000
0.017683
0.692235
0.507735
0.736330
0.575090
1.000000
0.017499
0.635409
0.613248
0.730441
0.752239
1.000000
0.017452
0.261269
0.945205
0.309354
0.996590
1.000000
0.017349
0.066688
0.950937
0.111113
0.998649
1.000000
0.017267
0.590976
0.627941
0.638294
0.688837
1.000000
0.017170
0.865713
0.614484
0.909846
0.677266
1.000000
0.017083
0.791780
0.454242
0.876784
0.591785
1.000000
0.017067
0.013407
0.897408
0.110065
1.004745
1.000000
0.016998
0.964162
0.787517
0.997740
0.842153
1.000000
0.016846
0.295998
0.528778
0.333342
0.583666
1.000000
0.016777
0.844772
0.488379
0.880892
0.547251
1.000000
0.016643
0.418013
0.454365
0.466505
0.524073
1.000000
0.016401
0.938574
0.547683
0.986814
0.619900
1.000000
0.016378
0.963849
0.720731
0.999619
0.780363
1.000000
0.016375
0.891277
0.612376
0.936316
0.676655
1.000000
0.016349
0.869559
0.489605
0.906410
0.549145
1.000000
0.016095
0.642717
0.686975
0.685563
0.745501
1.000000
0.016085
0.529895
0.368918
0.585137
0.452755
1.000000
0.016020
0.592290
0.425921
0.785900
0.700197
1.000000
0.015785
0.796926
0.516210
0.833979
0.576321
1.000000
0.015752
0.963417
0.755588
0.998349
0.813267
1.000000
0.015651
0.815850
0.585028
0.860567
0.648432
1.000000
0.015630
0.761090
0.503508
0.801421
0.573680
1.000000
0.015577
0.321826
0.526984
0.364809
0.586358
1.000000
0.015504
0.273532
0.560710
0.308092
0.614296
1.000000
0.015461
0.565744
0.588096
0.611364
0.652590
1.000000
0.015336
0.508510
0.286029
0.563282
0.363584
1.000000
0.015253
0.361516
0.540182
0.412630
0.609443
1.000000
0.015242
0.245341
0.728542
0.282942
0.781219
1.000000
0.015222
0.638207
0.652248
0.682108
0.713862
1.000000
0.015139
0.504827
0.342525
0.564238
0.431874
1.000000
0.015122
0.866503
0.959649
0.905318
0.995706
1.000000
0.015108
0.368902
0.497284
0.414433
0.556203
1.000000
0.015067
0.665797
0.620608
0.708541
0.680299
1.000000
0.014933
0.038938
0.951306
0.085390
1.000175
1.000000
0.014859
0.440115
0.543703
0.486966
0.615439
1.000000
0.014697
0.668181
0.656591
0.708942
0.713323
1.000000
0.014695
0.267769
0.548085
0.375530
0.692582
1.000000
0.014609
0.184872
0.914211
0.234733
0.984327
1.000000
0.014592
0.591787
0.587635
0.638052
0.654769
1.000000
0.014582
0.013352
0.887946
0.060186
0.954905
1.000000
0.014535
0.940658
0.611606
0.986717
0.681662
1.000000
0.014529
0.220772
0.558556
0.310491
0.690015
1.000000
0.014509
0.116258
0.949591
0.160740
0.997887
1.000000
0.014502
0.694743
0.561798
0.794185
0.712476
1.000000
0.014476
0.932836
0.683713
1.004708
0.807096
1.000000
0.014452
0.916651
0.659644
0.956529
0.713226
1.000000
0.014398
0.274318
0.489188
0.307542
0.538343
1.000000
0.014365
0.114521
0.747477
0.212675
0.901532
1.000000
0.014312
0.319569
0.378832
0.416348
0.522618
1.000000
0.014251
0.795319
0.487101
0.829657
0.544127
1.000000
0.014177
0.965964
0.823366
0.998039
0.875698
1.000000
0.014154
0.814129
0.612452
0.914592
0.747824
1.000000
0.014119
0.929367
0.887544
0.999438
0.995083
1.000000
0.014070
0.668712
0.724216
0.705618
0.775497
1.000000
0.014055
0.614772
0.482218
0.658698
0.547607
1.000000
0.014041
0.511925
0.516203
0.554552
0.578930
1.000000
0.014000
0.893913
0.491697
0.931314
0.551370
1.000000
0.013972
0.666438
0.689254
0.704772
0.742453
1.000000
0.013968
0.964804
0.855280
0.998805
0.911298
1.000000
0.013953
0.086879
0.872500
0.191354
0.995101
1.000000
0.013934
0.294623
0.489486
0.332606
0.543560
1.000000
0.013908
0.933893
0.463034
1.002441
0.603463
1.000000
0.013902
0.397840
0.353027
0.438393
0.411539
1.000000
0.013862
0.590178
0.513526
0.638945
0.583045
1.000000
0.013820
0.481505
0.111149
0.584480
0.257662
1.000000
0.013808
0.610772
0.670043
0.701989
0.817399
1.000000
0.013785
0.570852
0.648647
0.613744
0.705898
1.000000
0.013689
0.458497
0.145625
0.506956
0.221308
1.000000
0.013676
0.415481
0.579238
0.457885
0.642234
1.000000
0.013497
0.916758
0.958893
0.957317
0.997027
1.000000
0.013497
-0.002178
0.753822
0.068616
0.868283
1.000000
0.013496
0.273216
0.457815
0.307736
0.511681
1.000000
0.013479
0.736114
0.603096
0.841926
0.741879
1.000000
0.013469
0.349966
0.559918
0.462246
0.720962
1.000000
0.013436
0.892008
0.691124
0.936074
0.743808
1.000000
0.013397
0.161522
0.821539
0.340138
1.023614
1.000000
0.013351
0.716568
0.956946
0.756062
0.997194
1.000000
0.013335
0.722308
0.459385
0.759980
0.528239
1.000000
0.013303
0.892084
0.661523
0.935337
0.714236
1.000000
0.013287
0.511208
0.285488
0.616092
0.442790
1.000000
0.013254
0.459168
0.343408
0.520465
0.433872
1.000000
0.013229
0.451520
0.239445
0.508182
0.330093
1.000000
0.013212
0.503234
0.472068
0.557725
0.549671
1.000000
0.013145
0.461196
0.505734
0.509984
0.577977
1.000000
0.013143
0.290444
0.584681
0.329174
0.642961
1.000000
0.013078
0.393930
0.457025
0.439555
0.521288
1.000000
0.013064
0.266895
0.725495
0.307039
0.782995
1.000000
0.013045
0.443591
0.583093
0.486255
0.645471
1.000000
0.012990
0.274294
0.529493
0.308314
0.582543
1.000000
0.012947
0.247298
0.561932
0.283450
0.616957
1.000000
0.012933
0.536767
0.248247
0.589630
0.322733
1.000000
0.012932
0.561047
0.286889
0.603748
0.355305
1.000000
0.012921
0.485271
0.179555
0.539248
0.255078
1.000000
0.012920
0.618808
0.718548
0.656251
0.771359
1.000000
0.012855
0.610543
0.646140
0.654589
0.708483
1.000000
0.012830
0.536974
0.513905
0.583889
0.581557
1.000000
0.012719
0.693774
0.581938
0.736217
0.646585
1.000000
0.012707
0.887680
0.958733
0.929640
0.997064
1.000000
0.012623
0.561331
0.380464
0.607155
0.449966
1.000000
0.012576
0.694231
0.656555
0.733583
0.709212
1.000000
0.012550
0.513153
0.144303
0.560757
0.214738
1.000000
0.012538
0.818515
0.962136
0.856381
0.997262
1.000000
0.012477
0.211239
0.797436
0.305325
0.935200
1.000000
0.012470
0.223519
0.683120
0.311068
0.824726
1.000000
0.012455
0.161407
0.718422
0.253148
0.866570
1.000000
0.012430
0.544922
0.345122
0.654488
0.503448
1.000000
0.012402
0.267056
0.418268
0.362515
0.547745
1.000000
0.012400
0.390961
0.009813
0.551438
0.195926
1.000000
0.012391
0.342519
0.576723
0.387450
0.643983
1.000000
0.012365
0.491199
0.553056
0.533712
0.620245
1.000000
0.012252
0.866779
0.644992
0.961809
0.780317
1.000000
0.012235
0.418047
0.190214
0.465699
0.270558
1.000000
0.012227
0.562932
0.512894
0.611723
0.584273
1.000000
0.012222
0.563828
0.416293
0.612974
0.488843
1.000000
0.012216
0.716943
0.581465
0.759873
0.645811
1.000000
0.012180
0.172797
0.457578
0.202801
0.506181
1.000000
0.012131
0.484292
0.246971
0.540190
0.329436
1.000000
0.012117
0.846438
0.428406
0.928273
0.575848
1.000000
0.012104
0.533748
0.440677
0.584319
0.513895
1.000000
0.012100
0.250598
0.496751
0.343757
0.631850
1.000000
0.012090
0.669994
0.760099
0.705826
0.809797
1.000000
0.012084
0.914627
0.492345
0.951015
0.551800
1.000000
0.012056
0.866346
0.659282
0.909804
0.712389
1.000000
0.012045
0.694086
0.623026
0.735763
0.682884
1.000000
0.012031
0.510906
0.595596
0.551050
0.659922
1.000000
0.011996
0.166292
0.951363
0.209500
0.998657
1.000000
0.011993
0.247162
0.489247
0.281677
0.540857
1.000000
0.011968
0.015709
0.860092
0.059223
0.917396
1.000000
0.011893
0.792189
0.585349
0.836180
0.647866
1.000000
0.011855
0.219919
0.754557
0.257708
0.808974
1.000000
0.011798
0.915014
0.786523
0.956923
0.833642
1.000000
0.011780
0.067425
0.891880
0.108460
0.952290
1.000000
0.011766
0.163419
0.602351
0.256602
0.752353
1.000000
0.011678
0.319321
0.491087
0.360356
0.547672
1.000000
0.011675
0.470789
0.591199
0.512105
0.653732
1.000000
0.011620
0.182037
0.608534
0.362198
0.921653
1.000000
0.011604
0.471096
0.437952
0.579774
0.616976
1.000000
0.011578
0.595344
0.720559
0.631863
0.772179
1.000000
0.011564
0.842746
0.959630
0.883141
0.996554
1.000000
0.011553
0.916367
0.926634
0.962202
0.978788
1.000000
0.011486
0.240606
0.855017
0.283751
0.912564
1.000000
0.011467
0.215563
0.829234
0.256633
0.888406
1.000000
0.011446
0.373257
0.356889
0.408692
0.408266
1.000000
0.011427
0.967825
0.454110
0.999490
0.519215
1.000000
0.011399
0.915048
0.595017
0.993329
0.746872
1.000000
0.011358
0.557183
0.344497
0.602503
0.415396
1.000000
0.011337
0.247343
0.527933
0.280515
0.579964
1.000000
0.011319
0.134597
0.913985
0.183330
0.983499
1.000000
0.011288
0.293046
0.458130
0.331280
0.514462
1.000000
0.011270
0.447046
0.621455
0.485168
0.677704
1.000000
0.011268
0.965485
0.888858
0.998981
0.945700
1.000000
0.011209
0.215874
0.954411
0.257773
0.999503
1.000000
0.011186
0.190218
0.856104
0.237857
0.919551
1.000000
0.011091
0.217540
0.792847
0.257302
0.849893
1.000000
0.011091
0.222302
0.448195
0.313516
0.580164
1.000000
0.011084
0.246668
0.456257
0.281825
0.511138
1.000000
0.011068
0.913309
0.721560
0.956836
0.774785
1.000000
0.011052
0.885040
0.925435
0.929588
0.976621
1.000000
0.011036
0.616534
0.681708
0.657729
0.741325
1.000000
0.010978
0.362327
0.214025
0.453576
0.361202
1.000000
0.010951
0.396454
0.417726
0.439717
0.482136
1.000000
0.010901
0.934139
0.791030
1.003733
0.906980
1.000000
0.010891
0.192523
0.755570
0.233457
0.812613
1.000000
0.010860
0.324547
0.509748
0.527575
0.835300
1.000000
0.010844
0.534935
0.180773
0.585299
0.253616
1.000000
0.010809
0.716930
0.726317
0.760739
0.778303
1.000000
0.010766
0.340900
0.458463
0.382661
0.515150
1.000000
0.010763
0.771271
0.436776
0.800475
0.492030
1.000000
0.010753
0.088688
0.918139
0.135440
0.984409
1.000000
0.010752
0.767112
0.583867
0.810399
0.647724
1.000000
0.010748
0.002491
0.785287
0.037360
0.846159
1.000000
0.010706
0.739014
0.540024
0.783029
0.611813
1.000000
0.010697
0.674222
0.692784
0.760960
0.822486
1.000000
0.010697
0.693137
0.957611
0.733432
0.998685
1.000000
0.010663
0.538875
0.590390
0.582380
0.651130
1.000000
0.010638
0.666632
0.454475
0.707459
0.525216
1.000000
0.010631
0.696128
0.726892
0.734263
0.777256
1.000000
0.010631
0.510073
0.209732
0.565254
0.290427
1.000000
0.010610
0.542788
0.655027
0.581145
0.706073
1.000000
0.010575
0.399448
0.282042
0.438177
0.344750
1.000000
0.010544
0.004575
0.525133
0.034047
0.576274
1.000000
0.010520
0.715865
0.691619
0.759490
0.746255
1.000000
0.010512
0.373496
0.327021
0.409081
0.379310
1.000000
0.010487
0.868317
0.690582
0.911931
0.742154
1.000000
0.010403
0.640690
0.450562
0.683587
0.520770
1.000000
0.010392
0.628033
0.540547
0.835065
0.847609
1.000000
0.010380
0.894150
0.791146
0.935475
0.836525
1.000000
0.010347
0.696645
0.457434
0.735243
0.523806
1.000000
0.010321
0.288694
0.722735
0.329175
0.778866
1.000000
0.010314
-0.014719
0.719335
0.140293
0.942068
1.000000
0.010269
0.373956
0.287980
0.408706
0.340998
1.000000
0.010255
0.818818
0.426662
0.851827
0.481049
1.000000
0.010254
0.222940
0.591961
0.258332
0.648370
1.000000
0.010180
0.193370
0.724042
0.233282
0.780131
1.000000
0.010145
0.816594
0.654490
0.859761
0.708430
1.000000
0.010129
0.119587
0.888968
0.161966
0.951812
1.000000
0.010106
0.012325
0.817445
0.056978
0.878378
1.000000
0.010106
0.766817
0.963464
0.804839
0.999376
1.000000
0.010097
0.589049
0.388120
0.632649
0.452879
1.000000
0.010097
0.842276
0.655956
0.885638
0.710245
1.000000
0.010078
0.369563
0.459838
0.412543
0.518034
1.000000
0.010051
0.263414
0.889494
0.307662
0.953324
1.000000
0.010044
0.147484
0.459668
0.178058
0.507612
1.000000
0.010044
0.243831
0.793282
0.284089
0.848817
1.000000
0.010014
0.765723
0.545496
0.807189
0.612801
1.000000
0.010005
0.720933
0.425102
0.753904
0.486384
1.000000
0.010001
0.270422
0.616106
0.308446
0.677281
