1.000000
0.683306
0.361566
0.313048
0.617675
0.794002
1.000000
0.037288
0.359324
0.247339
0.456192
0.419697
1.000000
0.033323
0.757342
0.736288
1.014162
1.021777
1.000000
0.032922
0.425221
0.565904
0.569873
0.784988
1.000000
0.026452
0.363589
0.326927
0.467699
0.525786
1.000000
0.025888
0.922655
0.618994
1.000198
0.756612
1.000000
0.025789
0.593817
0.485952
0.682450
0.654265
1.000000
0.025181
0.491146
0.374766
0.610623
0.547402
1.000000
0.024885
0.364383
0.277452
0.415117
0.363043
1.000000
0.023271
0.371307
0.447007
0.473598
0.622618
1.000000
0.021935
0.001175
0.763677
0.261056
1.000859
1.000000
0.021848
0.164359
0.958177
0.205728
0.997541
1.000000
0.021690
0.314445
0.649387
0.421423
0.799542
1.000000
0.021506
0.369801
0.484232
0.412180
0.544833
1.000000
0.021281
0.556352
0.379024
0.994580
0.965691
1.000000
0.020520
0.116437
0.959296
0.159662
0.998998
1.000000
0.020488
0.851183
0.554648
1.002735
0.846687
1.000000
0.020486
0.411877
0.516346
0.462398
0.585170
1.000000
0.020413
0.140452
0.957362
0.183900
0.998304
1.000000
0.020303
0.530268
0.411236
0.592652
0.494265
1.000000
0.020259
0.094583
-0.086494
0.538323
0.727696
1.000000
0.019795
0.625766
0.555803
0.711263
0.685428
1.000000
0.019636
-0.008896
0.611539
0.405222
1.109676
1.000000
0.019332
0.507087
0.941351
0.556914
0.994233
1.000000
0.019019
0.414320
0.619655
0.467335
0.693810
1.000000
0.018817
0.956780
0.647995
0.997586
0.721787
1.000000
0.018494
0.442085
0.516565
0.490508
0.581957
1.000000
0.018352
0.371031
0.420698
0.413634
0.483620
1.000000
0.018347
0.661569
0.601748
0.761571
0.734650
1.000000
0.018182
0.638731
0.583729
0.683984
0.656770
1.000000
0.017986
0.460408
0.489168
0.508113
0.558391
1.000000
0.017920
0.375759
0.588294
0.493614
0.756206
1.000000
0.017913
0.799691
0.531186
0.828713
0.581366
1.000000
0.017799
0.386093
0.448642
0.438221
0.520146
1.000000
0.017735
0.962992
0.949775
0.999835
0.998050
1.000000
0.017294
0.466251
0.479221
0.588758
0.689449
1.000000
0.016796
0.817156
0.610573
0.929572
0.767230
1.000000
0.016603
0.966746
0.549762
0.999145
0.615765
1.000000
0.016490
0.577645
0.416680
0.671104
0.574305
1.000000
0.016356
0.933311
0.706433
1.008155
0.834573
1.000000
0.016219
0.909122
0.522355
0.996898
0.688779
1.000000
0.016110
0.262961
0.627752
0.361798
0.764694
1.000000
0.015896
0.407847
0.479412
0.458600
0.549603
1.000000
0.015740
0.962418
0.714935
1.001437
0.784886
1.000000
0.015497
0.331625
0.415116
0.422402
0.558239
1.000000
0.015454
0.661240
0.686877
0.761150
0.820796
1.000000
0.015450
0.662595
0.524815
0.750336
0.661218
1.000000
0.015433
0.490611
0.411376
0.544841
0.487093
1.000000
0.015405
0.327225
0.458746
0.360056
0.505397
1.000000
0.015207
0.090525
0.960126
0.135210
1.000867
1.000000
0.015111
0.690236
0.946667
0.737396
0.996053
1.000000
0.014971
0.912696
0.621139
0.958709
0.692657
1.000000
0.014964
0.089745
0.922568
0.180382
1.008207
1.000000
0.014958
0.967169
0.483615
0.997792
0.547583
1.000000
0.014912
0.358815
0.689226
0.476134
0.854806
1.000000
0.014893
0.339413
0.713131
0.387215
0.781149
1.000000
0.014823
0.004004
0.586426
0.036909
0.646780
1.000000
0.014758
0.057548
0.637930
0.161909
0.766511
1.000000
0.014755
0.484544
0.579653
0.537349
0.657088
1.000000
0.014611
0.259653
0.695518
0.370770
0.850325
1.000000
0.014608
0.405812
0.413574
0.457976
0.489197
1.000000
0.014589
0.817262
0.549529
0.849554
0.605945
1.000000
0.014332
0.925944
0.884219
1.001803
0.996780
1.000000
0.014273
0.790773
0.523616
0.870840
0.657348
1.000000
0.014234
0.866508
0.649712
0.911593
0.716895
1.000000
0.014196
0.436220
0.418242
0.485671
0.488069
1.000000
0.014106
0.870825
0.616475
0.910755
0.681253
1.000000
0.014093
0.891588
0.587778
0.934959
0.657095
1.000000
0.014062
0.275445
0.280310
0.444638
0.605136
1.000000
0.014054
0.382186
0.341300
0.435088
0.421740
1.000000
0.014054
0.722095
0.591215
0.756724
0.648648
1.000000
0.013984
0.105141
0.680590
0.204569
0.819352
1.000000
0.013843
0.479486
0.510240
0.531150
0.585437
1.000000
0.013811
-0.000047
0.554856
0.063183
0.670458
1.000000
0.013780
0.385271
0.386853
0.437109
0.460967
1.000000
0.013733
0.370888
0.224778
0.411651
0.291610
1.000000
0.013679
0.775937
0.529650
0.805124
0.582047
1.000000
0.013677
0.325372
0.489683
0.358677
0.537373
1.000000
0.013640
0.093856
0.661280
0.129751
0.713156
1.000000
0.013604
0.002685
0.715104
0.068739
0.838181
1.000000
0.013555
0.641072
0.956246
0.685262
0.999439
1.000000
0.013509
0.391639
0.545600
0.440157
0.613223
1.000000
0.013473
0.668994
0.953357
0.713223
0.996939
1.000000
0.013442
0.846569
0.527165
0.938229
0.681273
1.000000
0.013392
0.223044
0.721510
0.258045
0.777459
1.000000
0.013366
0.534916
0.352375
0.591461
0.434265
1.000000
0.013353
0.119504
0.718305
0.158776
0.775199
1.000000
0.013332
0.476927
0.253426
0.596070
0.434303
1.000000
0.013321
0.393575
0.643628
0.444384
0.713061
1.000000
0.013235
0.512401
0.437201
0.570080
0.518361
1.000000
0.013142
0.370261
0.589738
0.411151
0.646210
1.000000
0.013030
0.692518
0.590523
0.729040
0.647884
1.000000
0.012956
0.065041
0.958308
0.108469
0.998992
1.000000
0.012918
0.340485
0.652115
0.383764
0.713404
1.000000
0.012911
0.685016
0.744143
0.783588
0.877974
1.000000
0.012909
0.249181
0.670775
0.632762
0.995220
1.000000
0.012891
0.371387
0.622236
0.412004
0.676727
1.000000
0.012854
0.339897
0.137490
0.508232
0.475907
1.000000
0.012852
0.368997
0.650687
0.412573
0.712311
1.000000
0.012841
0.765127
0.672421
0.878798
0.812680
1.000000
0.012795
0.622612
0.542114
0.825665
0.827671
1.000000
0.012791
0.139893
0.922966
0.224833
1.006140
1.000000
0.012779
0.171343
0.858001
0.205848
0.902715
1.000000
0.012746
0.293952
0.654971
0.331298
0.711272
1.000000
0.012733
0.585415
0.418721
0.630250
0.485036
1.000000
0.012721
0.963062
0.786631
1.000496
0.845751
1.000000
0.012672
0.718614
0.648853
0.758035
0.709110
1.000000
0.012649
0.818312
0.583932
0.852927
0.645824
1.000000
0.012643
0.226529
0.660968
0.259725
0.711551
1.000000
0.012626
0.220567
0.659372
0.313794
0.799975
1.000000
0.012572
0.344449
0.166731
0.438379
0.327654
1.000000
0.012521
0.481920
0.643081
0.539846
0.724232
1.000000
0.012510
0.171405
0.828371
0.206970
0.874499
1.000000
0.012504
0.870066
0.556360
0.905733
0.613921
1.000000
0.012493
0.847459
0.586396
0.884051
0.647088
1.000000
0.012484
0.142532
0.718402
0.180285
0.774948
1.000000
0.012396
0.864746
0.954476
0.909611
0.997652
1.000000
0.012363
0.347291
0.457968
0.384303
0.508696
1.000000
0.012351
0.458666
0.538301
0.510302
0.611497
1.000000
0.012301
0.693499
0.648587
0.733810
0.708527
1.000000
0.012172
0.618883
0.520030
0.658697
0.584784
1.000000
0.012169
0.425204
0.355448
0.555107
0.528759
1.000000
0.012164
0.724446
0.552793
0.811307
0.684988
1.000000
0.012158
0.119018
0.661564
0.156149
0.714509
1.000000
0.012136
0.001665
0.952609
0.036070
0.997040
1.000000
0.012134
0.370134
0.549966
0.411164
0.607331
1.000000
0.012114
0.831626
0.877336
0.945541
0.998591
1.000000
0.012106
0.964454
0.820454
1.000589
0.876794
1.000000
0.012086
0.002776
0.553069
0.035147
0.612824
1.000000
0.012046
0.012167
0.686030
0.056602
0.755726
1.000000
0.012036
0.815830
0.701009
0.930566
0.835806
1.000000
0.012024
0.767200
0.958065
0.806945
0.999505
1.000000
0.012007
0.846557
0.556490
0.880908
0.612374
1.000000
0.012005
0.435049
0.582320
0.489135
0.658762
1.000000
0.012001
0.770230
0.584601
0.805564
0.648529
1.000000
0.011999
0.391639
0.585697
0.440402
0.652350
1.000000
0.011988
0.697589
0.489102
0.780743
0.626031
1.000000
0.011986
0.245644
0.721237
0.281315
0.777260
1.000000
0.011953
0.002761
0.721370
0.037318
0.786374
1.000000
0.011939
0.891446
0.642021
0.943487
0.716314
1.000000
0.011939
0.291903
0.718262
0.333713
0.780640
1.000000
0.011938
0.268775
0.718929
0.307940
0.778895
1.000000
0.011937
0.241407
0.568996
0.445799
0.853140
1.000000
0.011909
0.792871
0.582156
0.828641
0.645450
1.000000
0.011899
0.244942
0.660568
0.278855
0.712380
1.000000
0.011882
0.894452
0.556568
0.932470
0.617452
1.000000
0.011876
0.171622
0.659881
0.205594
0.710666
1.000000
0.011871
0.389985
0.707711
0.440031
0.780988
1.000000
0.011839
0.617019
0.954620
0.661229
0.998417
1.000000
0.011834
0.093112
0.795096
0.130089
0.844059
1.000000
0.011790
0.488410
0.350325
0.541870
0.429400
1.000000
0.011790
0.714442
0.637633
0.815014
0.776391
1.000000
0.011784
0.169927
0.791167
0.206394
0.841917
1.000000
0.011777
0.843202
0.653614
0.884494
0.714592
1.000000
0.011737
0.365408
0.686346
0.411763
0.749569
1.000000
0.011729
0.435055
0.699221
0.495159
0.783166
1.000000
0.011707
0.738260
0.750175
0.841033
0.879977
1.000000
0.011691
0.530284
0.525109
0.643292
0.701489
1.000000
0.011680
0.168646
0.720703
0.204642
0.776323
1.000000
0.011657
0.326281
0.290411
0.360310
0.343354
1.000000
0.011627
0.721410
0.525353
0.753028
0.579891
1.000000
0.011593
0.534598
0.644920
0.587586
0.718987
1.000000
0.011579
0.405215
0.308560
0.455331
0.388037
1.000000
0.011545
0.687542
0.912152
0.775125
1.002057
1.000000
0.011501
0.746609
0.589958
0.781193
0.650218
1.000000
0.011451
0.349240
0.487440
0.387936
0.540422
1.000000
0.011441
0.095593
0.522722
0.128926
0.573576
1.000000
0.011420
0.409004
0.217724
0.457295
0.290942
1.000000
0.011420
0.059663
0.740034
0.166181
0.877384
1.000000
0.011405
0.815323
0.952524
0.861197
0.997843
1.000000
0.011404
0.093451
0.690490
0.131856
0.746551
1.000000
0.011348
0.414850
0.669776
0.469375
0.747441
1.000000
0.011342
0.068213
0.472350
0.155653
0.606518
1.000000
0.011317
0.721322
0.556866
0.754263
0.612010
1.000000
0.011303
0.271023
0.658716
0.307236
0.712682
1.000000
0.011285
0.899247
0.776435
0.998613
0.925172
1.000000
0.011283
0.598602
0.583270
0.644810
0.653753
1.000000
0.011269
0.555776
0.390474
0.607892
0.468149
1.000000
0.011239
0.910746
0.715165
0.961427
0.781332
1.000000
0.011186
0.142660
0.791831
0.180922
0.842199
1.000000
0.011163
0.003460
0.520563
0.034923
0.580823
1.000000
0.011150
0.846740
0.619088
0.884820
0.680993
1.000000
0.011137
0.631687
0.455951
0.722900
0.608860
1.000000
0.011099
0.121189
0.520930
0.154475
0.570528
1.000000
0.011095
0.663365
0.814112
0.855384
1.020479
1.000000
0.011084
0.938309
0.584333
0.987388
0.657874
1.000000
0.011084
0.172913
0.680554
0.268662
0.820727
1.000000
0.011076
0.463099
0.390161
0.512536
0.460727
1.000000
0.011067
0.563368
0.955770
0.607597
1.000854
1.000000
0.011061
0.058477
0.554693
0.155151
0.688429
1.000000
0.011033
0.482879
0.738796
0.540723
0.815728
1.000000
0.011004
0.690215
0.723732
0.732691
0.781247
1.000000
0.010908
0.610303
0.632879
0.713740
0.779210
1.000000
0.010886
0.505832
0.670277
0.563769
0.754551
1.000000
0.010859
0.347995
0.428103
0.384917
0.480908
1.000000
0.010837
0.169837
0.692856
0.204690
0.745638
1.000000
0.010822
0.800846
0.504434
0.829552
0.553974
1.000000
0.010817
0.297132
0.465242
0.389187
0.608751
1.000000
0.010816
0.556741
0.439758
0.607807
0.516828
1.000000
0.010773
0.421728
0.210814
0.540482
0.371051
1.000000
0.010755
0.503452
0.890686
0.599827
0.995672
1.000000
0.010744
0.003466
0.654567
0.036589
0.714184
1.000000
0.010636
0.120192
0.749226
0.159221
0.806198
1.000000
0.010626
0.119459
0.792458
0.158089
0.843825
1.000000
0.010586
0.382166
0.806956
0.581415
1.023873
1.000000
0.010584
0.820664
0.652260
0.858348
0.711416
1.000000
0.010573
0.819149
0.619954
0.854104
0.678303
1.000000
0.010568
0.620270
0.557795
0.663905
0.630795
1.000000
0.010544
0.363961
0.746657
0.410804
0.813005
1.000000
0.010544
0.325908
0.540055
0.419555
0.689657
1.000000
0.010539
0.327659
0.429566
0.360073
0.477467
1.000000
0.010537
0.144114
0.661550
0.179168
0.712704
1.000000
0.010505
0.068651
0.657177
0.106897
0.713548
1.000000
0.010484
0.319721
0.653556
0.358758
0.710715
1.000000
0.010410
0.214240
0.956513
0.259004
1.000036
1.000000
0.010375
0.609569
0.744614
0.724801
0.885991
1.000000
0.010358
0.270913
0.690071
0.306832
0.744397
1.000000
0.010288
0.619514
0.490846
0.656641
0.548073
1.000000
0.010283
0.169873
0.753068
0.206536
0.808817
1.000000
0.010262
0.314434
0.267218
0.405046
0.419416
1.000000
0.010255
0.225577
0.691192
0.258577
0.743618
1.000000
0.010252
0.143375
0.750467
0.182416
0.808997
1.000000
0.010250
0.720307
0.684263
0.759633
0.741867
1.000000
0.010147
0.944432
0.462879
1.003075
0.591895
1.000000
0.010122
0.591524
0.644565
0.635472
0.708126
1.000000
0.010120
0.741845
0.792511
0.782553
0.843205
1.000000
0.010113
0.538235
0.580211
0.586941
0.648614
1.000000
0.010111
0.145409
0.521912
0.179336
0.570239
1.000000
0.010092
0.862948
0.714052
0.914514
0.780891
1.000000
0.010037
0.756773
0.500767
0.830402
0.624709
1.000000
0.010019
0.728975
0.886003
0.830866
0.998006
