1.000000
0.773658
0.448925
0.388832
0.640885
0.627954
1.000000
0.253061
0.307274
0.367689
0.690731
0.837989
1.000000
0.049272
0.485703
0.695461
0.528462
0.742692
1.000000
0.039326
0.013258
0.311213
0.472386
1.035537
1.000000
0.035684
0.479987
0.333252
0.605524
0.509753
1.000000
0.033032
0.424875
0.466274
0.540766
0.619605
1.000000
0.031830
0.414366
0.376324
0.545083
0.542852
1.000000
0.030988
0.502831
0.580566
0.617070
0.718031
1.000000
0.029774
0.800882
0.633513
0.887979
0.742457
1.000000
0.029384
0.359374
0.355896
0.455135
0.496783
1.000000
0.028722
0.436332
0.507423
0.492028
0.588333
1.000000
0.028291
0.809105
0.654199
0.854662
0.716137
1.000000
0.028255
0.506887
0.544596
0.563049
0.614817
1.000000
0.028117
0.486196
0.381762
0.542893
0.456600
1.000000
0.028028
0.867417
0.635914
0.909023
0.685418
1.000000
0.027071
0.465400
0.636499
0.563073
0.751102
1.000000
0.026405
0.467732
0.354397
0.509824
0.416794
1.000000
0.026038
0.555868
0.507771
0.610559
0.579425
1.000000
0.025053
0.799249
0.680364
0.840531
0.742311
1.000000
0.024997
0.509834
0.350391
0.563481
0.423094
1.000000
0.024678
0.546431
0.530169
0.660575
0.679262
1.000000
0.024381
0.486242
0.580311
0.534290
0.643864
1.000000
0.024376
0.532787
0.382048
0.594293
0.459670
1.000000
0.023575
0.372592
0.432862
0.478678
0.581285
1.000000
0.023282
0.563085
0.692478
0.610487
0.743874
1.000000
0.022458
0.483744
0.511944
0.546080
0.592129
1.000000
0.022346
0.746140
0.625720
0.833334
0.742123
1.000000
0.022235
0.743947
0.631131
0.784123
0.683720
1.000000
0.021472
0.370958
0.529325
0.480532
0.680429
1.000000
0.021365
0.543191
0.627613
0.647184
0.756465
1.000000
0.020486
0.421684
0.557398
0.527639
0.708609
1.000000
0.020437
0.579287
0.444782
0.637214
0.522159
1.000000
0.020371
0.839292
0.615303
0.927523
0.713562
1.000000
0.020368
0.878281
0.074871
1.002827
0.394701
1.000000
0.020087
0.962053
0.182605
0.997227
0.252943
1.000000
0.019962
0.555485
0.350485
0.611279
0.428994
1.000000
0.019926
0.461688
0.544901
0.516163
0.617096
1.000000
0.019711
0.442900
0.378796
0.490889
0.448186
1.000000
0.019437
0.465068
0.412926
0.515771
0.486348
1.000000
0.019349
0.537822
0.294996
0.661656
0.454188
1.000000
0.019184
0.536892
0.581922
0.584790
0.641495
1.000000
0.019131
0.530969
0.472018
0.596713
0.559971
1.000000
0.019076
0.560517
0.488475
0.761990
0.773589
1.000000
0.018755
0.968849
0.688372
0.999587
0.745645
1.000000
0.018667
0.533332
0.407178
0.932670
0.999827
1.000000
0.018423
0.396067
0.518334
0.442667
0.583689
1.000000
0.018310
0.439011
0.455103
0.488184
0.527634
1.000000
0.018252
0.417546
0.540726
0.465073
0.611498
1.000000
0.018228
0.483525
0.443755
0.544966
0.524125
1.000000
0.018054
0.968111
0.653496
1.000026
0.713495
1.000000
0.017915
0.371104
0.442385
0.415528
0.509270
1.000000
0.017790
0.966418
0.717635
0.999332
0.778833
1.000000
0.017661
0.612803
0.517627
0.658383
0.576997
1.000000
0.017613
0.670873
0.723694
0.711189
0.777453
1.000000
0.017474
0.967498
0.590297
0.999083
0.647156
1.000000
0.017314
0.900181
0.848379
0.996851
0.994602
1.000000
0.017299
0.681049
0.534263
0.882197
0.784303
1.000000
0.017263
0.818004
0.952981
0.859338
0.996087
1.000000
0.017228
0.446594
0.577028
0.493179
0.645418
1.000000
0.017138
0.612193
0.950200
0.655376
0.995312
1.000000
0.016980
0.742246
0.694052
1.001095
1.001399
1.000000
0.016903
0.415775
0.303446
0.515092
0.434238
1.000000
0.016869
0.968301
0.622160
0.999195
0.677147
1.000000
0.016792
0.416890
0.357455
0.456304
0.416253
1.000000
0.016757
0.418585
0.580464
0.461741
0.644894
1.000000
0.016720
0.364327
0.604854
0.463687
0.745881
1.000000
0.016587
-0.010346
0.737717
0.290757
1.012297
1.000000
0.016528
0.488942
0.327300
0.538600
0.395975
1.000000
0.016416
0.968559
0.557530
0.999353
0.614491
1.000000
0.016329
0.510124
0.666240
0.552210
0.717924
1.000000
0.016315
0.386928
0.414945
0.434768
0.488779
1.000000
0.016275
0.615122
0.543377
0.711658
0.678497
1.000000
0.016253
0.538157
0.621386
0.586657
0.682945
1.000000
0.016227
0.583546
0.543382
0.635037
0.608641
1.000000
0.016178
0.414463
0.449445
0.462041
0.519770
1.000000
0.016124
0.503547
0.681844
0.610007
0.791749
1.000000
0.016102
0.489391
0.617027
0.532304
0.673629
1.000000
0.016077
0.533291
0.320703
0.589808
0.397425
1.000000
0.016070
0.373806
0.360931
0.409058
0.418027
1.000000
0.015982
0.601424
0.472355
0.703659
0.611721
1.000000
0.015964
0.163573
0.534543
0.260553
0.677153
1.000000
0.015749
0.585036
0.661871
0.632717
0.718526
1.000000
0.015716
0.665610
0.958658
0.705134
0.998657
1.000000
0.015617
0.553829
0.408715
0.614487
0.494503
1.000000
0.015603
0.965341
0.288287
0.998204
0.352542
1.000000
0.015549
0.778751
0.673171
0.857126
0.790790
1.000000
0.015397
0.312540
0.577209
0.419731
0.728110
1.000000
0.015378
0.420788
0.485858
0.467564
0.556158
1.000000
0.015336
0.612670
0.759000
0.653778
0.810037
1.000000
0.015211
0.344625
0.725347
0.380821
0.777424
1.000000
0.015174
0.186679
0.799253
0.351727
1.020311
1.000000
0.015084
0.619506
0.614676
0.714734
0.745574
1.000000
0.015080
0.699723
0.597337
0.793093
0.725492
1.000000
0.015073
0.942937
0.207088
0.988304
0.277475
1.000000
0.015022
0.967114
0.351594
0.998340
0.413652
1.000000
0.014978
0.587388
0.205261
0.694727
0.344294
1.000000
0.014924
0.584722
0.713937
0.631466
0.767321
1.000000
0.014889
0.265525
0.723960
0.308105
0.784501
1.000000
0.014845
0.815719
0.056600
0.854543
0.109176
1.000000
0.014829
0.585853
0.583602
0.635078
0.644177
1.000000
0.014805
0.713950
0.678792
0.806369
0.816561
1.000000
0.014801
0.075500
-0.115391
0.612921
0.663569
1.000000
0.014741
0.261682
0.598405
0.363077
0.761697
1.000000
0.014595
0.669936
0.754769
0.712373
0.811147
1.000000
0.014572
0.446039
0.330567
0.487393
0.391481
1.000000
0.014503
0.468093
0.612823
0.509953
0.670449
1.000000
0.014493
0.577211
0.380636
0.638744
0.462682
1.000000
0.014452
0.472762
0.668824
0.512819
0.723913
1.000000
0.014443
0.607904
0.691157
0.652616
0.743811
1.000000
0.014426
0.811835
0.712573
0.854081
0.769584
1.000000
0.014404
0.290923
0.724267
0.330917
0.780488
1.000000
0.014365
0.508356
0.407952
0.570757
0.493009
1.000000
0.014354
0.547303
0.711760
0.647769
0.845583
1.000000
0.014289
0.171780
0.254633
0.204060
0.305294
1.000000
0.014151
0.452825
0.478643
0.514202
0.560980
1.000000
0.014134
0.611913
0.722503
0.653532
0.774589
1.000000
0.014112
0.311146
0.675096
0.411852
0.827574
1.000000
0.014074
0.637899
0.517597
0.681315
0.575736
1.000000
0.014023
0.215868
0.957059
0.254589
0.996675
1.000000
0.013982
0.343227
0.585547
0.383970
0.644204
1.000000
0.013977
0.920977
0.185139
0.959209
0.246535
1.000000
0.013975
0.215747
0.538510
0.313681
0.681900
1.000000
0.013943
0.923907
0.140575
0.995506
0.293536
1.000000
0.013937
0.159819
0.606914
0.251620
0.753469
1.000000
0.013893
0.293128
0.586468
0.333356
0.647826
1.000000
0.013848
0.391818
0.357739
0.433005
0.420646
1.000000
0.013846
0.265244
0.758645
0.307718
0.819763
1.000000
0.013707
0.765172
0.650853
0.806135
0.709487
1.000000
0.013652
0.645076
0.722996
0.684633
0.775063
1.000000
0.013623
0.613583
0.588561
0.658351
0.646491
1.000000
0.013555
0.392471
0.480376
0.438618
0.548062
1.000000
0.013521
0.670330
0.785536
0.709171
0.835642
1.000000
0.013470
0.393750
0.580371
0.436632
0.643402
1.000000
0.013455
0.538464
0.716368
0.586003
0.769653
1.000000
0.013448
0.835883
0.670933
0.927927
0.810260
1.000000
0.013374
0.967516
0.522573
0.998781
0.579418
1.000000
0.013366
0.894823
0.218127
0.931455
0.274418
1.000000
0.013351
0.534675
0.229011
0.637748
0.366612
1.000000
0.013308
0.561445
0.286939
0.611029
0.353646
1.000000
0.013308
0.766332
0.957897
0.807123
0.998966
1.000000
0.013275
0.149713
0.258316
0.181621
0.306868
1.000000
0.013182
0.613463
0.621902
0.657583
0.679464
1.000000
0.013182
0.770390
0.683110
0.809473
0.742838
1.000000
0.013178
0.417988
0.652517
0.456351
0.707261
1.000000
0.013170
0.393529
0.653592
0.433638
0.710617
1.000000
0.013164
0.622667
0.687770
0.710531
0.811486
1.000000
0.013157
0.665386
0.588022
0.707277
0.644037
1.000000
0.013116
0.172583
0.223923
0.206585
0.278013
1.000000
0.013116
0.171651
0.289137
0.204166
0.337055
1.000000
0.013088
0.769591
0.717783
0.807721
0.772749
1.000000
0.013068
0.148540
0.243797
0.229716
0.369746
1.000000
0.013051
0.894213
0.185800
0.932157
0.245233
1.000000
0.013009
0.937659
0.662082
1.002190
0.777910
1.000000
0.013000
0.638580
0.956811
0.681193
0.999153
1.000000
0.012925
0.463183
0.263805
0.568053
0.408754
1.000000
0.012897
0.847720
0.130719
0.931579
0.278409
1.000000
0.012885
0.271836
0.495925
0.306331
0.542102
1.000000
0.012853
0.663234
0.552569
0.763367
0.689181
1.000000
0.012835
0.722286
0.647514
0.763761
0.706451
1.000000
0.012833
0.866389
0.955786
0.907781
0.997641
1.000000
0.012829
0.368343
0.584322
0.410148
0.644128
1.000000
0.012829
0.266749
0.705252
0.357219
0.857441
1.000000
0.012716
0.645625
0.757956
0.685362
0.809387
1.000000
0.012710
0.942604
0.749641
0.988259
0.811680
1.000000
0.012707
0.871075
0.186475
0.905689
0.241810
1.000000
0.012689
0.672583
0.711760
0.763650
0.848800
1.000000
0.012687
0.217085
0.657462
0.257546
0.715842
1.000000
0.012681
0.320732
0.480763
0.426889
0.614235
1.000000
0.012679
0.146906
0.324703
0.178276
0.369127
1.000000
0.012574
0.266070
0.649719
0.309032
0.712159
1.000000
0.012541
0.797022
0.637022
0.838767
0.688053
1.000000
0.012537
0.667326
0.654849
0.708359
0.712022
1.000000
0.012498
0.963248
0.947608
1.000051
0.998853
1.000000
0.012492
0.320234
0.724090
0.359934
0.780534
1.000000
0.012484
0.537646
0.661946
0.588048
0.717715
1.000000
0.012473
0.242100
0.722357
0.281367
0.777954
1.000000
0.012470
0.418779
0.618470
0.459162
0.677910
1.000000
0.012357
0.593395
0.923320
0.639039
0.981560
1.000000
0.012356
0.609846
0.658509
0.654597
0.713848
1.000000
0.012305
0.368717
0.722511
0.405551
0.775032
1.000000
0.012289
0.225307
0.676242
0.313553
0.821881
1.000000
0.012282
0.319376
0.296658
0.501661
0.551187
1.000000
0.012184
0.216317
0.689097
0.255758
0.743927
1.000000
0.012169
0.081358
0.535998
0.190569
0.684920
1.000000
0.012073
0.190189
0.658252
0.233428
0.716945
1.000000
0.012062
0.581418
0.346022
0.711606
0.505086
1.000000
0.012057
0.582021
0.318869
0.638266
0.393526
1.000000
0.012036
0.867192
0.721146
0.905367
0.773562
1.000000
0.012023
0.943637
0.599302
1.003947
0.705578
1.000000
0.011991
0.870478
0.157528
0.906368
0.209582
1.000000
0.011939
0.241912
0.582569
0.281534
0.645032
1.000000
0.011939
0.242790
0.655429
0.282889
0.713166
1.000000
0.011915
0.418140
0.289382
0.455872
0.345155
1.000000
0.011898
0.467903
0.289004
0.508679
0.349332
1.000000
0.011882
0.668749
0.691997
0.709507
0.747712
1.000000
0.011860
0.147751
0.290463
0.180312
0.337817
1.000000
0.011823
0.264679
0.950326
0.308828
0.997697
1.000000
0.011806
0.219241
0.581653
0.259432
0.643423
1.000000
0.011801
0.936337
0.908920
0.989860
0.984500
1.000000
0.011784
0.216894
0.718673
0.255449
0.772206
1.000000
0.011734
0.793036
0.955804
0.835805
0.998871
1.000000
0.011731
0.169051
0.960857
0.206548
0.996455
1.000000
0.011723
0.642963
0.692112
0.683916
0.745156
1.000000
0.011710
0.865285
0.678316
0.907215
0.736574
1.000000
0.011693
0.821083
0.122370
0.856903
0.172784
1.000000
0.011644
0.095676
0.329327
0.126152
0.376739
1.000000
0.011634
0.574361
0.672070
0.761862
0.953269
1.000000
0.011625
0.619572
0.752482
0.706774
0.883786
1.000000
0.011619
0.613386
0.792652
0.650709
0.841382
1.000000
0.011571
0.818547
0.515565
0.855101
0.563302
1.000000
0.011570
0.966166
0.492081
0.997770
0.545036
1.000000
0.011562
0.369630
0.479061
0.411435
0.539090
1.000000
0.011535
0.906399
0.746204
1.000562
0.919382
1.000000
0.011428
0.742821
0.955773
0.785798
0.998877
1.000000
0.011405
0.613367
0.284948
0.662103
0.347539
1.000000
0.011405
0.119783
0.553635
0.158588
0.612343
1.000000
0.011393
0.609607
0.916674
0.693496
1.006278
1.000000
0.011374
0.447421
0.655960
0.486625
0.707417
1.000000
0.011367
0.220730
0.524924
0.258157
0.578294
1.000000
0.011345
0.394229
0.671486
0.492704
0.805367
1.000000
0.011323
0.614265
0.248233
0.665515
0.315998
1.000000
0.011270
0.742499
0.680392
0.785363
0.743792
1.000000
0.011257
0.919312
0.488098
0.994697
0.603121
1.000000
0.011241
0.169940
0.528297
0.207869
0.581618
1.000000
0.011216
0.371958
0.654041
0.409429
0.711062
1.000000
0.011194
0.094734
0.527013
0.130867
0.580776
1.000000
0.011182
0.172808
0.325622
0.203996
0.370631
1.000000
0.011177
0.967230
0.384853
0.999137
0.446134
1.000000
0.011163
0.318991
0.753522
0.358410
0.810550
1.000000
0.011160
0.345822
0.651980
0.383942
0.709405
1.000000
0.011140
0.393595
0.721120
0.429563
0.770833
1.000000
0.011124
0.315765
0.588121
0.356317
0.646252
1.000000
0.011107
0.871074
0.217410
0.906956
0.271881
1.000000
0.011102
0.821489
0.155909
0.856662
0.205906
1.000000
0.011097
0.143320
0.530921
0.180635
0.582788
1.000000
0.011067
0.319836
0.490877
0.356018
0.539349
1.000000
0.011056
0.653924
0.476048
0.758948
0.620760
1.000000
0.011056
0.766207
0.054696
0.806396
0.106888
1.000000
0.011026
0.839459
0.684262
0.881706
0.740819
1.000000
0.011019
0.245598
0.524471
0.282713
0.576936
1.000000
0.010994
0.127926
0.481259
0.322583
0.775333
1.000000
0.010974
0.639020
0.320876
0.686283
0.380738
1.000000
0.010966
0.193512
0.254533
0.227265
0.304810
1.000000
0.010956
0.258003
0.493389
0.352965
0.615135
1.000000
0.010923
0.191262
0.956340
0.232451
0.996446
1.000000
0.010915
0.173416
0.194855
0.206265
0.247629
1.000000
0.010901
0.512833
0.285974
0.559734
0.354790
1.000000
0.010884
0.841001
0.719653
0.879549
0.771366
1.000000
0.010867
0.742613
0.716928
0.785505
0.776464
1.000000
0.010857
0.606370
0.349193
0.659201
0.421890
1.000000
0.010829
0.539477
0.754355
0.585018
0.808355
1.000000
0.010817
0.788311
0.479945
0.881973
0.590427
1.000000
0.010788
0.192878
0.583674
0.233811
0.644986
1.000000
0.010734
0.004291
0.387301
0.034723
0.445773
1.000000
0.010734
0.223476
0.495214
0.257683
0.541105
1.000000
0.010703
0.267569
0.584424
0.309188
0.648734
1.000000
0.010697
0.643327
0.656083
0.684701
0.711052
1.000000
0.010695
0.645381
0.790949
0.681367
0.838591
1.000000
0.010681
0.770042
0.913525
0.856102
1.006255
1.000000
0.010661
0.142584
0.659869
0.182658
0.714182
1.000000
0.010658
0.287729
0.756471
0.329945
0.815416
1.000000
0.010636
0.145912
0.392027
0.178310
0.439655
1.000000
0.010636
0.445377
0.290895
0.486869
0.351354
1.000000
0.010626
0.668416
0.125387
0.707805
0.175798
1.000000
0.010621
0.221557
0.255041
0.255346
0.306680
1.000000
0.010604
0.768578
0.579638
0.868024
0.698415
1.000000
0.010582
0.269299
0.519873
0.305834
0.572341
1.000000
0.010565
0.127093
0.922168
0.208421
1.006443
1.000000
0.010532
0.246372
0.257064
0.281210
0.307798
1.000000
0.010520
0.195215
0.526336
0.233871
0.579614
1.000000
0.010515
0.369182
0.619816
0.410346
0.680054
1.000000
0.010505
0.870586
0.121953
0.906711
0.175615
1.000000
0.010462
0.169306
0.585216
0.207888
0.642535
1.000000
0.010457
0.164944
0.715510
0.249177
0.848539
1.000000
0.010455
0.344437
0.753259
0.381450
0.807135
1.000000
0.010434
0.691324
0.590061
0.732655
0.644192
1.000000
0.010426
0.818601
0.603562
0.856994
0.651593
1.000000
0.010410
0.835039
0.487853
0.935512
0.604510
1.000000
0.010382
0.220639
0.225632
0.255562
0.278591
1.000000
0.010377
0.169383
0.620958
0.208340
0.675757
1.000000
0.010373
0.718151
0.959331
0.758565
0.999884
1.000000
0.010361
0.142722
0.583716
0.182054
0.642690
1.000000
0.010351
0.589327
0.252971
0.638472
0.317083
1.000000
0.010341
0.269865
0.122512
0.306332
0.178458
1.000000
0.010334
0.167434
0.657801
0.209622
0.714759
1.000000
0.010328
0.465740
0.596696
0.657201
0.853922
1.000000
0.010325
0.193720
0.912669
0.274020
1.003033
1.000000
0.010274
0.323996
0.425153
0.355904
0.473621
1.000000
0.010231
0.174398
0.362490
0.206153
0.409081
1.000000
0.010231
0.191356
0.618825
0.233619
0.678714
1.000000
0.010196
0.717137
0.178607
1.002119
0.839080
1.000000
0.010189
-0.000788
0.350926
0.061924
0.472800
1.000000
0.010162
0.666417
0.620821
0.708036
0.678834
1.000000
0.010099
0.149924
0.226756
0.183271
0.278232
1.000000
0.010076
0.001093
0.495346
0.066085
0.614567
1.000000
0.010044
0.191351
0.718189
0.234405
0.773165
1.000000
0.010037
0.003831
0.523627
0.034494
0.582323
1.000000
0.010030
0.642587
0.622010
0.684661
0.678005
1.000000
0.010014
0.795024
0.123683
0.830472
0.173168
1.000000
0.010014
0.737166
0.517419
0.837152
0.646588
