1.000000
0.546341
0.407128
0.481883
0.615745
0.778594
1.000000
0.037522
0.364234
0.547608
0.474080
0.705336
1.000000
0.035900
0.604086
0.540515
0.692204
0.685024
1.000000
0.032405
0.922139
0.625836
1.000957
0.759055
1.000000
0.031360
0.539224
0.914167
0.577351
0.972511
1.000000
0.030207
0.755197
0.750243
1.008333
1.021545
1.000000
0.029735
0.163023
0.956706
0.206816
0.997319
1.000000
0.028844
0.459639
0.217647
0.507379
0.283913
1.000000
0.028470
0.433899
0.208823
0.531460
0.333552
1.000000
0.027347
0.851891
0.562054
1.001547
0.831492
1.000000
0.027227
0.369447
0.265348
0.486214
0.392552
1.000000
0.027187
0.370844
0.286806
0.414773
0.347550
1.000000
0.026067
0.297586
0.143662
0.656819
0.667613
1.000000
0.025726
0.116961
0.959082
0.160152
0.998084
1.000000
0.025104
0.329852
0.294662
0.439664
0.438301
1.000000
0.024009
0.484333
0.442233
0.609816
0.629838
1.000000
0.023386
0.268283
0.511528
0.682778
0.999184
1.000000
0.022860
0.359954
0.666475
0.475036
0.820387
1.000000
0.022675
0.389825
0.616457
0.438515
0.685427
1.000000
0.022640
0.409846
0.282681
0.460102
0.346329
1.000000
0.022304
0.692198
0.438934
0.993390
0.956167
1.000000
0.021887
-0.010372
0.616509
0.365224
1.075812
1.000000
0.021785
0.481283
0.252675
0.539841
0.320748
1.000000
0.021570
0.686601
0.910558
0.741747
0.976935
1.000000
0.021443
0.813308
0.615871
0.930878
0.768348
1.000000
0.020885
0.797823
0.531401
0.830153
0.585177
1.000000
0.020664
0.637434
0.578156
0.684844
0.656654
1.000000
0.020519
0.582755
0.457139
0.674740
0.618354
1.000000
0.020465
0.296002
0.369576
0.488438
0.631031
1.000000
0.020409
0.440296
0.255191
0.492842
0.320795
1.000000
0.020161
0.646736
0.874308
0.765206
0.986476
1.000000
0.019957
0.542589
0.945284
0.581980
0.993002
1.000000
0.019880
0.339773
0.358713
0.385578
0.426563
1.000000
0.019791
0.309361
0.346363
0.397135
0.477159
1.000000
0.019720
0.391608
0.269961
0.437791
0.326827
1.000000
0.019446
0.363973
0.556452
0.410322
0.618476
1.000000
0.019397
0.092831
0.960167
0.136978
1.000382
1.000000
0.019305
0.763815
0.542485
0.857068
0.682250
1.000000
0.018959
0.564794
0.950895
0.603114
0.994958
1.000000
0.018861
0.654607
0.552186
0.750558
0.684561
1.000000
0.018823
0.012826
0.949641
0.058604
0.996332
1.000000
0.018327
0.963828
0.951146
0.999545
0.997875
1.000000
0.018289
0.401840
0.410524
0.544082
0.591520
1.000000
0.017924
0.659484
0.685512
0.762943
0.824508
1.000000
0.017913
0.385485
0.131895
0.571758
0.368995
1.000000
0.017638
0.443995
0.635289
0.570185
0.795204
1.000000
0.017570
0.120267
0.926654
0.207428
1.008849
1.000000
0.017562
0.525455
0.897408
0.602507
0.999165
1.000000
0.017180
0.415366
0.713865
0.460765
0.779313
1.000000
0.017170
0.064914
0.960424
0.106789
0.999062
1.000000
0.017115
0.440621
0.710260
0.492228
0.779436
1.000000
0.016776
0.326083
0.383734
0.366892
0.442649
1.000000
0.016754
0.422423
0.224987
0.463033
0.281414
1.000000
0.016739
0.523462
0.948301
0.560407
0.993211
1.000000
0.016679
0.447930
0.200083
0.487648
0.254020
1.000000
0.016584
0.349536
0.290348
0.390902
0.346684
1.000000
0.016523
0.775516
0.529131
0.807982
0.585596
1.000000
0.016486
0.769058
0.579042
0.808999
0.648135
1.000000
0.016409
0.322653
0.292422
0.358428
0.343409
1.000000
0.016356
0.698101
0.525704
0.787007
0.657584
1.000000
0.016341
0.960677
0.712003
1.002367
0.786544
1.000000
0.016259
0.510457
0.455130
0.563151
0.529819
1.000000
0.016250
0.642862
0.919243
0.691746
0.980362
1.000000
0.016220
0.961505
0.621549
0.999408
0.693355
1.000000
0.016048
0.707008
0.945086
0.758379
0.997511
1.000000
0.015982
0.678355
0.745994
0.783552
0.885788
1.000000
0.015952
0.411828
0.641541
0.461994
0.711883
1.000000
0.015939
0.532141
0.252578
0.583905
0.319712
1.000000
0.015932
0.814384
0.548742
0.850507
0.608976
1.000000
0.015893
0.616419
0.541948
0.825632
0.837741
1.000000
0.015851
0.812710
0.526673
0.906192
0.670191
1.000000
0.015802
0.389310
0.714332
0.435794
0.781383
1.000000
0.015733
0.909672
0.521336
0.994948
0.678405
1.000000
0.015688
0.510979
0.225943
0.558640
0.286270
1.000000
0.015567
0.369433
0.226213
0.406827
0.280150
1.000000
0.015514
0.890958
0.615993
0.940097
0.689107
1.000000
0.015490
0.328667
0.604730
0.428745
0.749891
1.000000
0.015464
0.323956
0.589007
0.359669
0.640774
1.000000
0.015464
0.966007
0.583974
1.001801
0.653368
1.000000
0.015461
0.690567
0.601422
0.788664
0.735145
1.000000
0.015429
0.323289
0.450869
0.361130
0.506139
1.000000
0.015367
0.590912
0.957703
0.631345
1.000711
1.000000
0.015349
0.862431
0.650650
0.913614
0.721782
1.000000
0.015321
0.348353
0.197214
0.443718
0.337835
1.000000
0.015238
0.220643
0.659610
0.256208
0.712309
1.000000
0.015001
0.272043
0.717318
0.310810
0.777220
1.000000
0.014954
0.925417
0.883644
1.001225
0.994397
1.000000
0.014943
0.218084
0.663427
0.310430
0.797574
1.000000
0.014883
0.325419
0.415456
0.364845
0.475166
1.000000
0.014802
0.617767
0.955405
0.659876
0.999352
1.000000
0.014741
0.262797
0.698559
0.363088
0.844655
1.000000
0.014659
0.387922
0.305783
0.441009
0.376538
1.000000
0.014631
0.372766
0.645063
0.414331
0.707820
1.000000
0.014628
0.966092
0.548062
0.999655
0.615188
1.000000
0.014571
0.321695
0.528001
0.356572
0.574821
1.000000
0.014565
0.884912
0.953174
0.932797
0.998462
1.000000
0.014522
0.867249
0.616802
0.911659
0.684551
1.000000
0.014476
0.323011
0.625366
0.358424
0.674454
1.000000
0.014339
0.370888
0.686832
0.411604
0.748099
1.000000
0.014267
0.325055
0.561843
0.359189
0.608596
1.000000
0.014255
0.466635
0.617855
0.897038
1.078167
1.000000
0.014241
0.053379
0.901912
0.167368
1.001366
1.000000
0.014190
0.408881
0.550658
0.463352
0.621954
1.000000
0.014189
0.814720
0.580311
0.854448
0.646634
1.000000
0.014160
0.539020
0.222519
0.585500
0.281908
1.000000
0.014157
0.621206
0.556160
0.666969
0.629007
1.000000
0.014157
0.489309
0.226746
0.597023
0.355638
1.000000
0.014093
0.435591
0.583462
0.489570
0.657801
1.000000
0.014023
0.506140
0.276027
0.561014
0.342203
1.000000
0.014019
0.309420
0.546006
0.400964
0.680162
1.000000
0.014016
0.280026
0.289654
0.375544
0.428030
1.000000
0.013969
0.269883
0.630757
0.362187
0.762126
1.000000
0.013833
0.597138
0.578236
0.643775
0.647712
1.000000
0.013819
0.619256
0.524467
0.659281
0.588004
1.000000
0.013801
0.963004
0.784750
1.001147
0.846031
1.000000
0.013733
0.344639
0.325610
0.388586
0.388170
1.000000
0.013677
0.664096
0.948195
0.713233
0.998241
1.000000
0.013652
0.348846
0.266914
0.385780
0.315872
1.000000
0.013651
0.484672
0.114865
0.576823
0.249613
1.000000
0.013638
0.721965
0.589581
0.758405
0.648943
1.000000
0.013590
0.162554
0.679009
0.262986
0.818428
1.000000
0.013549
0.040516
0.957915
0.084534
0.999240
1.000000
0.013541
0.242047
0.660221
0.277136
0.712301
1.000000
0.013519
0.003903
0.685739
0.084563
0.817402
1.000000
0.013510
0.462920
0.480156
0.516900
0.556618
1.000000
0.013481
0.322265
0.263937
0.357661
0.315155
1.000000
0.013445
0.849446
0.883244
0.962694
0.998578
1.000000
0.013405
0.708050
0.885748
0.824818
0.997370
1.000000
0.013393
0.212789
0.955265
0.257451
0.998931
1.000000
0.013350
0.507084
0.503956
0.564109
0.590792
1.000000
0.013345
0.534357
0.195443
0.941385
0.804280
1.000000
0.013311
0.497016
0.956121
0.534715
0.999300
1.000000
0.013302
0.529581
0.891344
0.562799
0.946018
1.000000
0.013275
0.350190
0.582439
0.390498
0.642595
1.000000
0.013260
0.003449
0.926163
0.039564
0.984682
1.000000
0.013172
0.909803
0.584193
0.958112
0.658559
1.000000
0.013068
0.457968
0.680443
0.518491
0.755050
1.000000
0.013059
0.098620
0.684266
0.209080
0.828664
1.000000
0.013045
0.844505
0.584592
0.884801
0.646970
1.000000
0.013030
0.746606
0.585892
0.784570
0.649663
1.000000
0.013026
0.321377
0.329542
0.360168
0.386765
1.000000
0.012988
0.964333
0.819032
1.001238
0.877678
1.000000
0.012968
0.479771
0.707632
0.539381
0.780452
1.000000
0.012952
0.908474
0.711982
0.962945
0.783048
1.000000
0.012935
0.279266
0.408519
0.372069
0.547118
1.000000
0.012926
0.867625
0.555628
0.905445
0.613583
1.000000
0.012926
0.762048
0.955537
0.808142
1.001037
1.000000
0.012909
0.470085
0.960612
0.507505
0.999822
1.000000
0.012903
0.721231
0.557047
0.755404
0.613247
1.000000
0.012901
0.531687
0.812056
0.735788
1.010899
1.000000
0.012879
0.833601
0.697342
0.948115
0.829402
1.000000
0.012861
0.837623
0.681628
0.890673
0.753800
1.000000
0.012792
0.346837
0.718184
0.388717
0.779185
1.000000
0.012751
0.585226
0.483784
0.628014
0.551959
1.000000
0.012710
0.404418
0.286905
0.552136
0.460046
1.000000
0.012689
0.818921
0.653039
0.862168
0.717098
1.000000
0.012663
0.720352
0.525367
0.753441
0.581212
1.000000
0.012659
0.369366
0.748567
0.411353
0.809970
1.000000
0.012647
0.515517
0.583636
0.637088
0.756593
1.000000
0.012641
0.764935
0.673348
0.886909
0.812663
1.000000
0.012594
0.170340
0.657853
0.208383
0.710982
1.000000
0.012572
0.321764
0.488026
0.357318
0.538538
1.000000
0.012558
0.197418
0.658522
0.234486
0.712342
1.000000
0.012539
0.069567
0.841506
0.253362
1.034207
1.000000
0.012524
0.901926
0.736621
0.995779
0.881144
1.000000
0.012481
0.814862
0.953128
0.861001
0.998607
1.000000
0.012441
0.462143
0.740793
0.513959
0.809724
1.000000
0.012410
0.937099
0.746632
0.990522
0.816962
1.000000
0.012402
0.318437
0.222511
0.353762
0.274221
1.000000
0.012362
0.362448
0.487689
0.407041
0.548324
1.000000
0.012339
0.634201
0.460098
0.725205
0.611600
1.000000
0.012283
0.395677
0.227516
0.435515
0.282814
1.000000
0.012236
0.186252
0.955416
0.232086
0.999581
1.000000
0.012139
0.534957
0.480294
0.589960
0.558148
1.000000
0.012123
0.540033
0.862732
0.576750
0.920831
1.000000
0.012078
0.298547
0.226783
0.393607
0.359919
1.000000
0.011983
0.437651
0.519323
0.491667
0.591058
1.000000
0.011918
0.690103
0.720800
0.733533
0.778333
1.000000
0.011904
0.503677
0.680013
0.561697
0.754430
1.000000
0.011869
0.215908
0.669041
0.425524
0.968618
1.000000
0.011860
0.894379
0.555783
0.934311
0.617488
1.000000
0.011825
0.734820
0.744428
0.840783
0.872893
1.000000
0.011823
0.249109
0.719509
0.286711
0.777640
1.000000
0.011787
0.717150
0.648680
0.758228
0.709825
1.000000
0.011753
0.511339
0.147122
0.555568
0.207980
1.000000
0.011721
0.171217
0.690029
0.209142
0.744227
1.000000
0.011705
0.692076
0.589631
0.729771
0.647598
1.000000
0.011696
0.316018
0.719940
0.356781
0.777892
1.000000
0.011677
0.219433
0.717425
0.257049
0.776600
1.000000
0.011640
0.468528
0.121173
0.509870
0.181864
1.000000
0.011517
0.737127
0.752963
0.783409
0.813561
1.000000
0.011493
0.050315
0.639504
0.165397
0.777538
1.000000
0.011491
0.487068
0.580627
0.540217
0.657454
1.000000
0.011464
0.359298
0.450189
0.405947
0.514058
1.000000
0.011407
0.303065
0.360833
0.339496
0.412306
1.000000
0.011384
0.144612
0.657119
0.181909
0.708119
1.000000
0.011384
-0.001340
0.552379
0.062371
0.677375
1.000000
0.011383
0.012857
0.654916
0.057722
0.722518
1.000000
0.011370
0.608007
0.634222
0.712377
0.782480
1.000000
0.011347
0.347759
0.225605
0.383767
0.277891
1.000000
0.011337
0.796103
0.916758
0.890703
1.007780
1.000000
0.011321
0.244713
0.342859
0.337296
0.482515
1.000000
0.011317
0.816668
0.617045
0.856740
0.680823
1.000000
0.011293
0.116194
0.721018
0.156750
0.776984
1.000000
0.011272
0.016857
0.092982
0.330940
0.711431
1.000000
0.011263
0.691246
0.646631
0.734491
0.709744
1.000000
0.011247
0.071132
0.470259
0.159729
0.603904
1.000000
0.011242
0.966726
0.482755
0.997836
0.547739
1.000000
0.011218
0.166655
0.788312
0.206287
0.840092
1.000000
0.011203
0.882575
0.675968
0.939359
0.753677
1.000000
0.011194
0.002454
0.715264
0.040101
0.782824
1.000000
0.011193
0.843273
0.617964
0.886391
0.684246
1.000000
0.011178
0.638964
0.634329
0.685480
0.703402
1.000000
0.011178
0.497666
0.347214
0.616247
0.525779
1.000000
0.011168
0.774266
0.500154
0.802909
0.550659
1.000000
0.011137
0.468286
0.160098
0.506805
0.214863
1.000000
0.011117
0.439477
0.451341
0.492108
0.523232
1.000000
0.011117
0.393289
0.121987
0.485600
0.252297
1.000000
0.011107
0.244776
0.526507
0.277833
0.573159
1.000000
0.011105
0.536794
0.579727
0.588203
0.654306
1.000000
0.011092
0.740544
0.649995
0.779430
0.709939
1.000000
0.011082
0.348282
0.529892
0.386651
0.582358
1.000000
0.011056
0.299865
0.293730
0.336079
0.345356
1.000000
0.011044
0.069033
0.478494
0.275437
0.781058
1.000000
0.011016
0.484110
0.194037
0.530938
0.253680
1.000000
0.010985
0.422229
0.195778
0.461576
0.250675
1.000000
0.010978
0.386981
0.343627
0.437828
0.411679
1.000000
0.010975
0.368527
0.190401
0.405800
0.245572
1.000000
0.010921
0.557859
0.285466
0.605184
0.345314
1.000000
0.010884
0.791077
0.613118
0.831285
0.676236
1.000000
0.010877
0.482957
0.639897
0.540973
0.722993
1.000000
0.010867
0.220822
0.632957
0.255637
0.680347
1.000000
0.010852
0.300150
0.328213
0.335022
0.378771
1.000000
0.010815
0.141520
0.722168
0.181086
0.777531
1.000000
0.010795
0.293014
0.221122
0.331500
0.277037
1.000000
0.010793
0.003175
0.519430
0.035504
0.582457
1.000000
0.010714
0.914162
0.953891
0.957748
0.997350
1.000000
0.010682
0.245665
0.548320
0.336642
0.683603
1.000000
0.010680
0.432824
0.306755
0.484325
0.376158
1.000000
0.010588
0.413457
0.484663
0.464053
0.554273
1.000000
0.010580
0.496973
0.696463
0.615542
0.840410
1.000000
0.010576
0.300576
0.457867
0.336658
0.508529
1.000000
0.010576
0.752665
0.525090
0.785641
0.580773
1.000000
0.010569
0.640911
0.700723
0.859757
0.963690
1.000000
0.010563
0.565142
0.504451
0.610884
0.576462
1.000000
0.010542
0.609282
0.747062
0.727196
0.894291
1.000000
0.010532
0.246389
0.690623
0.282304
0.744925
1.000000
0.010516
0.385920
0.528014
0.436661
0.593422
1.000000
0.010513
0.320611
0.150116
0.413846
0.282779
1.000000
0.010489
0.137919
0.632207
0.238392
0.756951
1.000000
0.010469
0.168542
0.721635
0.207766
0.779082
1.000000
0.010443
0.272752
0.660563
0.309285
0.715494
1.000000
0.010431
0.403104
0.761597
0.517968
0.915447
1.000000
0.010387
0.011363
0.547764
0.051547
0.611649
1.000000
0.010382
0.317510
0.751491
0.357473
0.806902
1.000000
0.010363
0.195807
0.687956
0.233611
0.744893
1.000000
0.010350
0.120557
0.518677
0.154877
0.569672
1.000000
0.010334
0.597385
0.903744
0.702053
1.006873
1.000000
0.010294
0.750615
0.556487
0.785637
0.616238
1.000000
0.010294
0.223236
0.526829
0.254101
0.572132
1.000000
0.010274
0.167718
0.754844
0.207020
0.811443
1.000000
0.010269
0.641217
0.528956
0.678263
0.588862
1.000000
0.010250
0.296576
0.256931
0.333068
0.309742
1.000000
0.010238
0.001462
0.889135
0.077211
0.987174
1.000000
0.010232
0.002680
0.584561
0.035864
0.647980
1.000000
0.010221
0.714997
0.781644
0.759361
0.840097
1.000000
0.010215
0.244965
0.476616
0.334843
0.610298
1.000000
0.010203
0.718897
0.685206
0.760110
0.743453
1.000000
0.010180
0.263164
0.157042
0.348908
0.284757
1.000000
0.010171
0.246855
0.455254
0.280151
0.502626
1.000000
0.010171
0.194457
0.717905
0.232490
0.776380
1.000000
0.010143
0.221502
0.754465
0.258969
0.811955
1.000000
0.010136
0.696079
0.526230
0.730626
0.582717
1.000000
0.010133
0.766667
0.646693
0.806709
0.707372
1.000000
0.010119
0.215386
0.595495
0.308768
0.724359
1.000000
0.010106
0.348615
0.618621
0.387972
0.676008
1.000000
0.010089
0.717191
0.723746
0.759855
0.782308
1.000000
0.010083
0.345819
0.189030
0.383734
0.244776
1.000000
0.010083
0.119923
0.470098
0.207298
0.600163
1.000000
0.010081
0.791404
0.955152
0.835993
0.999963
1.000000
0.010079
0.096986
0.462612
0.127025
0.509629
1.000000
0.010048
0.272030
0.327860
0.303637
0.376330
1.000000
0.010019
0.510068
0.741690
0.561353
0.808153
