1.000000
0.275293
0.274003
0.290060
0.820796
0.988123
1.000000
0.234906
0.371678
0.270413
0.500386
0.462074
1.000000
0.060381
-0.009706
0.786616
0.245742
1.015905
1.000000
0.045551
0.014189
0.578781
0.387209
1.121494
1.000000
0.039906
0.328404
0.240589
0.567596
0.607759
1.000000
0.038501
0.400940
0.270042
0.470171
0.359597
1.000000
0.037863
0.475664
0.586447
0.512652
0.641036
1.000000
0.031901
0.405355
0.405215
0.516052
0.562840
1.000000
0.031469
0.368367
0.311970
0.414102
0.379790
1.000000
0.030652
0.647552
0.540058
0.747064
0.690492
1.000000
0.029569
0.745641
0.741263
1.005269
1.010569
1.000000
0.028574
0.011504
0.943398
0.060701
0.997410
1.000000
0.028454
0.719005
0.435814
0.905474
0.713306
1.000000
0.028077
0.765541
0.459814
0.799423
0.519158
1.000000
0.027321
0.782095
0.556547
0.884239
0.695796
1.000000
0.025993
0.385628
0.341795
0.441062
0.420381
1.000000
0.025115
0.839680
0.535938
0.930573
0.685683
1.000000
0.024594
0.410015
0.442024
0.466702
0.520293
1.000000
0.024429
0.474740
0.431847
0.583159
0.570899
1.000000
0.024380
0.538808
0.404378
0.638215
0.528443
1.000000
0.024293
0.963776
0.950608
0.999334
0.997555
1.000000
0.024051
0.627266
0.478189
0.951257
0.980977
1.000000
0.023726
0.672270
0.465217
0.776418
0.611625
1.000000
0.022051
0.723986
0.430808
0.804295
0.565970
1.000000
0.021881
0.416029
0.513237
0.514270
0.647901
1.000000
0.021661
0.615736
0.606241
0.710287
0.748049
1.000000
0.021632
0.558964
0.604716
0.655266
0.730054
1.000000
0.021093
0.458992
0.478447
0.508600
0.546087
1.000000
0.020216
0.474786
0.335843
0.585787
0.496707
1.000000
0.020042
0.666171
0.580977
0.711759
0.651267
1.000000
0.019812
0.619664
0.447727
0.723595
0.581716
1.000000
0.019601
0.602881
0.417426
0.805506
0.704972
1.000000
0.019433
0.483896
0.316190
0.535721
0.386494
1.000000
0.019326
0.964080
0.518931
0.998764
0.587896
1.000000
0.019239
0.744009
0.473829
0.787409
0.544724
1.000000
0.018806
0.869076
0.548025
0.912498
0.616539
1.000000
0.018776
0.584541
0.434588
0.636427
0.505677
1.000000
0.018660
0.405554
0.374108
0.465725
0.456983
1.000000
0.018572
0.341234
0.256049
0.439329
0.394575
1.000000
0.018560
0.669220
0.488517
0.713383
0.551630
1.000000
0.018458
0.816941
0.517372
0.859550
0.581543
1.000000
0.018363
0.323055
0.461413
0.421407
0.595801
1.000000
0.018309
0.113498
-0.042383
0.551158
0.644886
1.000000
0.018263
0.961585
0.578856
0.999688
0.654393
1.000000
0.018232
0.441061
0.513055
0.486791
0.576616
1.000000
0.018186
0.391485
0.482917
0.439561
0.548786
1.000000
0.017976
0.670826
0.653606
0.711327
0.711694
1.000000
0.017803
0.560889
0.483169
0.663932
0.621477
1.000000
0.017795
0.588548
0.622341
0.633944
0.680841
1.000000
0.017766
0.962448
0.649770
0.999638
0.717267
1.000000
0.017714
0.692232
0.486754
0.738051
0.553569
1.000000
0.017475
0.546244
0.629472
0.585996
0.679228
1.000000
0.017455
0.391510
0.409473
0.440780
0.484043
1.000000
0.017384
0.614894
0.649358
0.654293
0.705096
1.000000
0.017299
0.484886
0.447926
0.535838
0.519474
1.000000
0.017254
0.411384
0.513224
0.458776
0.579366
1.000000
0.017204
0.758664
0.477257
0.859658
0.623321
1.000000
0.017192
0.669560
0.723231
0.707716
0.776648
1.000000
0.017162
0.644508
0.654071
0.685911
0.712246
1.000000
0.017098
0.962985
0.786377
0.997697
0.842999
1.000000
0.017071
0.012112
0.895223
0.107094
1.003261
1.000000
0.017050
0.483928
0.376411
0.536772
0.449892
1.000000
0.016973
0.642174
0.582623
0.687033
0.650477
1.000000
0.016845
0.688826
0.593268
0.790976
0.739835
1.000000
0.016743
0.843949
0.551259
0.886768
0.616526
1.000000
0.016663
0.919400
0.526315
0.996524
0.697370
1.000000
0.016603
0.014217
0.887696
0.061630
0.956188
1.000000
0.016562
0.426453
0.303374
0.491825
0.391158
1.000000
0.016493
0.713469
0.505355
0.761980
0.579211
1.000000
0.016357
0.819684
0.487675
0.857330
0.545052
1.000000
0.016209
0.456118
0.281179
0.508450
0.355703
1.000000
0.016168
0.645626
0.679134
0.728750
0.814007
1.000000
0.016157
0.066928
0.950743
0.109993
0.998204
1.000000
0.016080
0.646774
0.688555
0.688120
0.745133
1.000000
0.016010
0.117558
0.800472
0.213870
0.941432
1.000000
0.015844
0.363551
0.516456
0.410674
0.582947
1.000000
0.015634
0.542454
0.418100
0.596176
0.485992
1.000000
0.015566
0.367650
0.261125
0.415702
0.332389
1.000000
0.015409
0.515916
0.563126
0.615776
0.696523
1.000000
0.015266
0.264250
0.949775
0.306895
0.996332
1.000000
0.015228
0.353118
0.384050
0.456268
0.546961
1.000000
0.015190
0.353150
0.290468
0.393872
0.346829
1.000000
0.015151
0.812765
0.585885
0.861732
0.653966
1.000000
0.015134
0.613396
0.587719
0.657121
0.652053
1.000000
0.015077
0.940883
0.921699
0.989734
0.983615
1.000000
0.015071
0.368347
0.459352
0.564044
0.740324
1.000000
0.014781
0.912897
0.577398
0.958063
0.650952
1.000000
0.014755
0.669414
0.756790
0.707367
0.810928
1.000000
0.014701
0.843694
0.487937
0.881169
0.547260
1.000000
0.014675
0.619833
0.686228
0.657484
0.739137
1.000000
0.014604
0.963832
0.718495
1.000179
0.781288
1.000000
0.014492
0.369940
0.451122
0.414252
0.516481
1.000000
0.014482
0.691803
0.616784
0.736282
0.684302
1.000000
0.014453
0.141192
0.954545
0.181700
0.998911
1.000000
0.014433
0.615233
0.515594
0.659602
0.578746
1.000000
0.014241
0.309650
0.530910
0.423089
0.683804
1.000000
0.014227
0.821538
0.452385
0.909208
0.596197
1.000000
0.014225
0.593404
0.671806
0.687334
0.812165
1.000000
0.014214
0.964628
0.854639
0.999158
0.911220
1.000000
0.014157
0.167547
0.956432
0.205495
0.997950
1.000000
0.014109
0.039162
0.950662
0.084750
0.999871
1.000000
0.014100
0.512805
0.416330
0.561933
0.484552
1.000000
0.014094
0.522614
0.502491
0.720963
0.776274
1.000000
0.013904
0.370475
0.374492
0.416015
0.445140
1.000000
0.013902
0.965396
0.820557
0.998389
0.874926
1.000000
0.013890
0.867216
0.960255
0.906074
0.996502
1.000000
0.013846
0.713384
0.956932
0.755262
0.998452
1.000000
0.013830
0.892249
0.527236
0.933752
0.591914
1.000000
0.013820
0.817123
0.962189
0.856005
0.998174
1.000000
0.013754
0.940429
0.546028
0.987504
0.619038
1.000000
0.013685
0.914218
0.524268
0.954687
0.589749
1.000000
0.013684
0.515661
0.350153
0.726267
0.612323
1.000000
0.013601
0.417760
0.582258
0.455516
0.639272
1.000000
0.013553
0.455948
0.341375
0.512571
0.423462
1.000000
0.013515
0.762774
0.506517
0.805640
0.576507
1.000000
0.013439
0.647116
0.720739
0.686782
0.774083
1.000000
0.013336
0.642971
0.512114
0.687674
0.576333
1.000000
0.013260
0.867732
0.489158
0.904780
0.548728
1.000000
0.013227
0.159770
0.756398
0.251310
0.896744
1.000000
0.013194
0.864580
0.613454
0.909872
0.678342
1.000000
0.013176
0.614941
0.549772
0.659586
0.617462
1.000000
0.013141
0.274751
0.206689
0.450019
0.496760
1.000000
0.013137
0.836852
0.614497
0.885379
0.681790
1.000000
0.013078
0.795096
0.517800
0.834734
0.578315
1.000000
0.013039
0.456031
0.406764
0.512900
0.490315
1.000000
0.013005
0.118316
0.900756
0.201423
1.004597
1.000000
0.012905
0.191683
0.957165
0.231724
0.999723
1.000000
0.012902
0.731984
0.640370
0.841981
0.778142
1.000000
0.012805
0.914296
0.707125
0.992516
0.844291
1.000000
0.012803
0.218426
0.958651
0.255264
0.999036
1.000000
0.012800
-0.002026
0.755544
0.069084
0.870083
1.000000
0.012798
0.916190
0.959027
0.957912
0.998068
1.000000
0.012786
0.118246
0.953112
0.159080
0.998086
1.000000
0.012782
0.720991
0.457028
0.760346
0.524924
1.000000
0.012759
0.294125
0.551465
0.336611
0.612815
1.000000
0.012725
0.485613
0.256588
0.533561
0.322730
1.000000
0.012715
0.711393
0.651685
0.756640
0.711036
1.000000
0.012630
0.188302
0.922604
0.229746
0.981717
1.000000
0.012606
0.389256
0.543325
0.437248
0.612935
1.000000
0.012514
0.916755
0.656449
0.957805
0.714544
1.000000
0.012509
0.477741
0.521702
0.571030
0.655285
1.000000
0.012509
0.937582
0.638604
1.005433
0.776129
1.000000
0.012498
0.714500
0.691363
0.758576
0.747416
1.000000
0.012493
0.192595
0.857300
0.231455
0.909840
1.000000
0.012472
0.293532
0.487646
0.333477
0.544024
1.000000
0.012376
0.888488
0.959235
0.930780
0.997923
1.000000
0.012373
0.057982
0.881284
0.158995
0.996703
1.000000
0.012362
0.433036
0.226927
0.547697
0.374621
1.000000
0.012359
0.939434
0.755329
0.987545
0.820547
1.000000
0.012351
0.216143
0.828821
0.254239
0.882664
1.000000
0.012235
0.716611
0.723410
0.759955
0.775803
1.000000
0.012205
0.891344
0.612045
0.936661
0.678421
1.000000
0.012169
0.692644
0.688836
0.733844
0.743694
1.000000
0.012161
0.766146
0.962440
0.805550
0.999767
1.000000
0.012100
0.621367
0.723305
0.658305
0.773622
1.000000
0.012007
0.694632
0.684544
0.786596
0.814806
1.000000
0.011983
0.693707
0.724006
0.734442
0.776260
1.000000
0.011928
0.593881
0.684983
0.632775
0.739779
1.000000
0.011898
0.935453
0.458790
1.003206
0.606691
1.000000
0.011885
0.790226
0.460548
0.824870
0.514058
1.000000
0.011747
0.445989
0.553163
0.488960
0.615094
1.000000
0.011742
0.509110
0.288490
0.553611
0.352418
1.000000
0.011734
0.941684
0.610941
0.988730
0.685225
1.000000
0.011721
0.066054
0.892439
0.106845
0.953520
1.000000
0.011669
0.172433
0.594518
0.208780
0.647582
1.000000
0.011662
0.410243
0.228646
0.461022
0.296290
1.000000
0.011624
0.713155
0.579850
0.759836
0.650634
1.000000
0.011622
0.216583
0.791096
0.254628
0.845179
1.000000
0.011611
0.167798
0.858055
0.206526
0.910367
1.000000
0.011594
0.845258
0.438843
0.994685
0.744405
1.000000
0.011588
0.508637
0.480460
0.555982
0.544397
1.000000
0.011585
0.090417
0.953129
0.133179
1.000231
1.000000
0.011580
0.219166
0.750192
0.304861
0.888217
1.000000
0.011562
0.640286
0.451490
0.683544
0.516728
1.000000
0.011548
0.589075
0.478079
0.637215
0.545576
1.000000
0.011543
0.086815
0.748711
0.186228
0.893157
1.000000
0.011483
0.965570
0.889495
0.998820
0.945510
1.000000
0.011480
0.161978
0.676049
0.254465
0.822612
1.000000
0.011415
0.579393
0.361103
0.679357
0.499706
1.000000
0.011394
0.275781
0.501507
0.381222
0.629952
1.000000
0.011350
0.842191
0.959843
0.883153
0.997371
1.000000
0.011327
0.738364
0.581359
0.785768
0.647793
1.000000
0.011321
0.837369
0.642044
0.933936
0.785332
1.000000
0.011309
0.248114
0.923568
0.288620
0.981787
1.000000
0.011193
0.538760
0.478746
0.587562
0.544334
1.000000
0.011185
0.692143
0.547941
0.739005
0.620369
1.000000
0.011185
0.666789
0.786978
0.704543
0.839277
1.000000
0.011087
0.316774
0.547486
0.365005
0.614371
1.000000
0.011054
0.793259
0.485225
0.830542
0.543523
1.000000
0.011036
0.933890
0.786150
1.003053
0.903890
1.000000
0.010951
0.244064
0.755419
0.282685
0.809725
1.000000
0.010946
0.002663
0.857901
0.037392
0.915224
1.000000
0.010946
0.720104
0.422161
0.754934
0.484806
1.000000
0.010943
0.643531
0.750939
0.728452
0.885728
1.000000
0.010941
0.621852
0.760578
0.658355
0.809566
1.000000
0.010916
0.317927
0.488667
0.361300
0.548111
1.000000
0.010910
0.219341
0.926181
0.256645
0.980990
1.000000
0.010896
0.367654
0.228954
0.409970
0.288365
1.000000
0.010889
0.486586
0.514818
0.528617
0.575887
1.000000
0.010871
0.967612
0.452969
0.999383
0.520107
1.000000
0.010868
0.915962
0.927109
0.962343
0.979855
1.000000
0.010831
0.168522
0.790756
0.208022
0.845487
1.000000
0.010800
0.894430
0.490523
0.931320
0.551188
1.000000
0.010782
0.190343
0.886246
0.228512
0.943328
1.000000
0.010757
0.561234
0.392911
0.613437
0.464463
1.000000
0.010714
0.891843
0.658144
0.936480
0.714733
1.000000
0.010699
0.192443
0.791233
0.232175
0.845327
1.000000
0.010678
0.123081
0.617918
0.308616
0.929565
1.000000
0.010670
0.648042
0.759608
0.687885
0.813659
1.000000
0.010572
0.173728
0.459753
0.204970
0.508855
1.000000
0.010508
0.241782
0.587653
0.280616
0.647608
1.000000
0.010446
0.191343
0.756300
0.232982
0.811362
1.000000
0.010436
0.868180
0.928716
0.909027
0.975991
1.000000
0.010395
0.765565
0.583917
0.811989
0.648832
1.000000
0.010356
0.792300
0.962538
0.832803
0.998986
1.000000
0.010349
0.670759
0.956698
0.708908
0.996422
1.000000
0.010346
0.865150
0.656577
0.909787
0.712523
1.000000
0.010336
0.266226
0.788046
0.305354
0.840883
1.000000
0.010315
0.121204
0.860125
0.160777
0.913386
1.000000
0.010269
0.002074
0.785181
0.036045
0.846038
1.000000
0.010241
0.341038
0.163534
0.440680
0.307106
1.000000
0.010241
0.141117
0.828968
0.181905
0.885673
1.000000
0.010238
0.568128
0.595485
0.610670
0.654167
1.000000
0.010224
0.161107
0.582802
0.264997
0.739624
1.000000
0.010222
0.002602
0.655879
0.036833
0.716589
1.000000
0.010208
0.012368
0.818385
0.057576
0.880694
1.000000
0.010190
0.264313
0.756367
0.304701
0.813832
1.000000
0.010157
0.029703
0.795591
0.134670
0.939351
1.000000
0.010138
0.000051
0.678485
0.071188
0.794223
1.000000
0.010090
0.594109
0.724288
0.629632
0.772460
1.000000
0.010065
0.217186
0.756884
0.255658
0.810760
1.000000
0.010064
0.813217
0.648373
0.860598
0.706837
1.000000
0.010060
0.067598
0.825707
0.105723
0.879334
1.000000
0.010051
0.916246
0.491490
0.952068
0.552329
1.000000
0.010033
0.508550
0.349715
0.556127
0.418288
