1.000000
0.102806
0.308586
0.501615
0.663415
0.927336
1.000000
0.054831
0.013466
0.609955
0.053707
0.671332
1.000000
0.046776
0.080334
0.378773
0.505529
0.965726
1.000000
0.035213
0.015123
0.748152
0.059760
0.814204
1.000000
0.032608
0.002708
0.743353
0.079683
0.877002
1.000000
0.032570
0.015606
0.650583
0.054752
0.709596
1.000000
0.032210
0.002442
0.822888
0.035512
0.882141
1.000000
0.032088
0.126654
0.616923
0.197342
0.741989
1.000000
0.031329
0.012832
0.919114
0.058454
0.985560
1.000000
0.030995
0.012325
0.856459
0.052534
0.917854
1.000000
0.030083
0.003714
0.723018
0.036779
0.781518
1.000000
0.029962
0.001843
0.001974
0.033926
0.050979
1.000000
0.029681
0.005736
0.609378
0.075130
0.731595
1.000000
0.028947
0.015433
0.682098
0.055779
0.740820
1.000000
0.028556
0.165400
0.038140
0.655169
0.669983
1.000000
0.028427
0.147359
0.650888
0.183866
0.707673
1.000000
0.027450
0.003826
0.820175
0.077930
0.950413
1.000000
0.027089
0.004636
0.884225
0.036562
0.944774
1.000000
0.026923
0.751568
0.660391
1.028478
1.016317
1.000000
0.026250
0.407859
0.089215
0.939209
0.783548
1.000000
0.024795
0.072416
0.686941
0.157439
0.813993
1.000000
0.024556
0.002746
0.947098
0.036845
0.994610
1.000000
0.024551
0.003673
0.557253
0.036824
0.620222
1.000000
0.023135
0.101443
0.553452
0.180814
0.688333
1.000000
0.022660
0.037018
0.720275
0.118003
0.843964
1.000000
0.022397
0.038312
0.726832
0.076639
0.784187
1.000000
0.022061
0.220138
0.610563
0.317407
0.752855
1.000000
0.021633
0.040459
0.656953
0.074374
0.708273
1.000000
0.021574
0.165398
0.687196
0.200169
0.740666
1.000000
0.021265
0.162592
0.624038
0.199102
0.681131
1.000000
0.021236
0.003170
0.790261
0.035045
0.847783
1.000000
0.021212
0.424761
0.587029
0.587944
0.801183
1.000000
0.021154
0.242618
0.537265
0.334394
0.695261
1.000000
0.020800
0.163257
0.755914
0.200624
0.810853
1.000000
0.020636
0.072637
0.608650
0.154906
0.734081
1.000000
0.020608
0.167592
0.618217
0.253874
0.746870
1.000000
0.020510
0.038164
0.619446
0.071836
0.671255
1.000000
0.020079
0.130107
0.686626
0.204722
0.813457
1.000000
0.020024
0.070252
0.655089
0.103749
0.704180
1.000000
0.020011
-0.003550
0.635550
0.234270
1.085081
1.000000
0.019812
0.067814
0.727408
0.102319
0.778556
1.000000
0.019774
0.040655
0.780869
0.078655
0.836476
1.000000
0.019498
0.064689
0.756347
0.103042
0.812628
1.000000
0.019472
0.098318
0.725627
0.131029
0.774606
1.000000
0.019218
0.006870
-0.013461
0.075613
0.079155
1.000000
0.019173
0.218528
0.653288
0.258444
0.709690
1.000000
0.019096
0.121399
0.652197
0.157740
0.706237
1.000000
0.019088
0.321144
0.617945
0.357829
0.676703
1.000000
0.018834
0.265680
0.650119
0.312312
0.717716
1.000000
0.018831
0.094712
0.653681
0.129550
0.704826
1.000000
0.018740
0.121396
0.725613
0.153985
0.774443
1.000000
0.018711
0.036898
0.788431
0.126048
0.921353
1.000000
0.018521
0.165072
0.723613
0.201771
0.778171
1.000000
0.018055
0.121472
0.758274
0.153758
0.806195
1.000000
0.018042
0.014451
0.495638
0.091687
0.625461
1.000000
0.018014
0.143400
0.593015
0.181879
0.654751
1.000000
0.017948
0.283079
0.637095
0.389838
0.800433
1.000000
0.017880
0.000367
0.275276
0.058196
0.397399
1.000000
0.017855
0.072987
0.479300
0.156149
0.612763
1.000000
0.017843
0.094568
0.757641
0.129790
0.810508
1.000000
0.017791
0.368403
0.546303
0.500995
0.712073
1.000000
0.017669
0.121600
0.588242
0.157502
0.645846
1.000000
0.017611
0.003703
0.524719
0.035329
0.584737
1.000000
0.017570
0.294423
0.547082
0.383574
0.697274
1.000000
0.017235
0.002548
0.481314
0.034304
0.542684
1.000000
0.017146
0.217174
0.620764
0.257124
0.680969
1.000000
0.016969
0.002572
0.567832
0.142762
0.815066
1.000000
0.016950
0.365695
0.811672
0.572958
1.031745
1.000000
0.016784
0.510475
0.565618
0.631352
0.740420
1.000000
0.016769
0.037913
0.687657
0.073096
0.740925
1.000000
0.016754
0.417071
0.615349
0.463365
0.681201
1.000000
0.016671
0.240334
0.652542
0.286562
0.714936
1.000000
0.016595
-0.000424
0.422919
0.056332
0.540838
1.000000
0.016423
0.234302
0.675350
0.340403
0.820849
1.000000
0.016175
0.100082
0.743995
0.181841
0.874095
1.000000
0.016161
0.039515
0.410311
0.127655
0.549819
1.000000
0.016084
0.087512
0.413775
0.176261
0.556937
1.000000
0.016047
0.242330
0.688908
0.287464
0.749596
1.000000
0.015802
0.119951
0.493921
0.204213
0.634834
1.000000
0.015630
0.164533
0.594051
0.201891
0.651852
1.000000
0.015518
0.071285
0.828877
0.105754
0.879586
1.000000
0.015482
0.037503
0.560115
0.118109
0.682166
1.000000
0.015410
0.250157
0.463660
0.437681
0.772097
1.000000
0.015391
0.067596
0.592332
0.101042
0.643013
1.000000
0.015219
0.151629
0.546121
0.321948
0.825963
1.000000
0.015169
0.511020
0.911879
0.603957
1.006046
1.000000
0.015131
0.193815
0.539408
0.283755
0.684726
1.000000
0.014897
0.113363
0.014111
0.163036
0.079669
1.000000
0.014828
0.118721
0.521918
0.154819
0.576385
1.000000
0.014809
0.218913
0.689701
0.257540
0.744965
1.000000
0.014782
0.096395
0.586739
0.132279
0.642533
1.000000
0.014735
0.067311
0.690050
0.101611
0.740515
1.000000
0.014708
0.065159
0.625451
0.101322
0.679982
1.000000
0.014574
0.435096
0.719818
0.845841
1.013033
1.000000
0.014407
0.037482
0.954178
0.077051
0.998149
1.000000
0.014257
0.067549
0.452512
0.107807
0.513740
1.000000
0.014254
0.513187
0.946829
0.563554
0.996717
1.000000
0.014205
0.096469
0.691807
0.130500
0.741323
1.000000
0.014067
0.039809
0.824102
0.077192
0.878377
1.000000
0.013956
0.065438
0.957907
0.104048
0.999687
1.000000
0.013899
0.092778
0.454947
0.134193
0.517190
1.000000
0.013787
0.054518
0.481843
0.205776
0.758081
1.000000
0.013673
0.514093
0.658399
0.640719
0.826920
1.000000
0.013656
0.118047
-0.002799
0.469231
0.370808
1.000000
0.013639
0.139392
0.783474
0.222860
0.920480
1.000000
0.013509
0.215916
0.586604
0.256991
0.649584
1.000000
0.013436
0.002146
0.258231
0.035356
0.325477
1.000000
0.013406
0.121226
0.690975
0.154420
0.739528
1.000000
0.013391
0.038846
0.860299
0.075683
0.913942
1.000000
0.013283
0.159943
0.713382
0.252547
0.851205
1.000000
0.013136
0.262313
0.713442
0.308188
0.777007
1.000000
0.012900
0.096772
0.003121
0.137873
0.051255
1.000000
0.012862
0.116010
0.488346
0.153665
0.546208
1.000000
0.012757
0.578582
0.609329
0.703477
0.770312
1.000000
0.012740
0.040531
0.526898
0.075207
0.580176
1.000000
0.012740
0.151371
0.791414
0.183261
0.839077
1.000000
0.012733
0.116402
0.457467
0.153910
0.514411
1.000000
0.012710
0.501062
0.487807
0.608703
0.652655
1.000000
0.012641
0.294393
0.615075
0.340451
0.683857
1.000000
0.012533
0.532709
0.573220
0.586759
0.655501
1.000000
0.012523
0.123238
0.789756
0.155448
0.836061
1.000000
0.012383
0.402383
-0.014947
0.835555
0.363450
1.000000
0.012258
0.306366
0.204370
0.425530
0.369423
1.000000
0.012145
0.337133
0.644353
0.382187
0.708033
1.000000
0.012141
0.266954
0.579336
0.310817
0.651809
1.000000
0.012120
0.145188
0.526387
0.178937
0.578612
1.000000
0.012007
0.195294
0.658368
0.230815
0.708664
1.000000
0.011931
0.094981
0.851020
0.131625
0.903371
1.000000
0.011906
0.002092
0.418966
0.033404
0.481888
1.000000
0.011855
0.335556
0.628568
0.464757
0.795127
1.000000
0.011798
0.241647
0.188096
0.334316
0.348173
1.000000
0.011753
0.094542
0.517604
0.133750
0.575362
1.000000
0.011742
0.560118
0.955473
0.606720
1.000298
1.000000
0.011683
0.015913
0.388813
0.052893
0.449508
1.000000
0.011675
0.145437
0.413443
0.231749
0.554789
1.000000
0.011609
0.064615
0.341208
0.159325
0.491984
1.000000
0.011585
0.067501
0.922849
0.108007
0.980771
1.000000
0.011580
-0.001336
0.345571
0.058422
0.474088
1.000000
0.011396
0.068580
0.521804
0.105831
0.576917
1.000000
0.011358
0.552576
0.268014
0.660451
0.439749
1.000000
0.011347
0.168144
0.520395
0.207210
0.579066
1.000000
0.011321
0.142634
0.556893
0.180422
0.616651
1.000000
0.011281
0.121924
0.828849
0.155117
0.876506
1.000000
0.011198
0.193110
0.692032
0.229484
0.744488
1.000000
0.011183
0.240708
0.743986
0.287194
0.809220
1.000000
0.011147
0.130476
0.032841
0.249900
0.203107
1.000000
0.011140
0.591777
0.481981
0.684199
0.629505
1.000000
0.011132
0.164475
0.275218
0.258331
0.427535
1.000000
0.011076
0.122895
0.342686
0.211531
0.484810
1.000000
0.011011
0.066963
0.559103
0.103791
0.616131
1.000000
0.010949
0.443329
0.262139
0.672593
0.618297
1.000000
0.010926
0.165967
0.554794
0.204090
0.613863
1.000000
0.010847
0.002277
0.053498
0.030158
0.109995
1.000000
0.010841
0.148756
0.823195
0.183630
0.875531
1.000000
0.010807
0.196189
0.622077
0.231862
0.676578
1.000000
0.010790
0.285984
0.681345
0.334015
0.748068
1.000000
0.010788
0.196221
0.590699
0.232406
0.647274
1.000000
0.010739
0.040303
0.453108
0.078117
0.513747
1.000000
0.010724
-0.010942
0.165546
0.121014
0.419319
1.000000
0.010624
0.241328
0.582334
0.286006
0.650087
1.000000
0.010590
0.136600
0.002022
0.184983
0.053675
1.000000
0.010544
0.711851
0.954957
0.755368
0.998080
1.000000
0.010453
0.645698
0.310771
0.729228
0.456668
1.000000
0.010403
0.036222
0.886519
0.072641
0.945639
1.000000
0.010386
0.672328
0.662559
0.805874
0.815476
1.000000
0.010306
0.213413
0.410572
0.308617
0.570993
1.000000
0.010294
0.214814
0.266769
0.307998
0.422177
1.000000
0.010287
0.094420
-0.000141
0.191203
0.130158
1.000000
0.010274
0.161378
0.015158
0.215021
0.083599
1.000000
0.010270
0.359696
0.118337
0.475526
0.253293
1.000000
0.010116
0.191028
0.720857
0.228943
0.773907
