1.000000
0.083706
0.253213
0.277783
0.720346
1.031004
1.000000
0.068288
0.411399
0.199456
0.587266
0.428847
1.000000
0.049134
0.034805
0.449222
0.079836
0.511184
1.000000
0.044586
0.330255
0.092798
0.658141
0.569052
1.000000
0.041590
-0.011823
0.755621
0.232235
1.014911
1.000000
0.038336
0.023311
0.720474
0.111800
0.853141
1.000000
0.036488
0.017224
0.431450
0.061538
0.493044
1.000000
0.034284
0.003179
0.228307
0.058248
0.344031
1.000000
0.034098
0.009412
0.362589
0.316778
0.989528
1.000000
0.032332
0.002866
0.534718
0.085509
0.659462
1.000000
0.030850
0.023215
0.896182
0.110755
0.997053
1.000000
0.030788
0.014751
0.522371
0.057198
0.580376
1.000000
0.030741
0.005751
0.619927
0.086862
0.738582
1.000000
0.029588
0.021221
0.345086
0.105144
0.474555
1.000000
0.029556
0.509839
0.257552
0.964442
1.000330
1.000000
0.029470
0.061141
0.947049
0.107775
0.997014
1.000000
0.028079
0.039030
0.717788
0.089795
0.781172
1.000000
0.028022
0.019594
0.487234
0.101940
0.601844
1.000000
0.027997
0.040532
0.518878
0.084105
0.577928
1.000000
0.027543
0.013795
0.945820
0.061559
0.997448
1.000000
0.026608
0.014175
0.692138
0.060501
0.752474
1.000000
0.026422
0.735320
0.626285
1.024050
1.002071
1.000000
0.026151
0.002674
0.548470
0.038739
0.607116
1.000000
0.026085
0.013347
0.792737
0.109003
0.934574
1.000000
0.025865
0.114609
0.956180
0.155065
0.999021
1.000000
0.025474
0.001084
0.585022
0.035226
0.644754
1.000000
0.025439
0.004515
0.454182
0.041495
0.514991
1.000000
0.024956
0.003066
0.462446
0.068063
0.560680
1.000000
0.024573
0.000610
0.753324
0.035930
0.813209
1.000000
0.024156
0.079436
0.887808
0.175904
1.000780
1.000000
0.023272
0.000945
0.656127
0.034053
0.712195
1.000000
0.023072
0.094586
0.723713
0.180644
0.845304
1.000000
0.022715
0.059290
0.453343
0.146987
0.581490
1.000000
0.022671
0.002485
0.719640
0.036916
0.778823
1.000000
0.022447
0.167925
0.482755
0.250912
0.623197
1.000000
0.022271
0.061835
0.546393
0.151961
0.681161
1.000000
0.021779
0.012243
0.815663
0.062452
0.883496
1.000000
0.021779
0.126308
0.413574
0.210195
0.550976
1.000000
0.021585
0.028709
0.413406
0.192706
0.690588
1.000000
0.021183
0.000034
0.617731
0.034018
0.675529
1.000000
0.021140
0.371909
0.342300
0.463409
0.491967
1.000000
0.021093
0.013204
0.879602
0.060517
0.947251
1.000000
0.021035
0.083278
0.347064
0.171249
0.485230
1.000000
0.020728
0.165243
0.454052
0.204907
0.514544
1.000000
0.020715
0.171360
0.957723
0.208351
0.997968
1.000000
0.020667
0.063145
0.794747
0.103785
0.847485
1.000000
0.020645
0.088921
0.955333
0.131447
0.999698
1.000000
0.020438
-0.008298
0.578843
0.128439
0.815414
1.000000
0.020409
0.215174
0.954290
0.254857
0.996966
1.000000
0.020354
0.002425
0.920279
0.039104
0.983584
1.000000
0.020075
0.221058
0.484624
0.307806
0.615004
1.000000
0.020020
0.191664
0.954756
0.230202
0.996985
1.000000
0.019998
0.062245
0.748609
0.105653
0.807364
1.000000
0.019908
0.168397
0.693104
0.252455
0.819636
1.000000
0.019737
0.185212
0.541947
0.269823
0.681550
1.000000
0.018993
0.151004
0.752730
0.231625
0.871164
1.000000
0.018839
0.190559
0.416750
0.281176
0.560171
1.000000
0.018814
0.058197
0.821988
0.103352
0.881576
1.000000
0.018767
0.143085
0.959340
0.181971
0.999941
1.000000
0.018708
0.056933
0.290123
0.142501
0.428165
1.000000
0.018636
0.169926
0.615170
0.251732
0.745106
1.000000
0.018598
0.037981
0.795078
0.083983
0.852180
1.000000
0.018451
0.064288
0.342736
0.104915
0.408311
1.000000
0.018377
0.190140
0.919651
0.230013
0.977130
1.000000
0.018371
0.216576
0.920744
0.258762
0.978077
1.000000
0.018293
0.092124
0.417490
0.132237
0.477941
1.000000
0.018288
0.267440
0.521043
0.304512
0.578248
1.000000
0.018219
0.001753
0.789640
0.037744
0.850619
1.000000
0.018162
0.197765
0.793178
0.230207
0.839140
1.000000
0.017981
0.118392
0.757171
0.159570
0.812073
1.000000
0.017973
0.156875
0.873367
0.239731
0.986255
1.000000
0.017925
0.176869
0.887912
0.210230
0.936775
1.000000
0.017917
0.002349
0.855799
0.038646
0.917153
1.000000
0.017876
0.002090
0.390285
0.033803
0.446155
1.000000
0.017707
0.002077
0.310357
0.035880
0.377855
1.000000
0.017654
0.244440
0.539672
0.331461
0.671763
1.000000
0.017649
0.060720
0.658261
0.151269
0.784625
1.000000
0.017617
0.116872
0.725139
0.156516
0.779001
1.000000
0.017405
0.169723
0.757099
0.207204
0.807106
1.000000
0.017380
0.186331
0.794241
0.267035
0.926415
1.000000
0.017334
0.269851
0.555121
0.304540
0.608257
1.000000
0.017215
0.174052
0.789949
0.209114
0.837476
1.000000
0.017184
0.113513
0.388509
0.154517
0.449908
1.000000
0.017053
0.215924
0.487298
0.254358
0.545210
1.000000
0.016938
0.265440
0.490312
0.304101
0.547909
1.000000
0.016823
0.015210
0.343635
0.057723
0.411103
1.000000
0.016709
0.167767
0.347006
0.257754
0.482764
1.000000
0.016659
0.093889
0.618728
0.177691
0.746130
1.000000
0.016628
0.064674
0.584817
0.106946
0.643335
1.000000
0.016491
0.060999
0.695087
0.104661
0.751228
1.000000
0.016439
0.193078
0.590569
0.229826
0.647007
1.000000
0.016409
0.165430
0.422631
0.204741
0.481748
1.000000
0.016337
0.216804
0.788880
0.252345
0.836911
1.000000
0.016238
0.214145
0.685847
0.302150
0.821850
1.000000
0.016238
0.089141
0.792364
0.180433
0.918916
1.000000
0.016197
0.194975
0.760182
0.230320
0.809674
1.000000
0.016183
0.193935
0.822819
0.228736
0.872876
1.000000
0.016161
0.393442
0.379638
0.440719
0.452651
1.000000
0.016106
0.058257
0.887219
0.101277
0.947435
1.000000
0.016105
0.066194
0.656453
0.108877
0.712771
1.000000
0.016039
0.170513
0.517465
0.210433
0.580884
1.000000
0.016008
0.091878
0.725233
0.130266
0.777844
1.000000
0.015961
0.040600
0.658015
0.085584
0.714383
1.000000
0.015805
0.096345
0.755044
0.133616
0.806587
1.000000
0.015680
0.143049
0.759586
0.182912
0.812611
1.000000
0.015674
0.090540
0.450131
0.129985
0.508584
1.000000
0.015630
0.117802
0.587710
0.156153
0.644646
1.000000
0.015577
0.114986
0.451722
0.154625
0.511306
1.000000
0.015539
0.243604
0.555331
0.283737
0.611810
1.000000
0.015511
0.174480
0.827541
0.209922
0.875462
1.000000
0.015405
0.038665
0.217210
0.120866
0.358057
1.000000
0.015350
0.192660
0.517788
0.230953
0.578179
1.000000
0.015290
0.131196
0.822571
0.216536
0.948634
1.000000
0.015281
0.191267
0.862557
0.226748
0.914578
1.000000
0.015242
0.246378
0.521282
0.284636
0.576425
1.000000
0.015204
0.060321
0.545591
0.103649
0.606216
1.000000
0.015175
0.171786
0.656812
0.208989
0.708100
1.000000
0.015135
0.174091
0.619746
0.211384
0.673290
1.000000
0.015131
0.215908
0.520406
0.252764
0.577219
1.000000
0.015046
0.117751
0.691722
0.156909
0.743779
1.000000
0.015040
0.095728
0.792216
0.130970
0.839036
1.000000
0.014818
0.171470
0.729682
0.208153
0.779531
1.000000
0.014788
0.216987
0.455810
0.255799
0.514824
1.000000
0.014776
0.090192
0.519126
0.129769
0.577287
1.000000
0.014765
0.244638
0.412373
0.338742
0.551725
1.000000
0.014757
0.316965
0.519025
0.358937
0.578849
1.000000
0.014752
0.130536
0.546479
0.212292
0.682836
1.000000
0.014732
0.142743
0.388954
0.183264
0.448221
1.000000
0.014685
0.293517
0.523403
0.333656
0.580050
1.000000
0.014679
0.092909
0.587749
0.132159
0.644573
1.000000
0.014616
0.034630
0.209679
0.197785
0.498351
1.000000
0.014615
0.142340
0.923514
0.181537
0.976371
1.000000
0.014595
0.040209
0.581782
0.084238
0.640767
1.000000
0.014591
0.167276
0.389496
0.206862
0.447858
1.000000
0.014589
0.114478
0.486944
0.154480
0.547287
1.000000
0.014582
0.045903
0.321324
0.086454
0.385966
1.000000
0.014562
0.193078
0.457654
0.230709
0.514516
1.000000
0.014499
0.241113
0.954602
0.282018
0.998001
1.000000
0.014493
0.093200
0.656336
0.132178
0.710841
1.000000
0.014462
0.115293
0.520301
0.154340
0.579586
1.000000
0.014429
0.321390
0.367171
0.422631
0.525796
1.000000
0.014424
0.391033
0.447283
0.438472
0.516665
1.000000
0.014326
0.056949
0.484645
0.099447
0.546954
1.000000
0.014312
0.117027
0.655737
0.156103
0.710147
1.000000
0.014222
0.193806
0.730804
0.227799
0.778627
1.000000
0.014222
0.117354
0.553686
0.155607
0.610271
1.000000
0.014195
0.565208
0.446076
0.680358
0.598001
1.000000
0.014100
0.215804
0.556008
0.253698
0.614306
1.000000
0.014090
0.295125
0.479515
0.402151
0.619934
1.000000
0.013972
0.040550
0.381246
0.085503
0.448343
1.000000
0.013970
0.143359
0.698908
0.292753
0.961404
1.000000
0.013927
0.121978
0.857563
0.157015
0.905746
1.000000
0.013833
0.215680
0.821093
0.252575
0.874035
1.000000
0.013791
0.066185
0.380062
0.107047
0.442960
1.000000
0.013686
0.146986
0.859001
0.181127
0.904964
1.000000
0.013683
0.064410
0.618581
0.109208
0.678928
1.000000
0.013633
0.220113
0.339085
0.316775
0.483037
1.000000
0.013615
0.171131
0.688161
0.207997
0.738283
1.000000
0.013584
0.266936
0.959642
0.304813
0.999636
1.000000
0.013448
0.170789
0.552650
0.209201
0.610876
1.000000
0.013436
0.117586
0.281804
0.211396
0.429902
1.000000
0.013433
0.039367
0.618979
0.084774
0.678412
1.000000
0.013371
0.126133
0.653137
0.209009
0.781961
1.000000
0.013287
0.144411
0.727836
0.182600
0.779491
1.000000
0.013278
0.238421
0.788147
0.275953
0.838173
1.000000
0.013266
0.037275
0.855256
0.086497
0.919097
1.000000
0.013188
0.092950
0.860025
0.128716
0.910004
1.000000
0.013188
0.117724
0.621066
0.155795
0.677162
1.000000
0.013157
0.062513
0.249249
0.102879
0.318189
1.000000
0.013152
0.144769
0.830464
0.180591
0.878270
1.000000
0.013092
0.341803
0.445104
0.447968
0.590207
1.000000
0.012953
0.238080
0.743508
0.327398
0.880411
1.000000
0.012928
0.111433
0.325970
0.151621
0.384227
1.000000
0.012885
0.193492
0.689933
0.228696
0.739369
1.000000
0.012681
0.203881
0.875540
0.297947
0.995871
1.000000
0.012673
0.085503
0.328496
0.126959
0.389248
1.000000
0.012664
0.320142
0.489268
0.359857
0.546530
1.000000
0.012589
0.267337
0.454782
0.308078
0.516555
1.000000
0.012575
0.319871
0.272044
0.416377
0.441085
1.000000
0.012567
0.217514
0.691764
0.253612
0.741063
1.000000
0.012540
0.316800
0.453732
0.359437
0.514533
1.000000
0.012506
0.092214
0.487449
0.132188
0.547512
1.000000
0.012477
0.215061
0.857783
0.251872
0.909370
1.000000
0.012385
0.145980
0.481214
0.186576
0.544677
1.000000
0.012348
0.148446
0.891116
0.183859
0.940198
1.000000
0.012326
0.340488
0.517915
0.385755
0.580231
1.000000
0.012267
0.216432
0.418043
0.256204
0.478225
1.000000
0.012250
0.242213
0.616610
0.331016
0.759897
1.000000
0.012210
0.215493
0.383006
0.255523
0.443720
1.000000
0.012206
0.060255
0.425203
0.103476
0.488705
1.000000
0.012136
0.092333
0.692280
0.131265
0.744028
1.000000
0.012029
0.524888
0.488355
0.626416
0.627800
1.000000
0.012000
0.189256
0.540824
0.356094
0.841611
1.000000
0.011986
0.240391
0.856218
0.278398
0.910111
1.000000
0.011958
0.146051
0.589601
0.182192
0.642622
1.000000
0.011937
0.341268
0.455575
0.386447
0.518778
1.000000
0.011904
0.149140
0.407399
0.306814
0.718042
1.000000
0.011772
0.241205
0.724794
0.277892
0.776051
1.000000
0.011739
0.217126
0.661028
0.252216
0.708774
1.000000
0.011699
0.367774
0.453760
0.414068
0.520268
1.000000
0.011685
0.218185
0.728461
0.254306
0.778461
1.000000
0.011680
0.372981
0.234714
0.474978
0.399822
1.000000
0.011651
0.145812
0.691757
0.182865
0.741910
1.000000
0.011646
0.091669
0.620146
0.133133
0.679241
1.000000
0.011635
0.193922
0.554419
0.233149
0.615243
1.000000
0.011569
0.291684
0.553791
0.332070
0.610605
1.000000
0.011541
0.242676
0.458774
0.283145
0.518233
1.000000
0.011405
0.196355
0.387267
0.232734
0.442479
1.000000
0.011379
0.413079
0.411833
0.455309
0.476064
1.000000
0.011358
0.213145
0.619377
0.251445
0.673655
1.000000
0.011356
0.147889
0.657755
0.183581
0.707920
1.000000
0.011347
0.311183
0.534443
0.426995
0.696625
1.000000
0.011280
0.242185
0.624211
0.279826
0.677085
1.000000
0.011162
0.274163
0.571047
0.373095
0.721780
1.000000
0.011133
0.340763
0.584893
0.383849
0.644407
1.000000
0.011112
0.120615
0.827306
0.158736
0.878252
1.000000
0.011081
0.145340
0.555624
0.183025
0.610984
1.000000
0.011072
0.766156
0.953736
0.809069
0.998820
1.000000
0.011069
0.146977
0.623959
0.184177
0.677350
1.000000
0.011056
0.415299
0.314142
0.521706
0.480531
1.000000
0.011047
0.145647
0.520133
0.184452
0.580121
1.000000
0.010944
0.091319
0.539040
0.259538
0.829472
1.000000
0.010941
0.120660
0.891042
0.156251
0.942247
1.000000
0.010935
0.316361
0.584335
0.358989
0.643734
1.000000
0.010876
0.820359
0.954623
0.861190
0.997610
1.000000
0.010866
0.292913
0.490077
0.335442
0.548927
1.000000
0.010832
0.242692
0.659836
0.277995
0.707998
1.000000
0.010827
0.091412
0.550805
0.131269
0.608721
1.000000
0.010802
0.239671
0.892080
0.276574
0.945184
1.000000
0.010670
0.581719
0.340641
0.682011
0.495812
1.000000
0.010626
0.239968
0.825103
0.277802
0.877938
1.000000
0.010612
0.189704
0.270902
0.287339
0.420973
1.000000
0.010563
0.091946
0.825720
0.129523
0.877107
1.000000
0.010474
0.266175
0.789742
0.302069
0.840423
1.000000
0.010443
0.193944
0.421109
0.231589
0.477463
1.000000
0.010436
0.364771
0.516295
0.410167
0.579690
1.000000
0.010344
0.512705
0.199430
0.622439
0.363527
1.000000
0.010313
0.635710
0.482457
0.687042
0.552988
1.000000
0.010196
0.242011
0.693666
0.278308
0.744131
1.000000
0.010125
0.161623
0.013280
0.217282
0.082873
1.000000
0.010019
0.168288
0.352243
0.208930
0.411536
1.000000
0.010009
0.617942
0.427789
0.726856
0.565023
