1.000000
0.120438
0.359119
0.378794
0.683801
0.857878
1.000000
0.034645
0.460680
0.459664
0.598430
0.642843
1.000000
0.034545
0.012100
0.605254
0.054319
0.672247
1.000000
0.032054
0.002193
0.002729
0.035706
0.054229
1.000000
0.031810
0.126272
0.604325
0.199770
0.736397
1.000000
0.028669
0.511340
0.411819
0.627128
0.573022
1.000000
0.027487
0.000760
0.275732
0.055129
0.407559
1.000000
0.025416
0.000157
0.600561
0.073216
0.733368
1.000000
0.024484
0.013799
0.647113
0.054588
0.711867
1.000000
0.024282
0.003916
0.554441
0.037739
0.622195
1.000000
0.023764
0.147933
0.645598
0.184513
0.704634
1.000000
0.021124
0.541043
0.497396
0.657651
0.667777
1.000000
0.020584
0.403620
0.413332
0.550295
0.586381
1.000000
0.020465
0.247059
0.682846
0.671082
1.028102
1.000000
0.020143
0.005971
-0.010050
0.073577
0.086011
1.000000
0.019567
0.442656
0.026665
0.892123
0.826835
1.000000
0.019183
0.579217
0.601938
0.686124
0.754884
1.000000
0.019140
0.002982
0.681113
0.035816
0.741008
1.000000
0.019127
0.000171
0.415727
0.053877
0.544507
1.000000
0.018950
0.512629
0.211354
0.630192
0.351865
1.000000
0.018942
0.001916
0.751437
0.034431
0.810756
1.000000
0.018912
0.143315
0.592235
0.182243
0.655122
1.000000
0.018852
-0.002626
0.674417
0.077281
0.822767
1.000000
0.018831
0.216857
0.623180
0.254480
0.676515
1.000000
0.018758
0.217869
0.552148
0.311417
0.687965
1.000000
0.018539
0.076930
0.546339
0.160050
0.683018
1.000000
0.018211
0.400470
0.524808
0.563502
0.716024
1.000000
0.018013
0.071699
0.644347
0.156194
0.785492
1.000000
0.017924
0.370268
0.479874
0.489742
0.629923
1.000000
0.017863
0.655687
0.670124
0.777449
0.825378
1.000000
0.017722
0.202985
0.079774
0.677417
0.696569
1.000000
0.017699
0.504572
0.476074
0.562880
0.556195
1.000000
0.017555
0.167619
0.618392
0.252991
0.745538
1.000000
0.017250
-0.004230
0.795161
0.062512
0.921783
1.000000
0.017223
0.580528
0.440669
0.671803
0.593891
1.000000
0.017095
0.450322
0.141708
0.573047
0.274626
1.000000
0.016954
0.259560
0.502594
0.441337
0.785928
1.000000
0.016884
0.167596
0.684141
0.201568
0.737744
1.000000
0.016823
0.162856
0.624211
0.198978
0.680255
1.000000
0.016591
0.725554
0.677010
0.822965
0.811657
1.000000
0.016498
0.118537
0.499215
0.198955
0.636361
1.000000
0.016408
0.270558
0.553281
0.371389
0.695935
1.000000
0.016374
0.219723
0.658473
0.256526
0.711127
1.000000
0.016205
0.220454
0.625612
0.324841
0.758020
1.000000
0.015723
0.469900
0.346406
0.593953
0.523026
1.000000
0.015711
0.755475
0.711458
1.011525
1.013710
1.000000
0.015610
0.220371
0.689377
0.256512
0.741667
1.000000
0.015568
0.533266
0.452058
0.587235
0.527892
1.000000
0.015395
0.531555
0.506595
0.587203
0.585767
1.000000
0.015377
0.010320
0.496539
0.084533
0.635233
1.000000
0.015322
0.196508
0.624774
0.229993
0.674192
1.000000
0.015107
0.037790
0.586786
0.118025
0.717218
1.000000
0.015066
0.073874
0.449203
0.157219
0.589623
1.000000
0.015042
0.194009
0.476078
0.284627
0.620006
1.000000
0.015018
0.293969
0.478879
0.388406
0.621272
1.000000
0.015001
0.292383
0.203785
0.386470
0.349573
1.000000
0.014992
0.487948
0.506311
0.544176
0.582587
1.000000
0.014796
0.040018
0.653094
0.075971
0.710391
1.000000
0.014704
0.068725
0.653577
0.103147
0.707057
1.000000
0.014692
0.532401
0.917899
0.578644
0.977357
1.000000
0.014661
0.039243
0.711252
0.126457
0.853011
1.000000
0.014661
0.014946
0.526653
0.053481
0.589699
1.000000
0.014622
0.113424
0.015502
0.164916
0.082582
1.000000
0.014589
0.241336
0.658330
0.283307
0.714155
1.000000
0.014492
0.215787
0.592014
0.253768
0.646369
1.000000
0.014398
0.095790
0.587793
0.130449
0.640771
1.000000
0.014319
0.002515
0.381783
0.034996
0.454359
1.000000
0.014300
0.197976
0.597179
0.230648
0.645680
1.000000
0.014274
0.093892
0.656434
0.127719
0.708291
1.000000
0.014224
0.123444
0.586542
0.160575
0.644293
1.000000
0.014115
0.241771
0.477172
0.338353
0.619962
1.000000
0.014023
0.267454
0.686177
0.310753
0.746695
1.000000
0.014010
0.002265
0.050184
0.031160
0.110763
1.000000
0.013991
0.039243
0.596845
0.073947
0.651958
1.000000
0.013933
0.067088
0.592221
0.100762
0.644748
1.000000
0.013739
0.001032
0.257036
0.035774
0.329648
1.000000
0.013739
0.167495
0.755461
0.201362
0.808243
1.000000
0.013739
0.360236
0.211108
0.481066
0.367357
1.000000
0.013608
0.559114
0.261199
0.660189
0.411873
1.000000
0.013513
0.359861
0.162450
0.599504
0.500909
1.000000
0.013461
0.563385
0.954969
0.606817
0.999478
1.000000
0.013347
0.430892
0.204555
0.550045
0.350424
1.000000
0.013307
0.124707
0.651030
0.161411
0.706792
1.000000
0.013298
0.472325
0.484553
0.859629
1.107257
1.000000
0.013293
0.590770
0.449796
0.637110
0.520200
1.000000
0.013293
0.142107
0.558530
0.180184
0.617739
1.000000
0.013287
0.122067
0.416505
0.206759
0.554667
1.000000
0.013152
0.095442
0.520022
0.132652
0.575498
1.000000
0.013146
0.559581
0.346316
0.655443
0.498369
1.000000
0.012964
0.241962
0.688330
0.285950
0.745391
1.000000
0.012879
0.164317
0.558175
0.200881
0.612259
1.000000
0.012838
0.400956
0.279226
0.522711
0.437631
1.000000
0.012833
0.267651
0.622523
0.309213
0.680070
1.000000
0.012815
0.240518
0.622835
0.283732
0.681079
1.000000
0.012757
0.093561
0.002608
0.135115
0.050751
1.000000
0.012739
0.616479
0.546454
0.712068
0.681952
1.000000
0.012734
0.098083
0.721182
0.132159
0.771895
1.000000
0.012702
0.690370
0.652920
0.739525
0.715472
1.000000
0.012699
0.125350
0.671648
0.205908
0.815545
1.000000
0.012647
0.195642
0.658376
0.229916
0.707751
1.000000
0.012555
0.461019
0.589663
0.603757
0.780235
1.000000
0.012549
0.119492
0.523277
0.156559
0.579230
1.000000
0.012480
0.167677
0.721466
0.203097
0.776106
1.000000
0.012445
0.576393
0.790979
0.767036
1.016803
1.000000
0.012413
0.095715
0.693586
0.129512
0.744703
1.000000
0.012390
0.195160
0.689896
0.231449
0.742701
1.000000
0.012380
0.435807
0.517331
0.492655
0.588892
1.000000
0.012377
0.644000
0.586293
0.684301
0.644248
1.000000
0.012334
0.406649
0.087997
0.529953
0.221991
1.000000
0.012269
0.001976
0.946545
0.036601
0.994460
1.000000
0.012267
0.460317
0.547227
0.516437
0.618842
1.000000
0.012247
0.120243
0.457868
0.156422
0.513039
1.000000
0.012215
0.444235
0.812175
0.620189
1.016949
1.000000
0.012199
0.267775
0.586821
0.309916
0.646775
1.000000
0.012164
0.456570
0.721127
0.573391
0.872025
1.000000
0.012095
0.584498
0.506693
0.636285
0.581796
1.000000
0.012095
0.739218
0.685791
0.784936
0.746528
1.000000
0.012062
0.646788
0.479774
0.739531
0.623916
1.000000
0.012054
0.604329
0.218988
0.697109
0.357459
1.000000
0.012051
0.240171
0.141097
0.343866
0.289825
1.000000
0.012045
0.615900
0.584357
0.660920
0.648127
1.000000
0.012018
0.041617
0.529946
0.075164
0.583271
1.000000
0.012001
0.664382
0.594597
0.762953
0.725620
1.000000
0.011991
0.197656
0.677341
0.299515
0.817395
1.000000
0.011985
0.013861
0.721896
0.054473
0.783356
1.000000
0.011976
0.118884
0.724328
0.151797
0.772532
1.000000
0.011942
0.216991
0.557018
0.254873
0.613239
1.000000
0.011936
0.754346
0.626927
0.852201
0.757267
1.000000
0.011931
0.763353
0.953130
0.811707
1.001531
1.000000
0.011930
0.242873
0.244378
0.338880
0.396134
1.000000
0.011898
0.781355
0.883919
0.882114
0.998664
1.000000
0.011858
0.105347
0.477293
0.255233
0.773710
1.000000
0.011768
0.539575
0.912450
0.628437
1.008083
1.000000
0.011764
0.616529
0.954354
0.659322
0.999318
1.000000
0.011755
0.526906
0.735462
0.636172
0.883050
1.000000
0.011723
0.507639
0.540311
0.564569
0.618586
1.000000
0.011696
0.345314
0.539773
0.450753
0.689900
1.000000
0.011602
-0.016327
0.823654
0.131048
1.021550
1.000000
0.011588
0.095879
-0.002482
0.193997
0.123824
1.000000
0.011577
0.631428
0.738109
0.752690
0.901618
1.000000
0.011569
0.003058
0.823737
0.035175
0.881520
1.000000
0.011556
0.149630
0.757722
0.182436
0.808005
1.000000
0.011462
0.315457
0.219303
0.358853
0.281542
1.000000
0.011446
0.558768
0.477545
0.610123
0.554268
1.000000
0.011404
0.788814
0.718848
0.878646
0.858999
1.000000
0.011396
0.068749
0.523705
0.103749
0.577397
1.000000
0.011389
0.120556
0.750245
0.205437
0.896854
1.000000
0.011291
0.409313
0.548690
0.465208
0.619177
1.000000
0.011245
0.518794
0.949518
0.563109
0.996282
1.000000
0.011236
0.069268
-0.000485
0.110996
0.049433
1.000000
0.011221
0.216334
0.415027
0.314105
0.555914
1.000000
0.011210
0.665155
0.585247
0.709966
0.645754
1.000000
0.011199
0.587475
0.647453
0.636033
0.714354
1.000000
0.011048
0.505854
0.123475
0.620768
0.245005
1.000000
0.011047
0.142987
0.529769
0.178192
0.583973
1.000000
0.011036
0.117954
0.488498
0.155544
0.545957
1.000000
0.010998
0.067649
0.453353
0.104248
0.512192
1.000000
0.010916
0.134517
0.034219
0.245673
0.188079
1.000000
0.010835
0.148923
0.722942
0.181524
0.773095
1.000000
0.010831
0.614267
0.648975
0.659685
0.714676
1.000000
0.010826
0.070274
0.722979
0.104893
0.774324
1.000000
0.010778
0.241444
0.589443
0.283249
0.647777
1.000000
0.010740
0.217576
0.521741
0.256676
0.580093
1.000000
0.010731
0.587229
0.580191
0.639367
0.650143
1.000000
0.010706
0.665083
0.647456
0.714211
0.712876
1.000000
0.010658
0.365294
0.339028
0.492403
0.506161
1.000000
0.010638
0.270630
0.522080
0.309464
0.578315
1.000000
0.010597
0.709523
0.908860
0.815617
1.006863
1.000000
0.010593
0.095969
0.457085
0.133426
0.514432
1.000000
0.010537
0.014349
0.331889
0.093953
0.492201
1.000000
0.010518
0.037751
0.407735
0.121309
0.552361
1.000000
0.010468
0.063402
0.620799
0.099896
0.678822
1.000000
0.010448
0.070917
0.338772
0.160259
0.486310
1.000000
0.010441
0.590200
0.955965
0.634264
1.001348
1.000000
0.010424
0.185903
0.013481
0.303020
0.157892
1.000000
0.010403
0.064632
0.785781
0.159745
0.932593
1.000000
0.010351
0.330297
0.140124
0.449746
0.288888
1.000000
0.010339
0.586199
0.701977
0.701476
0.853630
1.000000
0.010259
0.196582
0.558831
0.232030
0.610691
1.000000
0.010229
0.693647
0.716263
0.738027
0.774503
1.000000
0.010222
0.641675
0.379212
0.728167
0.523982
1.000000
0.010210
0.555185
0.167569
0.662207
0.301795
1.000000
0.010203
0.416647
0.320137
0.464548
0.386087
1.000000
0.010185
0.147703
0.418823
0.182373
0.470887
1.000000
0.010181
0.158554
0.550743
0.332545
0.838736
1.000000
0.010180
0.093670
0.623758
0.129182
0.679386
1.000000
0.010165
0.050973
0.332377
0.210537
0.642021
1.000000
0.010134
0.291930
0.657334
0.339261
0.721513
1.000000
0.010127
0.144913
0.346712
0.230437
0.481969
1.000000
0.010123
-0.008022
0.107668
0.121373
0.360796
1.000000
0.010102
0.563884
0.419457
0.608690
0.486770
1.000000
0.010092
0.165698
0.417016
0.205487
0.473759
1.000000
0.010083
0.812799
0.954281
0.857778
1.001455
1.000000
0.010051
0.270687
0.554923
0.310714
0.613159
1.000000
0.010039
0.269943
0.414888
0.369685
0.557790
1.000000
0.010028
0.463736
0.477119
0.520458
0.554190
1.000000
0.010027
0.613404
0.514666
0.658213
0.581182
1.000000
0.010019
0.038847
0.683487
0.074620
0.739709
1.000000
0.010004
0.668498
0.522699
0.709525
0.582330
