1.000000
0.128604
0.228365
0.348350
0.629034
0.881092
1.000000
0.043027
0.129532
0.583534
0.201647
0.712782
1.000000
0.040280
0.010297
0.603247
0.053695
0.673460
1.000000
0.034709
-0.010763
0.831693
0.110852
0.999436
1.000000
0.034161
0.161550
0.655894
0.196518
0.708672
1.000000
0.033439
0.105385
0.526606
0.183976
0.661898
1.000000
0.032863
0.197576
0.587202
0.289807
0.717472
1.000000
0.031718
0.145380
0.620493
0.185347
0.685963
1.000000
0.031712
0.002197
0.002577
0.035219
0.052903
1.000000
0.030744
0.263479
0.448751
0.476396
0.728818
1.000000
0.030461
0.002048
0.714416
0.077037
0.848731
1.000000
0.030217
0.139067
0.495884
0.221748
0.634693
1.000000
0.029794
0.002881
0.553599
0.037672
0.623455
1.000000
0.029521
-0.003298
0.788406
0.064184
0.911796
1.000000
0.028522
0.244157
0.614912
0.342882
0.740852
1.000000
0.028247
0.267014
0.644310
0.314078
0.713116
1.000000
0.027585
0.002537
0.750680
0.038096
0.814435
1.000000
0.027297
0.159936
0.551647
0.202124
0.614897
1.000000
0.027028
0.077552
0.482358
0.160817
0.614840
1.000000
0.026727
0.214650
0.618283
0.260156
0.685588
1.000000
0.026307
0.764314
0.699949
1.030342
1.024288
1.000000
0.026271
0.200759
0.545439
0.389485
0.802188
1.000000
0.026074
0.013970
0.647342
0.055028
0.713999
1.000000
0.025644
0.269230
0.186947
0.314259
0.254611
1.000000
0.025473
0.005872
0.610484
0.082674
0.746740
1.000000
0.023923
0.122670
0.583256
0.162781
0.645487
1.000000
0.022995
0.072401
0.681117
0.155904
0.811351
1.000000
0.022895
0.078182
0.586752
0.159596
0.719204
1.000000
0.022763
0.351012
0.421627
0.466939
0.587809
1.000000
0.022341
0.003249
0.681147
0.036926
0.742810
1.000000
0.022164
0.160041
0.586862
0.200422
0.648578
1.000000
0.021509
0.169438
0.646002
0.257451
0.776231
1.000000
0.021245
0.288720
0.524999
0.400556
0.677945
1.000000
0.021227
0.195989
0.590321
0.234768
0.649314
1.000000
0.021141
0.238136
0.646342
0.287124
0.712427
1.000000
0.021011
0.092407
0.410023
0.178596
0.558631
1.000000
0.020856
0.094954
0.518087
0.134299
0.577032
1.000000
0.020789
0.266102
0.588179
0.311431
0.655488
1.000000
0.020678
0.164472
0.685000
0.199817
0.741196
1.000000
0.020541
0.117082
0.520633
0.157313
0.581788
1.000000
0.020308
0.218040
0.550207
0.260149
0.612778
1.000000
0.020298
0.010083
0.494053
0.088682
0.633610
1.000000
0.020293
0.002392
0.820285
0.035222
0.879582
1.000000
0.020284
0.285404
0.617901
0.335404
0.686169
1.000000
0.020193
0.006448
-0.010746
0.074685
0.084248
1.000000
0.020080
0.095909
0.585014
0.133264
0.642120
1.000000
0.019854
0.011461
0.942787
0.057845
0.994701
1.000000
0.019644
0.281804
0.674346
0.399591
0.815446
1.000000
0.019510
0.214571
0.517090
0.319585
0.660849
1.000000
0.019331
0.035860
0.749406
0.077709
0.813121
1.000000
0.019258
0.240139
0.584756
0.286733
0.649530
1.000000
0.019015
0.143901
0.414685
0.230444
0.560301
1.000000
0.018801
-0.000177
0.278234
0.055977
0.405933
1.000000
0.018780
0.219037
0.683210
0.258982
0.740104
1.000000
0.018586
0.094133
0.655746
0.129986
0.710116
1.000000
0.018218
0.014723
0.723667
0.057480
0.789486
1.000000
0.018208
0.064850
0.491958
0.206618
0.751620
1.000000
0.018144
0.366340
0.511945
0.415878
0.583845
1.000000
0.017953
0.038364
0.593324
0.075300
0.651962
1.000000
0.017713
0.267539
0.174696
0.357818
0.297263
1.000000
0.017586
0.119814
0.723791
0.154869
0.775021
1.000000
0.017566
0.068390
0.654507
0.102948
0.708066
1.000000
0.017508
0.040301
0.655341
0.076265
0.712675
1.000000
0.017444
0.165464
0.488318
0.207044
0.552342
1.000000
0.017401
0.143736
0.525500
0.185486
0.589838
1.000000
0.017270
0.117604
0.453654
0.155166
0.511519
1.000000
0.017065
-0.001978
0.419404
0.055704
0.551255
1.000000
0.016868
0.193437
0.551247
0.235659
0.612086
1.000000
0.016864
0.381872
0.211647
0.506264
0.351997
1.000000
0.016753
0.064029
0.786838
0.161458
0.932834
1.000000
0.016739
0.162072
0.751860
0.199486
0.808095
1.000000
0.016724
0.194829
0.654322
0.232431
0.707035
1.000000
0.016700
0.122981
0.650893
0.160452
0.707988
1.000000
0.016607
0.220125
0.668660
0.327360
0.806181
1.000000
0.016454
0.150018
0.725273
0.183650
0.777589
1.000000
0.016409
0.097273
0.720096
0.133937
0.774358
1.000000
0.016397
0.440214
0.400343
0.552287
0.560580
1.000000
0.016393
0.131556
0.688935
0.203019
0.811627
1.000000
0.016355
0.066571
0.589118
0.101896
0.643524
1.000000
0.016289
0.095129
0.691626
0.131319
0.746216
1.000000
0.016267
0.282399
0.407517
0.407721
0.587164
1.000000
0.016248
0.312585
0.580667
0.360527
0.649490
1.000000
0.016219
0.037919
0.553188
0.119157
0.676708
1.000000
0.016219
0.241629
0.683890
0.286571
0.742109
1.000000
0.015953
0.285254
0.280275
0.407036
0.435379
1.000000
0.015924
0.042262
0.443715
0.127102
0.587074
1.000000
0.015895
0.001348
0.480707
0.034355
0.546152
1.000000
0.015859
0.012811
0.524639
0.052621
0.589650
1.000000
0.015849
0.125509
0.348372
0.207900
0.485094
1.000000
0.015738
0.493252
0.371526
0.958531
1.212752
1.000000
0.015726
0.310730
0.648327
0.359582
0.715340
1.000000
0.015546
0.119992
0.757049
0.153698
0.806167
1.000000
0.015430
0.094560
0.453754
0.134659
0.515804
1.000000
0.015229
0.326780
0.083927
0.545668
0.357931
1.000000
0.015140
0.304561
0.237059
0.546098
0.547298
1.000000
0.015128
0.113723
0.014184
0.163476
0.081410
1.000000
0.015032
0.321702
0.714794
0.800465
1.037558
1.000000
0.014995
0.041281
0.526453
0.077009
0.582341
1.000000
0.014896
0.093633
0.756887
0.131510
0.812035
1.000000
0.014876
0.196380
0.412784
0.302303
0.562344
1.000000
0.014785
0.285282
0.679891
0.336078
0.744586
1.000000
0.014761
0.416838
0.450435
0.460766
0.515904
1.000000
0.014726
0.000161
0.564077
0.142145
0.829502
1.000000
0.014675
0.147131
0.416836
0.185338
0.475308
1.000000
0.014631
0.421868
0.268304
0.542283
0.433187
1.000000
0.014492
0.069478
0.521704
0.106297
0.577422
1.000000
0.014483
0.264131
0.555338
0.309544
0.618370
1.000000
0.014326
0.146188
0.451179
0.183174
0.507602
1.000000
0.014316
0.069302
0.337903
0.161645
0.488147
1.000000
0.014293
0.002386
0.051743
0.031551
0.110717
1.000000
0.014212
0.094727
0.624593
0.131768
0.681255
1.000000
0.014167
0.189967
0.010265
0.305039
0.163201
1.000000
0.014154
0.612463
0.480497
0.703465
0.623479
1.000000
0.014131
0.012903
0.856725
0.053059
0.916475
1.000000
0.014048
0.115325
0.488256
0.154880
0.550734
1.000000
0.013977
0.312425
0.189386
0.357062
0.254425
1.000000
0.013940
0.210207
0.271168
0.322129
0.420779
1.000000
0.013937
0.165771
0.205045
0.264934
0.353437
1.000000
0.013883
0.762599
0.952229
0.807922
0.999924
1.000000
0.013751
0.259012
0.343264
0.378998
0.502437
1.000000
0.013679
0.685648
0.664878
0.797707
0.814299
1.000000
0.013610
0.066819
0.722894
0.104024
0.778646
1.000000
0.013589
0.378395
0.498428
0.513788
0.676633
1.000000
0.013583
0.338583
0.683087
0.389260
0.745756
1.000000
0.013530
0.568588
0.917388
0.612380
0.982230
1.000000
0.013299
0.172129
0.342186
0.267617
0.487988
1.000000
0.013197
0.138485
0.273439
0.231823
0.423538
1.000000
0.013149
0.340025
0.718590
0.388816
0.779894
1.000000
0.013137
0.305581
0.607463
0.421919
0.747662
1.000000
0.013128
0.306003
0.206035
0.427350
0.347552
1.000000
0.013115
0.114484
0.033310
0.221595
0.197612
1.000000
0.013089
0.385113
0.492681
0.433442
0.560493
1.000000
0.013085
0.164723
0.452279
0.205416
0.512584
1.000000
0.013038
0.357363
0.681532
0.477230
0.810432
1.000000
0.012962
0.064048
0.622652
0.100635
0.680206
1.000000
0.012933
0.095765
0.002147
0.137221
0.052124
1.000000
0.012741
0.350060
0.299814
0.481925
0.463780
1.000000
0.012672
0.161528
0.385481
0.203640
0.448422
1.000000
0.012647
0.236824
0.522924
0.284623
0.589892
1.000000
0.012592
0.364427
0.581419
0.411360
0.646795
1.000000
0.012541
0.137494
0.001846
0.184945
0.054251
1.000000
0.012425
0.148079
0.145043
0.337180
0.447776
1.000000
0.012399
0.392975
0.108674
0.870885
0.745821
1.000000
0.012368
0.313706
0.749880
0.361782
0.812050
1.000000
0.012348
0.366847
0.160440
0.475379
0.283781
1.000000
0.012342
0.068051
0.452207
0.107277
0.513507
1.000000
0.012289
0.119585
0.691026
0.153091
0.741738
1.000000
0.012275
0.291169
0.551141
0.340503
0.619113
1.000000
0.012233
0.314276
0.516430
0.363337
0.590447
1.000000
0.012211
0.117017
0.208020
0.210148
0.358208
1.000000
0.012084
0.001098
0.415335
0.033616
0.482452
1.000000
0.012068
0.211227
0.014080
0.266217
0.086814
1.000000
0.012067
0.414454
0.248606
0.464520
0.311449
1.000000
0.011980
0.094729
0.383348
0.134726
0.443426
1.000000
0.011942
0.109413
0.330075
0.277967
0.652194
1.000000
0.011914
0.522694
0.896654
0.611431
1.004264
1.000000
0.011900
0.414878
0.185565
0.464450
0.248420
1.000000
0.011833
0.506648
0.402360
0.598957
0.554857
1.000000
0.011721
0.063823
0.755082
0.104425
0.813739
1.000000
0.011680
0.004958
0.888338
0.037186
0.948107
1.000000
0.011665
0.626350
0.611273
0.748057
0.756231
1.000000
0.011635
0.012621
0.781491
0.055732
0.845681
1.000000
0.011587
0.162971
0.000690
0.210001
0.054211
1.000000
0.011472
0.615106
0.953812
0.654194
0.998831
1.000000
0.011456
0.538791
0.275946
0.628076
0.422659
1.000000
0.011426
0.291514
0.383717
0.338325
0.448419
1.000000
0.011418
0.412979
0.484859
0.458249
0.549517
1.000000
0.011417
0.564151
0.408765
0.659101
0.563606
1.000000
0.011348
0.718224
0.954417
0.757782
0.997754
1.000000
0.011317
0.189239
0.001273
0.235447
0.054795
1.000000
0.011247
0.589527
0.949935
0.631300
0.998591
1.000000
0.011239
0.218930
0.253437
0.260438
0.313993
1.000000
0.011209
0.507876
0.415421
0.552718
0.482568
1.000000
0.011147
0.757357
0.910214
0.851630
1.010020
1.000000
0.011137
0.315378
0.352947
0.361127
0.415998
1.000000
0.011047
0.243179
0.715800
0.286512
0.773119
1.000000
0.011044
0.642978
0.956409
0.682680
1.000421
1.000000
0.011036
0.669246
0.956297
0.707632
0.998277
1.000000
0.011016
0.388928
0.718066
0.442995
0.779897
1.000000
0.011011
0.120625
0.420924
0.158456
0.478123
1.000000
0.010973
0.369030
0.188073
0.411864
0.248670
1.000000
0.010956
0.066528
0.687244
0.103002
0.744015
1.000000
0.010916
0.267447
0.749479
0.314465
0.812369
1.000000
0.010906
0.362466
0.748902
0.411348
0.810180
1.000000
0.010877
0.001561
0.257493
0.034918
0.326079
1.000000
0.010837
0.016971
0.330908
0.101333
0.489420
1.000000
0.010814
0.266692
0.713674
0.312629
0.776614
1.000000
0.010770
0.119421
0.385606
0.158530
0.444671
1.000000
0.010704
0.286318
0.204758
0.334382
0.272273
1.000000
0.010680
0.618392
0.551173
0.660342
0.610824
1.000000
0.010640
0.015453
0.421026
0.350733
0.984637
1.000000
0.010566
0.693143
0.954801
0.733234
0.998101
1.000000
0.010544
0.265857
0.448159
0.314044
0.513823
1.000000
0.010515
0.160910
0.711127
0.251531
0.845125
1.000000
0.010514
0.571769
0.386089
0.767381
0.705107
1.000000
0.010441
0.190126
0.486313
0.235004
0.553228
1.000000
0.010434
0.214943
0.484987
0.259829
0.552825
1.000000
0.010408
0.389916
0.319555
0.437769
0.382030
1.000000
0.010393
0.360902
0.651044
0.409020
0.715634
1.000000
0.010372
0.466217
0.448068
0.511375
0.512202
1.000000
0.010332
0.093414
0.131256
0.186146
0.286611
1.000000
0.010330
0.342442
0.547433
0.393441
0.616066
1.000000
0.010316
0.193068
0.688934
0.231166
0.743216
1.000000
0.010313
0.125980
0.759665
0.204030
0.892122
1.000000
0.010311
0.144425
0.357325
0.185347
0.417657
1.000000
0.010307
0.000389
0.351955
0.147244
0.637937
1.000000
0.010210
0.161636
0.075476
0.272399
0.232833
1.000000
0.010203
0.068910
0.205788
0.159631
0.354198
1.000000
0.010183
0.739847
0.663219
0.781367
0.720142
1.000000
0.010159
0.475933
0.221759
0.579140
0.369705
1.000000
0.010104
0.567764
0.538299
0.664312
0.677019
1.000000
0.010069
0.264616
0.318417
0.309841
0.380386
1.000000
0.010048
0.140938
-0.009021
0.232266
0.099689
1.000000
0.010019
0.338033
0.617394
0.388697
0.683717
1.000000
0.010012
0.339525
0.319871
0.387000
0.382797
1.000000
0.010011
0.069273
-0.000126
0.111112
0.051300
