1.000000
0.072241
0.422292
0.290867
1.063629
1.070903
1.000000
0.051951
-0.008102
0.760436
0.228332
1.008365
1.000000
0.042713
0.120454
0.324647
0.569702
0.992884
1.000000
0.041019
0.360301
0.194774
0.543163
0.434208
1.000000
0.037562
0.021838
0.722580
0.111878
0.861072
1.000000
0.036469
0.018990
0.449865
0.062455
0.509979
1.000000
0.034160
0.022804
0.894137
0.110769
0.997016
1.000000
0.033650
0.060431
0.946424
0.108000
0.997491
1.000000
0.032108
0.012560
0.792663
0.110261
0.938559
1.000000
0.031136
0.003749
0.220578
0.062453
0.337449
1.000000
0.029148
0.000161
0.949111
0.036451
0.998293
1.000000
0.028469
-0.010053
0.362050
0.238886
0.859884
1.000000
0.026393
0.114439
0.956300
0.156120
0.999071
1.000000
0.025877
0.013878
0.548409
0.055623
0.606544
1.000000
0.025599
0.003013
0.538524
0.085156
0.661014
1.000000
0.025576
0.097970
0.725121
0.183895
0.841648
1.000000
0.024762
0.010923
0.813670
0.064205
0.888490
1.000000
0.024326
0.288255
0.105447
0.646964
0.612415
1.000000
0.023699
0.019580
0.628130
0.111615
0.750351
1.000000
0.023529
0.012823
0.877025
0.061493
0.947508
1.000000
0.023523
0.081687
0.886007
0.185285
1.001444
1.000000
0.023514
0.003231
0.520404
0.038354
0.579738
1.000000
0.023513
0.169119
0.956727
0.209200
0.998157
1.000000
0.023480
0.057783
0.718129
0.102515
0.778095
1.000000
0.023349
0.165130
0.555985
0.246421
0.688286
1.000000
0.023290
0.120967
0.726419
0.160962
0.780536
1.000000
0.023197
0.000418
0.749832
0.037545
0.814411
1.000000
0.022702
0.169026
0.759446
0.205290
0.806081
1.000000
0.022346
0.002099
0.482229
0.036822
0.541277
1.000000
0.022225
0.168224
0.695480
0.250749
0.817029
1.000000
0.022215
0.065453
0.545395
0.157985
0.677868
1.000000
0.021912
0.020350
0.342080
0.106685
0.479951
1.000000
0.021265
0.012404
0.691574
0.059720
0.755539
1.000000
0.021045
0.061658
0.749648
0.105350
0.809513
1.000000
0.021007
0.174422
0.887473
0.210680
0.938321
1.000000
0.020892
0.063483
0.794168
0.105276
0.848014
1.000000
0.020809
0.001294
0.584407
0.035078
0.644091
1.000000
0.020625
0.017252
0.448808
0.096745
0.562057
1.000000
0.020617
0.003744
0.426765
0.037500
0.484035
1.000000
0.020579
0.141822
0.757142
0.182425
0.809015
1.000000
0.020366
0.173900
0.792010
0.208860
0.837097
1.000000
0.020156
0.087875
0.955232
0.131694
1.000103
1.000000
0.020129
0.142744
0.958402
0.184517
0.999783
1.000000
0.019975
0.022811
0.261771
0.102332
0.403464
1.000000
0.019849
0.095459
0.619964
0.180945
0.740885
1.000000
0.019674
0.170699
0.861068
0.207792
0.912067
1.000000
0.019422
0.171604
0.917913
0.213100
0.975054
1.000000
0.019199
0.172587
0.593141
0.211426
0.649066
1.000000
0.019150
0.731621
0.602984
1.033532
1.000158
1.000000
0.019140
0.001738
0.853170
0.040110
0.917612
1.000000
0.019036
0.151040
0.903188
0.232970
1.002458
1.000000
0.018994
0.214662
0.954919
0.255292
0.997482
1.000000
0.018577
0.057304
0.821335
0.104605
0.884206
1.000000
0.018568
0.189672
0.619773
0.227863
0.674508
1.000000
0.018476
0.144332
0.480093
0.232593
0.624308
1.000000
0.018459
0.064400
0.416273
0.154772
0.545606
1.000000
0.018459
0.167549
0.764704
0.246706
0.878633
1.000000
0.018423
0.038683
0.521948
0.080134
0.576710
1.000000
0.018393
0.088768
0.479367
0.177181
0.617105
1.000000
0.018364
0.187958
0.615498
0.272616
0.747459
1.000000
0.018293
0.120186
0.414698
0.209428
0.558756
1.000000
0.018280
0.118235
0.589552
0.156476
0.646000
1.000000
0.018234
0.015598
0.312490
0.055068
0.375756
1.000000
0.018121
0.000870
0.785911
0.038904
0.852087
1.000000
0.018121
0.195177
0.796891
0.227910
0.841177
1.000000
0.018108
0.142157
0.730000
0.180861
0.779737
1.000000
0.018042
0.000254
0.619033
0.034153
0.677204
1.000000
0.017964
0.065509
0.521385
0.105392
0.575906
1.000000
0.017884
0.001214
0.656362
0.034746
0.713799
1.000000
0.017852
0.037371
0.794020
0.085303
0.853957
1.000000
0.017578
0.057628
0.448275
0.102069
0.511776
1.000000
0.017563
0.212333
0.544229
0.309319
0.684871
1.000000
0.017254
0.061944
0.664564
0.157305
0.786986
1.000000
0.017112
0.123011
0.813192
0.283696
1.011333
1.000000
0.017084
0.173059
0.826717
0.208850
0.872127
1.000000
0.017022
0.118586
0.621960
0.156595
0.676326
1.000000
0.017003
0.085398
0.343396
0.177860
0.486302
1.000000
0.016944
0.117107
0.654259
0.156085
0.706254
1.000000
0.016938
0.093169
0.521654
0.132727
0.578389
1.000000
0.016938
0.057471
0.885610
0.101879
0.948213
1.000000
0.016864
0.169676
0.731972
0.206425
0.779088
1.000000
0.016853
0.166885
0.420041
0.260794
0.563360
1.000000
0.016846
0.193164
0.653481
0.229206
0.703299
1.000000
0.016808
0.215727
0.821360
0.252351
0.870977
1.000000
0.016762
0.194236
0.730772
0.228841
0.777063
1.000000
0.016671
0.192794
0.821272
0.228299
0.868459
1.000000
0.016652
0.193112
0.759949
0.228184
0.807601
1.000000
0.016649
0.002077
0.391432
0.032695
0.446847
1.000000
0.016502
0.095114
0.792509
0.131439
0.838912
1.000000
0.016386
0.215913
0.758375
0.251648
0.808298
1.000000
0.016172
0.220510
0.481398
0.318548
0.611261
1.000000
0.016050
0.065329
0.585484
0.105712
0.641841
1.000000
0.015925
0.168279
0.484650
0.209510
0.547048
1.000000
0.015772
0.164853
0.455793
0.204975
0.515580
1.000000
0.015695
0.095009
0.587953
0.133042
0.643592
1.000000
0.015645
0.119978
0.696970
0.159411
0.747973
1.000000
0.015619
0.215064
0.919606
0.258516
0.979127
1.000000
0.015527
0.215011
0.793388
0.250483
0.841110
1.000000
0.015381
0.211458
0.681034
0.299311
0.817577
1.000000
0.015367
0.036037
0.431982
0.079051
0.494709
1.000000
0.015357
0.035267
0.851365
0.087411
0.920219
1.000000
0.015332
0.473904
0.552129
0.555301
0.680328
1.000000
0.015256
0.141294
0.922758
0.184552
0.977922
1.000000
0.015179
0.216935
0.726881
0.253411
0.777086
1.000000
0.015151
0.120853
0.784108
0.158764
0.831969
1.000000
0.015118
0.147138
0.590737
0.184239
0.643433
1.000000
0.015080
0.088399
0.795061
0.182391
0.917575
1.000000
0.015008
0.002502
0.347592
0.032661
0.405250
1.000000
0.014809
0.262598
0.414062
0.378252
0.557177
1.000000
0.014799
0.091382
0.450279
0.131376
0.510581
1.000000
0.014672
0.085631
0.639190
0.256892
0.893609
1.000000
0.014612
0.494355
0.586618
0.534715
0.648961
1.000000
0.014605
0.093975
0.724959
0.133188
0.777692
1.000000
0.014492
0.121550
0.667093
0.206845
0.788359
1.000000
0.014478
0.315327
0.367680
0.420230
0.524866
1.000000
0.014469
0.015915
0.392617
0.056341
0.451554
1.000000
0.014459
0.097809
0.756763
0.135820
0.808377
1.000000
0.014384
0.171192
0.695887
0.207592
0.742219
1.000000
0.014346
0.045064
0.315482
0.082400
0.377938
1.000000
0.014310
0.146558
0.855925
0.183508
0.903529
1.000000
0.014280
0.166835
0.341521
0.259926
0.484255
1.000000
0.014049
0.094608
0.654920
0.133603
0.707379
1.000000
0.014032
0.037503
0.478832
0.079842
0.537828
1.000000
0.013979
0.030498
0.273219
0.203381
0.573484
1.000000
0.013956
0.240616
0.955359
0.282397
0.998559
1.000000
0.013946
0.053511
0.211514
0.146966
0.367811
1.000000
0.013846
0.115185
0.550671
0.155029
0.609722
1.000000
0.013819
0.170430
0.519327
0.211366
0.581763
1.000000
0.013794
0.065487
0.655043
0.108942
0.711817
1.000000
0.013754
0.267398
0.519347
0.310683
0.578927
1.000000
0.013739
0.217271
0.693359
0.254093
0.743965
1.000000
0.013658
0.170828
0.555909
0.210291
0.614464
1.000000
0.013620
0.117953
0.278936
0.212492
0.429357
1.000000
0.013491
0.061535
0.485091
0.102212
0.543912
1.000000
0.013439
0.038761
0.695902
0.088822
0.758521
1.000000
0.013385
0.040043
0.657863
0.085558
0.715019
1.000000
0.013335
0.114956
0.451890
0.157102
0.513775
1.000000
0.013293
0.144132
0.700294
0.181547
0.747883
1.000000
0.013275
0.194483
0.693763
0.230663
0.742451
1.000000
0.013230
0.215368
0.489094
0.256601
0.549643
1.000000
0.013098
0.192384
0.517968
0.233505
0.578337
1.000000
0.013083
0.558870
0.417733
0.670217
0.560608
1.000000
0.013054
0.142472
0.386417
0.183677
0.446005
1.000000
0.013036
0.091119
0.859232
0.128071
0.910124
1.000000
0.013016
-0.011389
0.390083
0.132328
0.611152
1.000000
0.012947
0.039731
0.580914
0.083377
0.639465
1.000000
0.012821
0.265799
0.959246
0.305987
0.999842
1.000000
0.012771
0.121799
0.855507
0.159197
0.905962
1.000000
0.012745
0.211459
0.623525
0.251098
0.678539
1.000000
0.012734
0.315141
0.958472
0.360506
1.001810
1.000000
0.012682
0.165749
0.420209
0.206093
0.480164
1.000000
0.012659
0.064940
0.620292
0.109317
0.679755
1.000000
0.012549
0.213659
0.590391
0.251794
0.644896
1.000000
0.012526
0.215809
0.659014
0.252574
0.708986
1.000000
0.012469
0.215871
0.860331
0.253185
0.911166
1.000000
0.012452
0.536941
0.306065
0.630103
0.467640
1.000000
0.012438
0.214271
0.337686
0.318058
0.491646
1.000000
0.012362
0.145809
0.622317
0.183438
0.674114
1.000000
0.012325
0.068695
0.384004
0.108891
0.444975
1.000000
0.012312
0.142895
0.472275
0.309103
0.780348
1.000000
0.012306
0.143820
0.482710
0.185840
0.546604
1.000000
0.012239
0.242943
0.520786
0.285330
0.577438
1.000000
0.012198
0.142170
0.518542
0.182575
0.578727
1.000000
0.012191
0.064734
0.318294
0.103094
0.382270
1.000000
0.012161
0.214843
0.886446
0.253800
0.941432
1.000000
0.012144
0.328800
0.439450
0.445357
0.589215
1.000000
0.012056
0.269607
0.498794
0.382061
0.643618
1.000000
0.012034
0.147187
0.889111
0.186941
0.941075
1.000000
0.012013
0.145451
0.657956
0.181412
0.705525
1.000000
0.011876
0.165744
0.385664
0.207461
0.446126
1.000000
0.011874
0.093813
0.621474
0.134926
0.678769
1.000000
0.011871
0.090302
0.384067
0.131176
0.444018
1.000000
0.011861
0.193759
0.457246
0.232226
0.514441
1.000000
0.011828
0.216720
0.552610
0.255754
0.609412
1.000000
0.011737
0.063770
0.551315
0.104392
0.607648
1.000000
0.011672
0.261889
0.302679
0.367641
0.469795
1.000000
0.011622
0.116134
0.385564
0.157235
0.444494
1.000000
0.011551
0.239402
0.613748
0.337001
0.758940
1.000000
0.011462
0.242610
0.551800
0.284313
0.607536
1.000000
0.011407
0.092556
0.487787
0.132807
0.548675
1.000000
0.011400
0.182671
0.603931
0.353254
0.898261
1.000000
0.011365
0.239702
0.825902
0.277287
0.876432
1.000000
0.011356
0.338518
0.448042
0.390025
0.517072
1.000000
0.011355
0.413719
0.535864
0.518320
0.695650
1.000000
0.011340
0.241705
0.586750
0.280086
0.639929
1.000000
0.011285
0.510530
0.540279
0.611755
0.690160
1.000000
0.011265
0.366640
0.416056
0.412500
0.480651
1.000000
0.011239
0.623362
0.466253
0.731730
0.616958
1.000000
0.011132
0.266278
0.452342
0.313968
0.518697
1.000000
0.010999
0.238663
0.723913
0.275004
0.775290
1.000000
0.010921
0.039457
0.619943
0.085251
0.679824
1.000000
0.010910
0.612804
0.448776
0.662265
0.516277
1.000000
0.010894
0.244263
0.464996
0.450706
0.776449
1.000000
0.010887
0.238463
0.791309
0.275756
0.842175
1.000000
0.010726
0.237504
0.746281
0.329133
0.880970
1.000000
0.010724
0.119390
0.891258
0.157624
0.943743
1.000000
0.010716
0.518853
0.617997
0.616800
0.762700
1.000000
0.010689
0.214321
0.383352
0.257371
0.447479
1.000000
0.010674
0.204357
0.789863
0.294597
0.920764
1.000000
0.010665
0.112531
0.353958
0.154620
0.414777
1.000000
0.010650
0.296185
0.699717
0.391912
0.853558
1.000000
0.010622
0.114800
0.486174
0.157203
0.549311
1.000000
0.010621
0.311277
0.516363
0.358455
0.579625
1.000000
0.010601
0.216152
0.454668
0.257527
0.515904
1.000000
0.010503
0.064889
0.249527
0.104205
0.316902
1.000000
0.010451
0.318368
0.258503
0.431224
0.434867
1.000000
0.010446
0.090660
0.824714
0.130161
0.876372
1.000000
0.010429
0.144949
0.557179
0.183725
0.613736
1.000000
0.010410
0.185711
0.267620
0.286377
0.425950
1.000000
0.010344
0.121025
0.827333
0.160652
0.877554
1.000000
0.010339
0.087849
0.349627
0.131034
0.413533
1.000000
0.010328
0.388862
0.380879
0.436786
0.448901
1.000000
0.010322
0.208013
0.908476
0.299920
1.006839
1.000000
0.010208
0.162579
0.014693
0.216006
0.083283
1.000000
0.010185
0.384735
0.445627
0.435583
0.513443
1.000000
0.010132
0.364641
0.949753
0.413197
0.999545
1.000000
0.010041
0.093626
0.694533
0.132310
0.744711
1.000000
0.010025
0.090363
0.889613
0.126927
0.940015
