1.000000
0.207746
0.271091
0.291406
0.747335
1.006906
1.000000
0.143011
0.489623
0.237573
0.643283
0.486793
1.000000
0.044796
-0.001889
0.765899
0.219339
1.006884
1.000000
0.044006
0.021218
0.720094
0.111419
0.848543
1.000000
0.043997
0.744115
0.074581
1.020307
0.877027
1.000000
0.036911
0.063425
0.949891
0.106517
0.996334
1.000000
0.035499
0.362543
0.174026
0.661694
0.662375
1.000000
0.035401
0.114561
0.957011
0.153942
0.997852
1.000000
0.034290
0.022926
0.900628
0.108570
0.998147
1.000000
0.034208
0.019788
0.634411
0.112585
0.751652
1.000000
0.033873
0.019278
0.451169
0.062421
0.509655
1.000000
0.033515
0.013751
0.694226
0.060850
0.753995
1.000000
0.033366
0.014360
0.947883
0.059305
0.996909
1.000000
0.032854
0.011367
0.793308
0.105092
0.933085
1.000000
0.032616
0.038337
0.717550
0.088745
0.780339
1.000000
0.030515
0.089485
0.921800
0.173238
1.012035
1.000000
0.030405
0.020852
0.438528
0.288691
0.967178
1.000000
0.030393
0.095294
0.723126
0.180810
0.841989
1.000000
0.029641
0.189649
0.483010
0.276288
0.618075
1.000000
0.029044
0.090802
0.957193
0.130512
0.998585
1.000000
0.028798
0.002750
0.542722
0.086955
0.664199
1.000000
0.028579
0.000924
0.753631
0.036965
0.812650
1.000000
0.027728
0.001956
0.223348
0.058456
0.340276
1.000000
0.027236
0.172664
0.958323
0.208681
0.996468
1.000000
0.027138
0.003070
0.720179
0.038364
0.778636
1.000000
0.026691
0.170196
0.752517
0.206288
0.799927
1.000000
0.026522
0.119069
0.725125
0.158203
0.777288
1.000000
0.025918
0.012869
0.877027
0.058226
0.941686
1.000000
0.025755
0.002043
0.821047
0.039461
0.882879
1.000000
0.025743
0.062582
0.551117
0.155771
0.681431
1.000000
0.025410
0.167889
0.551233
0.248412
0.677726
1.000000
0.025097
0.175100
0.797036
0.208783
0.840504
1.000000
0.025040
0.015756
0.525632
0.055353
0.579749
1.000000
0.024721
0.964309
0.589054
0.994436
0.641165
1.000000
0.024462
0.013915
0.658168
0.058353
0.714086
1.000000
0.024441
0.162893
0.697853
0.241849
0.809662
1.000000
0.024430
0.061632
0.747740
0.104663
0.806328
1.000000
0.023790
0.167576
0.622323
0.248892
0.744137
1.000000
0.023469
0.063880
0.793217
0.102361
0.843062
1.000000
0.023377
0.002118
0.789947
0.037988
0.849361
1.000000
0.023161
0.035197
0.821599
0.083634
0.885204
1.000000
0.023073
0.176082
0.827521
0.211495
0.874808
1.000000
0.022984
0.125470
0.418850
0.208838
0.559606
1.000000
0.022928
0.001322
0.586874
0.034475
0.644275
1.000000
0.022887
0.002767
0.854761
0.039748
0.917624
1.000000
0.022887
0.963894
0.557151
0.994075
0.610745
1.000000
0.022844
0.155287
0.912556
0.231167
1.004371
1.000000
0.022488
0.002661
0.919767
0.038196
0.982327
1.000000
0.022467
0.002539
0.481371
0.037289
0.539741
1.000000
0.022446
0.058995
0.666814
0.150209
0.787233
1.000000
0.022386
0.580207
0.360785
0.683137
0.521301
1.000000
0.022270
0.003260
0.550979
0.038086
0.606559
1.000000
0.022256
0.036943
0.793093
0.081921
0.849150
1.000000
0.022180
0.004053
0.427419
0.037828
0.483741
1.000000
0.022130
0.144772
0.959630
0.183307
0.998845
1.000000
0.021961
0.406169
0.327512
0.508309
0.487367
1.000000
0.021947
0.118813
0.757239
0.158895
0.810313
1.000000
0.021937
0.266044
0.556583
0.302707
0.610020
1.000000
0.021877
0.155425
0.802060
0.231909
0.916958
1.000000
0.021446
0.175719
0.927560
0.210774
0.974522
1.000000
0.021427
0.963405
0.523269
0.993823
0.577689
1.000000
0.021302
0.174958
0.857136
0.209228
0.907500
1.000000
0.021179
0.192605
0.520510
0.231672
0.580017
1.000000
0.021178
0.000302
0.620163
0.033746
0.676082
1.000000
0.021121
0.095041
0.616125
0.178994
0.734943
1.000000
0.021055
0.059105
0.696401
0.103836
0.753204
1.000000
0.020972
0.044575
0.843913
0.144166
0.978527
1.000000
0.020916
0.019629
0.446020
0.099211
0.558520
1.000000
0.020805
0.026566
0.649537
0.183626
0.896771
1.000000
0.020790
0.215799
0.954964
0.254400
0.996250
1.000000
0.020775
0.023681
0.302574
0.103624
0.443534
1.000000
0.020715
0.177475
0.888414
0.208164
0.931415
1.000000
0.020706
0.191572
0.591394
0.229372
0.646459
1.000000
0.020602
0.265170
0.523628
0.304826
0.583067
1.000000
0.020506
0.092836
0.725475
0.130325
0.776912
1.000000
0.020430
0.169236
0.518208
0.209775
0.580546
1.000000
0.020338
0.065180
0.655691
0.108753
0.711363
1.000000
0.020307
0.245046
0.487334
0.333044
0.615918
1.000000
0.020197
0.091001
0.476986
0.177925
0.613525
1.000000
0.020152
0.145675
0.756882
0.185095
0.807898
1.000000
0.020142
0.164816
0.454803
0.206234
0.518981
1.000000
0.020065
0.174032
0.659222
0.211606
0.708109
1.000000
0.020048
0.040332
0.659582
0.086143
0.715387
1.000000
0.019926
0.098387
0.791077
0.132274
0.835408
1.000000
0.019921
0.097663
0.756002
0.133321
0.805947
1.000000
0.019808
0.016472
0.311299
0.054435
0.370998
1.000000
0.019711
0.193301
0.802984
0.224632
0.845911
1.000000
0.019466
0.118501
0.590549
0.157318
0.646256
1.000000
0.019444
0.061633
0.523357
0.100067
0.575591
1.000000
0.019422
0.128461
0.511257
0.214079
0.654776
1.000000
0.019322
0.217241
0.540387
0.304070
0.666779
1.000000
0.019319
0.093774
0.654014
0.133234
0.707160
1.000000
0.019314
0.061015
0.885994
0.100553
0.940661
1.000000
0.019261
0.447202
0.231444
0.555932
0.409010
1.000000
0.019201
0.216567
0.418719
0.311435
0.561011
1.000000
0.019132
0.173956
0.619521
0.211705
0.670717
1.000000
0.019076
0.146994
0.726419
0.186011
0.776890
1.000000
0.019053
0.090719
0.794410
0.180512
0.919085
1.000000
0.018822
0.059499
0.417606
0.149380
0.550516
1.000000
0.018821
0.115581
0.651616
0.155491
0.704227
1.000000
0.018749
0.365945
0.362484
0.462197
0.524489
1.000000
0.018475
0.215228
0.520785
0.254764
0.578726
1.000000
0.018421
0.121295
0.786600
0.157190
0.831651
1.000000
0.018401
-0.002237
0.359671
0.061001
0.471265
1.000000
0.018260
0.215038
0.486805
0.255846
0.547129
1.000000
0.018145
0.187892
0.727078
0.224271
0.776905
1.000000
0.018009
0.605861
0.441762
0.707510
0.580761
1.000000
0.017981
0.091352
0.345293
0.179694
0.491243
1.000000
0.017759
0.965126
0.625227
0.994968
0.676502
1.000000
0.017627
0.143437
0.927068
0.180639
0.974199
1.000000
0.017568
0.027852
0.424605
0.195374
0.693759
1.000000
0.017563
0.215890
0.555235
0.255977
0.613471
1.000000
0.017492
0.002341
0.392506
0.033191
0.446906
1.000000
0.017435
0.127893
0.667460
0.210083
0.786381
1.000000
0.017380
0.943578
0.527241
0.996275
0.630541
1.000000
0.017209
0.118221
0.696169
0.157527
0.747703
1.000000
0.017193
0.093400
0.590453
0.131667
0.644631
1.000000
0.017173
0.037029
0.432868
0.078515
0.494021
1.000000
0.017170
0.171898
0.695832
0.210696
0.746664
1.000000
0.017041
0.189967
0.755118
0.223823
0.801626
1.000000
0.017034
0.964991
0.494286
0.994794
0.548858
1.000000
0.016848
0.218590
0.925137
0.258754
0.978441
1.000000
0.016689
0.065435
0.587291
0.107686
0.644450
1.000000
0.016677
0.967064
0.324705
0.995877
0.376455
1.000000
0.016633
0.171057
0.553489
0.210799
0.612609
1.000000
0.016543
0.263684
0.489743
0.304841
0.549631
1.000000
0.016525
0.146928
0.591264
0.184105
0.643018
1.000000
0.016434
0.212661
0.621039
0.299200
0.755482
1.000000
0.016412
0.165534
0.347957
0.256249
0.492651
1.000000
0.016356
0.630900
0.281833
0.733692
0.440566
1.000000
0.016304
0.571677
0.206984
0.678696
0.384240
1.000000
0.016231
0.146043
0.787795
0.181738
0.832341
1.000000
0.016210
0.141852
0.550692
0.296429
0.835099
1.000000
0.015942
0.116183
0.517006
0.155906
0.575841
1.000000
0.015935
0.966406
0.693883
0.995600
0.743544
1.000000
0.015928
0.192635
0.553590
0.233320
0.614770
1.000000
0.015744
0.212737
0.585104
0.251312
0.637997
1.000000
0.015713
0.090823
0.859862
0.126109
0.909353
1.000000
0.015709
0.296676
0.483954
0.398516
0.626020
1.000000
0.015695
0.060364
0.281204
0.150641
0.431420
1.000000
0.015680
0.408093
0.435135
0.515757
0.597532
1.000000
0.015662
0.133612
0.847196
0.217590
0.971300
1.000000
0.015656
0.267176
0.413068
0.366567
0.551796
1.000000
0.015648
0.509216
0.421856
0.989576
1.077655
1.000000
0.015644
0.216263
0.796191
0.250781
0.840899
1.000000
0.015539
0.191017
0.455354
0.231360
0.517209
1.000000
0.015496
0.965523
0.657365
0.995308
0.707770
1.000000
0.015427
0.294279
0.524531
0.335191
0.582279
1.000000
0.015419
0.001964
0.348949
0.032116
0.405397
1.000000
0.015213
0.316256
0.520315
0.358347
0.582337
1.000000
0.015203
0.460408
0.246071
0.507709
0.320548
1.000000
0.015185
0.128263
0.011011
0.565709
0.663175
1.000000
0.014978
0.042802
0.314956
0.080324
0.375389
1.000000
0.014930
0.181942
0.762209
0.263954
0.890284
1.000000
0.014883
0.489609
0.314691
0.540215
0.389688
1.000000
0.014762
0.149862
0.857426
0.182752
0.902636
1.000000
0.014761
0.146974
0.700455
0.185362
0.749528
1.000000
0.014708
0.533109
0.408700
0.643039
0.566258
1.000000
0.014688
0.216821
0.693011
0.255353
0.744759
1.000000
0.014654
0.554033
0.437883
0.607219
0.513462
1.000000
0.014615
0.091949
0.519815
0.130636
0.575412
1.000000
0.014607
0.118036
0.383594
0.159035
0.444901
1.000000
0.014595
0.211892
0.823401
0.249452
0.874728
1.000000
0.014589
0.244433
0.579133
0.283305
0.632355
1.000000
0.014568
0.437281
0.414867
0.483592
0.482097
1.000000
0.014529
0.064187
0.619804
0.110473
0.681078
1.000000
0.014496
0.040452
0.584454
0.084179
0.641969
1.000000
0.014483
0.215121
0.759836
0.251611
0.808473
1.000000
0.014391
0.117771
0.555303
0.156338
0.612395
1.000000
0.014286
0.462735
0.377776
0.511985
0.453336
1.000000
0.014138
0.149584
0.893689
0.181893
0.937386
1.000000
0.014125
0.822741
0.628360
0.856443
0.672319
1.000000
0.014009
0.215491
0.721535
0.253327
0.771349
1.000000
0.013981
0.120183
0.281175
0.212544
0.435517
1.000000
0.013981
0.092332
0.621712
0.134392
0.680478
1.000000
0.013978
0.062218
0.551189
0.103024
0.606542
1.000000
0.013977
0.873147
0.599100
0.903577
0.636790
1.000000
0.013972
0.532367
0.364411
0.595975
0.462227
1.000000
0.013955
0.966516
0.257257
0.996051
0.309330
1.000000
0.013931
0.967203
0.358352
0.996125
0.410896
1.000000
0.013896
0.092037
0.694091
0.130979
0.745615
1.000000
0.013832
0.213655
0.858327
0.249182
0.908305
1.000000
0.013804
0.035047
0.212606
0.119958
0.359264
1.000000
0.013707
0.145662
0.480514
0.186851
0.544745
1.000000
0.013682
0.148004
0.831675
0.184028
0.877729
1.000000
0.013645
0.144912
0.622244
0.183700
0.674778
1.000000
0.013633
0.064119
0.349683
0.102939
0.411834
1.000000
0.013620
0.186294
0.874853
0.271042
0.992509
1.000000
0.013610
0.512586
0.249227
0.563186
0.324367
1.000000
0.013482
0.967355
0.294538
0.996257
0.345125
1.000000
0.013473
0.389953
0.372573
0.443839
0.454859
1.000000
0.013469
0.530405
0.144744
0.651524
0.318852
1.000000
0.013433
0.145917
0.656228
0.183200
0.704880
1.000000
0.013427
0.586011
0.341432
0.639770
0.424220
1.000000
0.013356
0.965591
0.188502
0.995879
0.243263
1.000000
0.013333
0.872808
0.630007
0.904271
0.668998
1.000000
0.013332
0.454154
0.146431
0.563009
0.313036
1.000000
0.013242
0.242291
0.660457
0.278297
0.709530
1.000000
0.013199
0.463514
0.312261
0.509976
0.385080
1.000000
0.013193
0.121244
0.856268
0.156019
0.904225
1.000000
0.013127
0.611292
0.317630
0.658655
0.390616
1.000000
0.013107
0.438824
0.310105
0.484138
0.386226
1.000000
0.013098
0.465493
0.461294
0.568561
0.613366
1.000000
0.013096
0.040130
0.207136
0.207279
0.515114
1.000000
0.013026
0.215820
0.661381
0.252346
0.709257
1.000000
0.013024
0.538574
0.254411
0.590180
0.329045
1.000000
0.013021
0.268130
0.538211
0.364069
0.677215
1.000000
0.013009
0.873353
0.564348
0.904110
0.603693
1.000000
0.012967
0.037136
0.549100
0.079214
0.604135
1.000000
0.012959
0.966999
0.424966
0.995565
0.476528
1.000000
0.012887
0.612229
0.444232
0.664380
0.521259
1.000000
0.012884
0.208591
0.719466
0.295541
0.852503
1.000000
0.012803
0.212211
0.623527
0.250571
0.675275
1.000000
0.012803
0.611439
0.373646
0.665136
0.457119
1.000000
0.012786
0.240501
0.694751
0.277697
0.746444
1.000000
0.012736
0.966510
0.390667
0.995218
0.443517
1.000000
0.012730
0.118215
0.452844
0.159721
0.516947
1.000000
0.012708
0.396290
0.081134
0.597613
0.401500
1.000000
0.012576
0.533896
0.310866
0.593996
0.401554
1.000000
0.012538
0.472371
0.372089
0.587218
0.544881
1.000000
0.012524
0.039245
0.282466
0.075365
0.345058
1.000000
0.012513
0.491624
0.440951
0.544615
0.521385
1.000000
0.012453
0.140815
0.383704
0.183627
0.446105
1.000000
0.012421
0.092640
0.827872
0.130011
0.878518
1.000000
0.012407
0.146701
0.556837
0.185917
0.614036
1.000000
0.012354
0.638678
0.317450
0.684235
0.383515
1.000000
0.012304
0.848486
0.600368
0.877441
0.637233
1.000000
0.012304
0.240221
0.791792
0.276808
0.840233
1.000000
0.012245
0.388744
0.444578
0.438116
0.518055
1.000000
0.012218
0.156587
0.344022
0.319681
0.653724
1.000000
0.012178
0.896437
0.599792
0.924284
0.636643
1.000000
0.012164
0.039980
0.479203
0.080202
0.536601
1.000000
0.012100
0.092599
0.890228
0.125568
0.935659
1.000000
0.012075
0.587560
0.409866
0.638392
0.485049
1.000000
0.012062
0.121033
0.827680
0.158771
0.877034
1.000000
0.012051
0.059210
0.485766
0.099381
0.543923
1.000000
0.011993
0.166901
0.387044
0.209008
0.448863
1.000000
0.011873
0.065372
0.385392
0.104298
0.445220
1.000000
0.011833
0.266495
0.451972
0.310074
0.517137
1.000000
0.011815
0.246469
0.457061
0.438703
0.783524
1.000000
0.011795
0.371803
0.245169
0.471450
0.418287
1.000000
0.011774
0.242740
0.626368
0.280353
0.677934
1.000000
0.011742
0.966635
0.223923
0.996159
0.277112
1.000000
0.011732
0.090599
0.450817
0.131309
0.513036
1.000000
0.011707
0.873284
0.530807
0.904004
0.572622
1.000000
0.011697
0.898725
0.530612
0.927552
0.571700
1.000000
0.011667
0.241177
0.333691
0.343486
0.492129
1.000000
0.011660
0.042229
0.389756
0.083760
0.451537
1.000000
0.011636
0.318905
0.488197
0.360567
0.549391
1.000000
0.011636
0.657418
0.484285
0.706075
0.552018
1.000000
0.011628
0.797380
0.595796
0.831591
0.640838
1.000000
0.011620
0.514239
0.404684
0.576124
0.490286
1.000000
0.011569
0.967295
0.459965
0.995953
0.512773
1.000000
0.011556
0.214248
0.417594
0.256896
0.483598
1.000000
0.011516
0.821990
0.596605
0.855859
0.640468
1.000000
0.011496
0.492868
0.513655
0.536943
0.577145
1.000000
0.011459
0.290503
0.553326
0.332194
0.611347
1.000000
0.011425
0.515504
0.475915
0.562796
0.545134
1.000000
0.011410
0.120460
0.894904
0.154688
0.941490
1.000000
0.011368
0.093092
0.386599
0.132537
0.446257
1.000000
0.011363
0.194215
0.387597
0.233063
0.447441
1.000000
0.011360
0.093669
0.487981
0.133411
0.547687
1.000000
0.011300
0.116697
0.324058
0.156871
0.383006
1.000000
0.011282
0.314790
0.451858
0.360015
0.517734
1.000000
0.011262
0.896451
0.632072
0.925418
0.670762
1.000000
0.011199
0.115690
0.417500
0.157327
0.482146
1.000000
0.011163
0.348468
0.469920
0.471330
0.642027
1.000000
0.011127
0.241519
0.456661
0.285151
0.520329
1.000000
0.011115
0.486006
0.245438
0.537161
0.320639
1.000000
0.011071
0.293084
0.488983
0.337549
0.550876
1.000000
0.011036
0.091589
0.554350
0.129839
0.609679
1.000000
0.010951
0.191866
0.419506
0.232515
0.482378
1.000000
0.010936
0.663597
0.952139
0.708356
0.998743
1.000000
0.010916
0.796465
0.626547
0.832854
0.674329
1.000000
0.010913
0.896455
0.563724
0.925898
0.604298
1.000000
0.010832
0.217171
0.888060
0.252780
0.939384
1.000000
0.010779
0.462675
0.443191
0.511999
0.514868
1.000000
0.010725
0.214023
0.382077
0.256376
0.447100
1.000000
0.010699
0.190270
0.270585
0.288099
0.431080
1.000000
0.010687
0.338579
0.453503
0.386963
0.521479
1.000000
0.010673
0.337959
0.517883
0.383961
0.583486
1.000000
0.010657
0.612913
0.895635
0.709728
1.001026
1.000000
0.010645
0.316452
0.583046
0.357540
0.643362
1.000000
0.010597
0.610213
0.246121
0.660198
0.324975
1.000000
0.010415
0.413578
0.411850
0.458624
0.480789
1.000000
0.010376
0.464560
0.517253
0.509472
0.581795
1.000000
0.010367
0.516975
0.516611
0.559433
0.578025
1.000000
0.010341
0.240565
0.953301
0.281373
0.997619
1.000000
0.010341
0.562752
0.517439
0.609668
0.582129
1.000000
0.010339
0.235039
0.786680
0.323907
0.925576
1.000000
0.010292
0.662802
0.316550
0.709175
0.382047
1.000000
0.010276
0.646165
0.468342
0.754187
0.616082
1.000000
0.010269
0.846695
0.630846
0.877118
0.669545
1.000000
0.010255
0.822878
0.563119
0.856197
0.607059
1.000000
0.010176
0.872382
0.496612
0.905298
0.540137
1.000000
0.010037
0.143588
0.421187
0.187635
0.488873
1.000000
0.010026
0.772313
0.554407
0.858349
0.676735
1.000000
0.010025
0.966218
0.724020
0.995633
0.773117
1.000000
0.010021
0.539690
0.520896
0.583077
0.580288
1.000000
0.010012
0.850752
0.556670
0.927767
0.666149
