1.000000
0.902919
0.503689
0.258015
0.716065
0.564051
1.000000
0.039769
0.177715
0.378061
0.651262
0.998470
1.000000
0.036407
0.012960
0.606198
0.053816
0.671109
1.000000
0.032747
0.002180
0.002435
0.035945
0.054613
1.000000
0.028412
0.126580
0.588099
0.197537
0.720428
1.000000
0.027034
0.000160
0.823099
0.062344
0.943890
1.000000
0.024645
0.004535
0.553926
0.037121
0.619656
1.000000
0.024562
0.343948
0.717189
0.781856
1.033085
1.000000
0.024529
0.760592
0.712294
1.018623
1.020491
1.000000
0.023844
0.003994
0.648343
0.036840
0.711257
1.000000
0.023709
0.002517
0.751426
0.036597
0.813223
1.000000
0.023350
0.148347
0.647070
0.183982
0.705180
1.000000
0.023026
0.000192
0.279577
0.054686
0.412618
1.000000
0.022948
0.572126
0.215434
0.696588
0.390582
1.000000
0.022640
0.001025
0.602839
0.073081
0.735357
1.000000
0.022635
-0.000309
0.685041
0.076656
0.828008
1.000000
0.022396
0.251303
0.628202
0.347777
0.752961
1.000000
0.021126
0.142547
0.593280
0.180660
0.656019
1.000000
0.021092
0.005598
-0.010669
0.074298
0.087147
1.000000
0.020846
0.002861
0.821149
0.036267
0.882984
1.000000
0.020192
0.268613
0.656791
0.312566
0.718906
1.000000
0.019984
0.219989
0.552994
0.312099
0.684771
1.000000
0.019872
0.242612
0.657241
0.284055
0.714838
1.000000
0.019791
0.167452
0.620861
0.249736
0.751022
1.000000
0.019617
0.077793
0.549125
0.160924
0.685440
1.000000
0.019542
0.013896
0.679131
0.054644
0.741459
1.000000
0.018784
0.000426
0.411897
0.053959
0.543650
1.000000
0.018614
0.071686
0.647068
0.154850
0.785054
1.000000
0.018256
0.001841
0.946707
0.036441
0.994946
1.000000
0.017820
-0.010819
0.820171
0.132474
1.016187
1.000000
0.017726
0.220507
0.673616
0.326197
0.809898
1.000000
0.017625
0.612603
0.376633
0.665674
0.447141
1.000000
0.017531
0.000148
0.494563
0.056330
0.623799
1.000000
0.017314
0.119766
0.494815
0.200764
0.633931
1.000000
0.017279
0.218215
0.623256
0.255599
0.678349
1.000000
0.017003
0.288183
0.546074
0.391358
0.681962
1.000000
0.017002
0.219898
0.656471
0.256410
0.711046
1.000000
0.016930
0.127341
0.745149
0.205745
0.894492
1.000000
0.016603
0.655215
0.618229
0.779533
0.763427
1.000000
0.016528
0.004665
0.855186
0.037562
0.917187
1.000000
0.016501
0.124510
0.588606
0.161159
0.646260
1.000000
0.016312
0.269164
0.621308
0.310832
0.680231
1.000000
0.016193
0.014860
0.724881
0.056358
0.787433
1.000000
0.016132
0.447123
0.308704
0.813750
0.864682
1.000000
0.016070
0.167713
0.685847
0.203060
0.742386
1.000000
0.016004
0.679549
0.249060
0.773582
0.401770
1.000000
0.015795
0.665765
0.951269
0.712365
0.998596
1.000000
0.015737
0.033375
0.712879
0.122552
0.854112
1.000000
0.015652
0.162245
0.624593
0.198294
0.680915
1.000000
0.015534
0.511738
0.701368
0.617680
0.849039
1.000000
0.015483
0.166696
0.749962
0.203887
0.808368
1.000000
0.015347
0.589487
0.249348
0.638374
0.320499
1.000000
0.015202
0.595810
0.834488
0.772881
1.025702
1.000000
0.015201
0.039929
0.597146
0.073372
0.651290
1.000000
0.015127
0.069217
0.653470
0.102844
0.706445
1.000000
0.015033
0.094232
0.656256
0.128269
0.709031
1.000000
0.014991
0.274366
0.661409
0.395478
0.817081
1.000000
0.014953
0.119707
0.723503
0.152611
0.772378
1.000000
0.014930
0.241230
0.621872
0.285357
0.682699
1.000000
0.014858
0.123924
0.651021
0.159713
0.706335
1.000000
0.014782
0.220168
0.686909
0.255066
0.739501
1.000000
0.014775
0.632610
0.351990
0.684841
0.420203
1.000000
0.014741
0.328084
0.611678
0.441908
0.752246
1.000000
0.014728
0.039031
0.588930
0.118174
0.717547
1.000000
0.014689
0.097717
0.719086
0.132104
0.770279
1.000000
0.014587
0.268413
0.587684
0.311765
0.649799
1.000000
0.014549
0.171555
0.481023
0.260880
0.623235
1.000000
0.014523
0.002187
0.049191
0.031622
0.110553
1.000000
0.014521
0.011075
0.919667
0.056140
0.984337
1.000000
0.014486
0.714328
0.674310
0.830973
0.818649
1.000000
0.014443
0.339288
0.472182
0.442938
0.624059
1.000000
0.014351
0.073992
0.448752
0.156965
0.587941
1.000000
0.014319
0.197938
0.594636
0.230943
0.644801
1.000000
0.014287
0.002503
0.383564
0.035239
0.455509
1.000000
0.014280
0.096743
0.589015
0.131379
0.641935
1.000000
0.014276
0.217654
0.590754
0.255746
0.646894
1.000000
0.014267
0.196928
0.625995
0.230400
0.676285
1.000000
0.014264
0.588419
0.319380
0.639523
0.389758
1.000000
0.014218
0.159599
0.710220
0.247237
0.853953
1.000000
0.014147
0.583766
0.680458
0.706900
0.830259
1.000000
0.014055
0.041039
0.653668
0.075838
0.709548
1.000000
0.014013
0.036535
0.749883
0.076092
0.809871
1.000000
0.013826
0.562402
0.248997
0.611640
0.320843
1.000000
0.013791
0.163213
0.595636
0.199135
0.650721
1.000000
0.013770
0.194395
0.658822
0.228657
0.709446
1.000000
0.013704
0.417627
0.401781
0.517580
0.562960
1.000000
0.013689
0.617153
0.953579
0.657504
0.998459
1.000000
0.013596
0.316140
0.623530
0.358189
0.681234
1.000000
0.013590
0.113336
0.014390
0.163358
0.081159
1.000000
0.013580
0.362112
0.546868
0.463974
0.680496
1.000000
0.013561
0.311734
0.654200
0.356743
0.715549
1.000000
0.013438
0.066898
0.593166
0.099650
0.645106
1.000000
0.013393
0.142907
0.559211
0.179836
0.619170
1.000000
0.013375
0.121659
0.418589
0.207626
0.555650
1.000000
0.013341
0.241878
0.472457
0.343145
0.619270
1.000000
0.013318
0.241578
0.589542
0.284165
0.649523
1.000000
0.013305
0.288844
0.679437
0.335620
0.743370
1.000000
0.013250
0.066397
0.783464
0.159797
0.933852
1.000000
0.013236
0.243338
0.716871
0.284672
0.773036
1.000000
0.013184
0.571885
0.916976
0.614996
0.977173
1.000000
0.013164
0.568399
0.952193
0.608958
0.997104
1.000000
0.012958
0.267807
0.713277
0.311769
0.775697
1.000000
0.012869
0.210741
-0.009596
0.634145
0.664087
1.000000
0.012860
-0.006734
0.560732
0.137961
0.822480
1.000000
0.012835
0.625168
0.304939
0.746639
0.469792
1.000000
0.012785
0.648159
0.700159
0.778302
0.853828
1.000000
0.012766
0.209816
0.479878
0.382710
0.792356
1.000000
0.012684
0.627466
0.908577
0.723408
1.005715
1.000000
0.012642
0.094657
0.002452
0.135914
0.050876
1.000000
0.012532
0.732828
0.146801
1.026116
0.919214
1.000000
0.012509
0.565150
0.750419
0.669673
0.893489
1.000000
0.012493
0.164293
0.821153
0.200958
0.879213
1.000000
0.012477
0.316463
0.587747
0.360728
0.648937
1.000000
0.012475
0.119422
0.521677
0.155718
0.576940
1.000000
0.012470
0.145481
0.527149
0.179078
0.580388
1.000000
0.012467
0.552994
0.876248
0.642112
0.994181
1.000000
0.012367
0.613214
0.920041
0.656109
0.977770
1.000000
0.012250
0.150624
0.684265
0.184409
0.738824
1.000000
0.012195
0.095305
0.518027
0.131734
0.573434
1.000000
0.012189
0.041986
0.530672
0.074434
0.583120
1.000000
0.012101
0.150547
0.724120
0.183642
0.775679
1.000000
0.012079
0.762102
0.951170
0.811120
0.998456
1.000000
0.011985
0.612378
0.212980
0.662118
0.283669
1.000000
0.011963
0.068464
0.453288
0.104254
0.511951
1.000000
0.011938
0.514305
0.198965
0.622263
0.352967
1.000000
0.011925
0.165656
0.556524
0.201241
0.611409
1.000000
0.011783
0.494920
0.803867
0.667161
1.022105
1.000000
0.011753
0.469576
0.321492
0.579143
0.503218
1.000000
0.011713
0.164795
0.951542
0.206290
0.997312
1.000000
0.011567
0.745142
0.619473
0.855856
0.756900
1.000000
0.011553
0.366561
0.586700
0.412513
0.648604
1.000000
0.011548
0.590820
0.951080
0.633430
0.998451
1.000000
0.011485
0.069675
0.523139
0.103375
0.575937
1.000000
0.011477
0.038863
0.405283
0.121468
0.551233
1.000000
0.011472
0.708635
0.912071
0.819010
1.005234
1.000000
0.011441
0.610936
0.283885
0.659585
0.354141
1.000000
0.011340
0.058351
0.481302
0.201187
0.763549
1.000000
0.011314
0.040617
0.486692
0.119107
0.617213
1.000000
0.011311
0.267870
0.748559
0.312126
0.810168
1.000000
0.011299
0.340621
0.587830
0.386478
0.647878
1.000000
0.011280
0.612383
0.415438
0.736165
0.589127
1.000000
0.011278
0.411893
0.538443
0.523767
0.689772
1.000000
0.011275
0.606079
0.167285
0.710576
0.300417
1.000000
0.011270
0.063699
0.622214
0.099121
0.678999
1.000000
0.011236
0.513356
0.715772
0.561111
0.780961
1.000000
0.011221
0.069225
-0.001041
0.111278
0.049887
1.000000
0.011214
0.271000
0.555106
0.312121
0.613245
1.000000
0.011143
0.687701
0.323851
0.730310
0.384063
1.000000
0.011117
0.001126
0.257402
0.034834
0.327055
1.000000
0.011092
0.641158
0.549716
0.748230
0.697121
1.000000
0.011083
0.068833
0.723198
0.104065
0.774862
1.000000
0.011079
0.338344
0.651324
0.385762
0.713686
1.000000
0.011054
0.438151
0.668086
0.551411
0.835141
1.000000
0.011046
0.663350
0.251918
0.705533
0.313458
1.000000
0.011039
0.178457
0.654377
0.407025
0.966449
1.000000
0.011037
0.144198
0.918915
0.186925
0.981335
1.000000
0.011011
0.096070
0.457352
0.132607
0.514380
1.000000
0.010993
0.412625
0.584970
0.458946
0.646427
1.000000
0.010979
0.341901
0.387955
0.533053
0.701075
1.000000
0.010933
0.164060
0.852311
0.200309
0.910431
1.000000
0.010928
0.544205
0.955977
0.584553
0.999981
1.000000
0.010911
0.443220
0.464820
0.551966
0.627560
1.000000
0.010842
0.118351
0.488572
0.155045
0.544961
1.000000
0.010826
0.217934
0.521967
0.257143
0.579929
1.000000
0.010812
0.217791
0.555804
0.256299
0.613014
1.000000
0.010770
0.536745
0.280827
0.591064
0.359545
1.000000
0.010762
0.167840
0.523554
0.204400
0.579230
1.000000
0.010746
0.687402
0.645792
0.743404
0.717230
1.000000
0.010731
0.642571
0.924118
0.688337
0.982750
1.000000
0.010731
0.093181
0.012406
0.193386
0.159009
1.000000
0.010677
0.164715
0.785997
0.202068
0.845106
1.000000
0.010585
0.094381
0.625075
0.129782
0.680240
1.000000
0.010585
0.191333
0.688829
0.228577
0.743983
1.000000
0.010554
0.235942
0.728330
0.352255
0.891910
1.000000
0.010549
0.711263
0.953749
0.758818
1.000143
1.000000
0.010444
0.770972
0.282259
0.849918
0.411945
1.000000
0.010434
0.119908
0.691798
0.151996
0.740549
1.000000
0.010398
0.705032
0.548570
0.816837
0.703680
1.000000
0.010368
0.187240
0.721286
0.225702
0.777843
1.000000
0.010334
0.144733
0.490121
0.179111
0.543347
1.000000
0.010327
0.120292
0.458874
0.155917
0.513880
1.000000
0.010323
0.013114
0.332553
0.093080
0.493942
1.000000
0.010268
0.269779
0.522622
0.311071
0.581249
1.000000
0.010201
0.190467
0.405412
0.288783
0.555288
1.000000
0.010185
0.565153
0.746962
0.610965
0.809896
1.000000
0.010143
0.537845
0.720930
0.587220
0.784318
1.000000
0.010127
0.242740
0.750740
0.285845
0.809758
1.000000
0.010048
0.499917
0.583851
0.628835
0.751067
1.000000
0.010046
0.217764
0.717941
0.253776
0.772529
1.000000
0.010032
0.070642
0.340295
0.161093
0.487432
