1.000000
0.972318
0.409915
0.286976
0.563680
0.549178
1.000000
0.352704
0.336688
0.289121
0.767266
0.906817
1.000000
0.092383
-0.025780
0.638540
0.332340
1.115238
1.000000
0.037519
0.137108
0.495950
0.656645
1.142447
1.000000
0.037428
0.375163
0.246948
0.469646
0.439443
1.000000
0.035499
0.749358
0.742635
1.008166
1.015062
1.000000
0.032608
0.533428
0.442701
0.942509
1.019408
1.000000
0.027406
0.531486
0.399807
0.631270
0.547615
1.000000
0.027223
0.011474
0.946338
0.059538
0.997456
1.000000
0.027204
0.644813
0.543950
0.739980
0.693065
1.000000
0.025778
0.848645
0.529623
0.935510
0.680216
1.000000
0.024866
0.768250
0.460814
0.799154
0.517360
1.000000
0.024684
0.600287
0.610777
0.697834
0.741504
1.000000
0.024005
0.783591
0.548038
0.884026
0.690722
1.000000
0.023699
0.963999
0.952045
0.999186
0.997550
1.000000
0.023245
0.393357
0.311980
0.440655
0.391928
1.000000
0.023192
0.694351
0.538753
0.797424
0.697427
1.000000
0.021652
0.870436
0.544902
0.914152
0.616198
1.000000
0.021375
0.639589
0.681504
0.727141
0.816026
1.000000
0.021121
0.675398
0.480198
0.769166
0.612179
1.000000
0.020361
0.671471
0.511496
0.714756
0.576287
1.000000
0.020048
0.915685
0.519435
0.994992
0.686433
1.000000
0.020019
0.963759
0.517956
0.999147
0.588846
1.000000
0.019858
0.616046
0.481901
0.717121
0.620191
1.000000
0.019831
0.560892
0.555366
0.666936
0.702969
1.000000
0.019720
0.502029
0.650407
0.538835
0.704740
1.000000
0.019658
0.591175
0.644431
0.637275
0.702899
1.000000
0.019623
0.723907
0.437349
0.908707
0.727115
1.000000
0.019599
0.665187
0.581757
0.708722
0.649367
1.000000
0.019423
0.726321
0.434684
0.804043
0.564507
1.000000
0.019330
0.960408
0.576481
0.999848
0.654784
1.000000
0.019149
0.508875
0.283516
0.561929
0.366607
1.000000
0.019126
0.668470
0.652400
0.710473
0.710549
1.000000
0.019114
0.642532
0.686344
0.686536
0.745575
1.000000
0.018527
0.638624
0.651793
0.682162
0.710928
1.000000
0.018210
0.818491
0.519027
0.857969
0.582054
1.000000
0.018161
0.745645
0.478512
0.786145
0.546586
1.000000
0.018009
0.844507
0.548764
0.886517
0.615165
1.000000
0.017944
0.317115
0.511542
0.428680
0.652862
1.000000
0.017847
0.729910
0.601313
0.838098
0.748044
1.000000
0.017824
0.578820
0.497126
0.771591
0.771504
1.000000
0.017771
0.067216
0.950622
0.112864
0.998219
1.000000
0.017754
0.962958
0.648303
1.000296
0.716014
1.000000
0.017682
0.694010
0.492621
0.736053
0.555923
1.000000
0.017622
0.695580
0.622316
0.738634
0.686695
1.000000
0.017443
0.666638
0.722130
0.706524
0.775309
1.000000
0.017334
0.821297
0.487605
0.856454
0.544341
1.000000
0.017302
0.610588
0.624864
0.655308
0.684715
1.000000
0.017030
0.267984
0.756365
0.306251
0.813196
1.000000
0.017030
0.766105
0.480871
0.860043
0.621105
1.000000
0.016778
0.640521
0.584256
0.685452
0.652609
1.000000
0.016724
0.565498
0.419037
0.615446
0.493031
1.000000
0.016671
0.716833
0.487228
0.758807
0.551117
1.000000
0.016636
0.711250
0.649269
0.756559
0.708115
1.000000
0.016633
0.261249
0.945840
0.309016
0.996019
1.000000
0.016558
0.474349
0.229902
0.582175
0.406753
1.000000
0.016483
0.245694
0.731404
0.281571
0.780929
1.000000
0.016452
0.910750
0.572692
0.959162
0.651487
1.000000
0.016143
0.512930
0.612284
0.609628
0.734680
1.000000
0.016142
0.964322
0.786584
0.998033
0.842146
1.000000
0.016109
0.715342
0.584829
0.760076
0.652628
1.000000
0.016069
0.379288
0.165087
0.479003
0.328008
1.000000
0.015929
0.158349
0.826259
0.345630
1.029818
1.000000
0.015677
0.389412
0.249995
0.436319
0.336809
1.000000
0.015607
0.001733
0.834444
0.141591
1.001056
1.000000
0.015511
0.930083
0.892757
0.999873
0.996967
1.000000
0.015490
0.409402
0.281284
0.457991
0.365642
1.000000
0.015480
0.322662
0.360562
0.514944
0.625609
1.000000
0.015408
0.374692
0.317431
0.414179
0.381621
1.000000
0.015329
0.643506
0.513328
0.687049
0.577542
1.000000
0.015318
0.436589
0.282293
0.487974
0.363813
1.000000
0.015111
0.640213
0.417311
0.738182
0.559783
1.000000
0.015101
0.533205
0.376065
0.582223
0.449461
1.000000
0.015101
0.890912
0.525914
0.934326
0.595381
1.000000
0.015094
0.454561
0.466220
0.522706
0.552605
1.000000
0.015083
0.672676
0.642138
0.763675
0.775754
1.000000
0.015050
0.539965
0.443071
0.591536
0.515127
1.000000
0.015012
0.716201
0.957560
0.754797
0.996608
1.000000
0.014977
0.620338
0.720816
0.658608
0.771118
1.000000
0.014868
0.417463
0.442203
0.469533
0.518026
1.000000
0.014862
0.844547
0.486771
0.880001
0.546954
1.000000
0.014802
0.484399
0.314824
0.545267
0.397930
1.000000
0.014767
0.963862
0.719384
1.000189
0.781859
1.000000
0.014685
0.507686
0.341818
0.562079
0.427070
1.000000
0.014635
0.939013
0.544292
0.988852
0.622344
1.000000
0.014551
0.225024
0.720578
0.310446
0.853971
1.000000
0.014544
0.717415
0.723711
0.762502
0.776499
1.000000
0.014341
0.814971
0.581920
0.860320
0.646646
1.000000
0.014299
0.765317
0.509980
0.804369
0.576232
1.000000
0.014274
0.671725
0.957533
0.708650
0.995949
1.000000
0.014209
0.668496
0.758343
0.707656
0.810611
1.000000
0.014170
0.115658
0.949527
0.161244
0.997584
1.000000
0.014096
0.693347
0.958558
0.732388
0.997713
1.000000
0.013990
0.267303
0.787255
0.307923
0.843138
1.000000
0.013909
0.530411
0.311674
0.580860
0.391577
1.000000
0.013902
0.868784
0.488065
0.905718
0.550722
1.000000
0.013867
0.562246
0.663014
0.668943
0.800765
1.000000
0.013851
0.824938
0.453071
0.909212
0.597446
1.000000
0.013771
0.428960
0.445334
0.618883
0.741494
1.000000
0.013739
0.866678
0.611898
0.910745
0.679162
1.000000
0.013708
0.695486
0.724568
0.736105
0.775603
1.000000
0.013708
0.715997
0.688039
0.760554
0.745618
1.000000
0.013650
0.083197
0.119475
0.515490
0.766577
1.000000
0.013646
0.867508
0.961779
0.905094
0.996757
1.000000
0.013636
0.841978
0.614605
0.886928
0.681598
1.000000
0.013571
0.438541
0.525451
0.539251
0.686654
1.000000
0.013562
0.486856
0.252684
0.540649
0.330586
1.000000
0.013528
0.641907
0.755823
0.728246
0.892676
1.000000
0.013452
0.796855
0.518963
0.834212
0.578219
1.000000
0.013429
0.580552
0.383196
0.674947
0.519254
1.000000
0.013341
0.940817
0.607029
0.989383
0.682887
1.000000
0.013305
0.428219
0.145977
0.540800
0.312369
1.000000
0.013269
0.040055
0.952453
0.086824
1.000213
1.000000
0.013223
0.218739
0.792450
0.255254
0.844114
1.000000
0.013217
0.668136
0.789745
0.705221
0.840457
1.000000
0.013191
0.439040
0.508295
0.489382
0.578147
1.000000
0.013186
0.074313
0.725440
0.264862
0.976458
1.000000
0.013185
0.243945
0.558784
0.337717
0.684944
1.000000
0.013179
0.935910
0.682928
1.005552
0.810948
1.000000
0.013157
0.613224
0.586567
0.660242
0.656505
1.000000
0.013146
0.966753
0.821522
0.998401
0.873482
1.000000
0.013122
0.085401
0.873578
0.191660
0.993770
1.000000
0.013062
0.514841
0.303219
0.622137
0.479655
1.000000
0.013042
0.243968
0.590119
0.281239
0.647172
1.000000
0.012990
0.172409
0.457626
0.204643
0.507419
1.000000
0.012964
0.434587
0.344530
0.489545
0.427067
1.000000
0.012959
0.596582
0.720129
0.632743
0.768657
1.000000
0.012956
0.817629
0.961941
0.854979
0.997076
1.000000
0.012882
0.889496
0.608721
0.936831
0.679004
1.000000
0.012841
0.013073
0.888734
0.058642
0.952343
1.000000
0.012838
0.916798
0.959445
0.957521
0.997346
1.000000
0.012826
0.123578
0.457931
0.154370
0.505935
1.000000
0.012794
0.329077
0.324679
0.422922
0.480155
1.000000
0.012771
0.209012
0.600341
0.305974
0.746623
1.000000
0.012742
0.890060
0.959982
0.930929
0.997641
1.000000
0.012693
0.609008
0.419745
0.655778
0.486883
1.000000
0.012578
0.262944
0.687300
0.351596
0.827821
1.000000
0.012558
0.792347
0.462641
0.825540
0.515606
1.000000
0.012549
0.272632
0.462221
0.371774
0.590495
1.000000
0.012543
0.415334
0.376610
0.465814
0.456478
1.000000
0.012527
0.244321
0.457640
0.280412
0.512501
1.000000
0.012526
0.812867
0.603584
0.913517
0.749350
1.000000
0.012467
0.439359
0.082551
0.540827
0.218700
1.000000
0.012405
0.640478
0.447502
0.683774
0.516215
1.000000
0.012398
0.414228
0.512607
0.461330
0.580570
1.000000
0.012385
0.272806
0.558774
0.308815
0.613645
1.000000
0.012329
0.716609
0.548253
0.760497
0.615914
1.000000
0.012194
0.966489
0.855990
0.999366
0.909476
1.000000
0.012177
0.915685
0.653761
0.957970
0.713057
1.000000
0.012166
0.966938
0.451947
0.999412
0.521237
1.000000
0.012139
0.914726
0.405557
0.994709
0.595404
1.000000
0.012120
0.190002
0.953483
0.234146
0.999300
1.000000
0.012092
0.694390
0.685905
0.735307
0.741458
1.000000
0.012051
0.068312
0.890284
0.110602
0.950645
1.000000
0.012038
0.145614
0.459048
0.177761
0.507942
1.000000
0.012029
0.614332
0.482649
0.659557
0.548722
1.000000
0.012001
0.765980
0.584024
0.809732
0.647885
1.000000
0.011944
0.645520
0.758294
0.686013
0.811460
1.000000
0.011920
0.620952
0.759324
0.658176
0.808877
1.000000
0.011896
0.495387
0.358233
0.692619
0.624945
1.000000
0.011847
0.294967
0.528013
0.333462
0.583555
1.000000
0.011820
0.737671
0.653502
0.783174
0.711554
1.000000
0.011761
0.247839
0.792670
0.285940
0.843253
1.000000
0.011742
0.220479
0.757054
0.255347
0.808155
1.000000
0.011721
0.165063
0.953436
0.207706
0.998503
1.000000
0.011669
0.154583
0.799284
0.252916
0.941148
1.000000
0.011661
0.221955
0.457895
0.256133
0.510052
1.000000
0.011620
0.643075
0.373249
0.833081
0.669060
1.000000
0.011604
0.693948
0.546840
0.735973
0.614749
1.000000
0.011599
0.217746
0.828953
0.254880
0.881833
1.000000
0.011598
0.939957
0.754492
0.988512
0.819994
1.000000
0.011575
0.534647
0.653659
0.577595
0.707693
1.000000
0.011530
0.768012
0.551486
0.808084
0.613525
1.000000
0.011490
0.717563
0.685390
0.813384
0.813089
1.000000
0.011488
0.271302
0.490366
0.305432
0.540476
1.000000
0.011487
0.765417
0.655116
0.809242
0.712144
1.000000
0.011475
0.102648
0.600719
0.209604
0.749933
1.000000
0.011433
0.842225
0.961049
0.881807
0.997173
1.000000
0.011373
0.741248
0.549565
0.784028
0.615344
1.000000
0.011350
0.288792
0.728346
0.325325
0.780303
1.000000
0.011311
0.893735
0.489435
0.931603
0.554310
1.000000
0.011303
0.269911
0.587475
0.307845
0.646237
1.000000
0.011265
0.317304
0.551262
0.363573
0.613679
1.000000
0.011229
0.593522
0.678534
0.636389
0.736973
1.000000
0.011228
0.014809
0.858117
0.058523
0.914501
1.000000
0.011206
0.244960
0.561038
0.282452
0.616223
1.000000
0.011199
0.720460
0.423229
0.753289
0.481944
1.000000
0.011193
0.615933
0.682064
0.658746
0.739775
1.000000
0.011186
0.087916
0.919446
0.136033
0.985343
1.000000
0.011150
0.292884
0.586555
0.333080
0.646172
1.000000
0.011142
0.241253
0.783730
0.329928
0.917504
1.000000
0.011124
0.162864
0.584367
0.256404
0.717174
1.000000
0.011122
0.647365
0.789602
0.684462
0.838739
1.000000
0.011122
0.297241
0.577026
0.398563
0.718627
1.000000
0.011102
0.463475
0.610429
0.547548
0.739077
1.000000
0.011073
0.665775
0.454070
0.707448
0.522214
1.000000
0.011018
0.270382
0.457955
0.305158
0.510517
1.000000
0.011011
0.765299
0.690705
0.809367
0.745606
1.000000
0.011003
0.273864
0.529033
0.308648
0.581527
1.000000
0.010983
0.218588
0.406922
0.305514
0.536198
1.000000
0.010971
0.614176
0.547432
0.660605
0.619811
1.000000
0.010941
0.132782
0.915907
0.182730
0.984310
1.000000
0.010933
0.003611
0.488390
0.034010
0.542797
1.000000
0.010931
0.695623
0.458083
0.734759
0.522450
1.000000
0.010913
0.194028
0.757234
0.233068
0.811130
1.000000
0.010894
0.890426
0.654626
0.935988
0.713192
1.000000
0.010886
0.794730
0.552975
0.835321
0.615141
1.000000
0.010886
0.352995
0.558649
0.463253
0.720172
1.000000
0.010878
0.060059
0.800133
0.170742
0.939373
1.000000
0.010871
0.866188
0.632146
0.963218
0.784448
1.000000
0.010869
0.285734
0.069575
0.569328
0.483512
1.000000
0.010822
0.915879
0.489619
0.952087
0.553802
1.000000
0.010817
0.217278
0.956363
0.257835
0.999209
1.000000
0.010804
0.873779
0.455561
0.959540
0.624554
1.000000
0.010758
0.012598
0.818119
0.058441
0.878638
1.000000
0.010756
0.845171
0.470489
0.992190
0.768972
1.000000
0.010736
-0.002758
0.761793
0.071056
0.873574
1.000000
0.010709
0.195909
0.458200
0.230198
0.510610
1.000000
0.010675
0.345546
0.655455
0.383183
0.710316
1.000000
0.010655
0.406495
0.208745
0.456511
0.293265
1.000000
0.010633
0.067529
0.865070
0.108311
0.917175
1.000000
0.010626
0.265671
0.819249
0.306354
0.875718
1.000000
0.010607
0.243461
0.857848
0.283048
0.909944
1.000000
0.010592
0.221897
0.728752
0.257385
0.779113
1.000000
0.010580
0.966859
0.891974
0.999014
0.945230
1.000000
0.010544
0.766806
0.963490
0.805073
0.999666
1.000000
0.010530
0.340674
0.521903
0.388095
0.587189
1.000000
0.010511
0.378344
0.019070
0.575539
0.257578
1.000000
0.010511
0.004131
0.523882
0.034943
0.577992
1.000000
0.010501
0.737374
0.616071
0.783140
0.682030
1.000000
0.010450
0.916529
0.928399
0.961608
0.979136
1.000000
0.010433
0.164095
0.721033
0.258608
0.864934
1.000000
0.010401
0.194590
0.727897
0.232182
0.779144
1.000000
0.010388
0.366396
0.517893
0.413449
0.582535
1.000000
0.010377
0.333750
0.210732
0.425739
0.367758
1.000000
0.010323
0.323472
0.421904
0.425637
0.568168
1.000000
0.010311
0.194956
0.594553
0.230747
0.649336
1.000000
0.010285
0.220136
0.594372
0.256005
0.650121
1.000000
0.010241
0.245811
0.526359
0.280983
0.578587
1.000000
0.010236
0.570069
0.625745
0.616252
0.686708
1.000000
0.010218
0.347038
0.723183
0.381515
0.771937
1.000000
0.010211
0.888412
0.926624
0.931134
0.976131
1.000000
0.010192
0.071530
0.405827
0.154872
0.536855
1.000000
0.010179
0.171255
0.595895
0.206111
0.647639
1.000000
0.010152
0.173709
0.425337
0.205676
0.475686
1.000000
0.010112
0.865522
0.654325
0.909527
0.711414
1.000000
0.010078
0.935486
0.783993
1.003754
0.902781
1.000000
0.010074
0.794813
0.395567
0.878426
0.536415
1.000000
0.010009
0.214179
0.856311
0.254608
0.911735
