1.000000
0.052378
0.351720
0.248942
0.567054
0.532645
1.000000
0.046434
0.021207
0.722207
0.108416
0.865166
1.000000
0.038338
0.236670
0.052710
0.670369
0.577759
1.000000
0.037653
0.016414
0.448628
0.064855
0.517388
1.000000
0.037422
0.524732
0.237248
0.996169
0.998211
1.000000
0.036088
-0.010534
0.737893
0.205198
1.003702
1.000000
0.034853
0.034929
0.667640
0.121079
0.787027
1.000000
0.034185
0.007836
0.803963
0.095444
0.961970
1.000000
0.033483
0.015378
0.518551
0.059827
0.579790
1.000000
0.033358
0.006651
0.626355
0.085951
0.742902
1.000000
0.031005
0.264402
0.299229
0.703378
0.956013
1.000000
0.030299
0.063394
0.947647
0.108272
0.998575
1.000000
0.028921
0.013927
0.482484
0.096446
0.599666
1.000000
0.028344
0.013546
0.690938
0.062063
0.755865
1.000000
0.028065
0.002940
0.536980
0.083553
0.661731
1.000000
0.028058
0.002797
0.901749
0.066344
0.998461
1.000000
0.028050
0.720316
0.661014
1.017607
0.993293
1.000000
0.028015
0.002050
0.223718
0.059167
0.342370
1.000000
0.027431
0.000978
0.750418
0.037485
0.814367
1.000000
0.026763
0.021003
0.352438
0.104072
0.486889
1.000000
0.026750
0.035837
0.894854
0.119290
0.999874
1.000000
0.026613
0.000416
0.946970
0.035878
0.998273
1.000000
0.025291
0.002789
0.716867
0.039061
0.781117
1.000000
0.025166
0.060634
0.746803
0.105968
0.811225
1.000000
0.024940
-0.000273
0.619144
0.034594
0.678151
1.000000
0.024774
0.000704
0.655123
0.035433
0.713769
1.000000
0.024485
0.120270
0.409590
0.204873
0.543667
1.000000
0.024431
0.000865
0.587236
0.035039
0.647083
1.000000
0.024222
0.011488
0.872075
0.060518
0.947970
1.000000
0.024058
0.090510
0.723173
0.177930
0.854393
1.000000
0.023923
0.062469
0.791228
0.105260
0.851987
1.000000
0.023768
0.002431
0.479811
0.039506
0.543199
1.000000
0.023534
0.002292
0.548538
0.039007
0.608922
1.000000
0.023465
0.215221
0.539933
0.309978
0.677881
1.000000
0.023460
0.001431
0.816121
0.041024
0.885288
1.000000
0.023417
0.063122
0.521278
0.103754
0.575988
1.000000
0.023292
0.286834
0.480700
0.395721
0.616673
1.000000
0.023281
0.061258
0.489099
0.148649
0.611124
1.000000
0.023230
0.002035
0.311691
0.035539
0.379608
1.000000
0.023155
0.037055
0.582398
0.128961
0.710006
1.000000
0.023104
0.061157
0.415371
0.153272
0.540919
1.000000
0.022773
0.415393
0.383545
0.537758
0.544249
1.000000
0.022661
0.114593
0.956111
0.154530
0.999756
1.000000
0.022569
0.087600
0.349250
0.177674
0.486467
1.000000
0.022026
0.174438
0.489466
0.257507
0.617181
1.000000
0.021984
-0.023339
0.376471
0.212118
0.894377
1.000000
0.021896
0.012340
0.788540
0.062483
0.860025
1.000000
0.021876
0.055544
0.447668
0.101610
0.513867
1.000000
0.021848
0.170401
0.555719
0.251555
0.684675
1.000000
0.021769
0.268056
0.422735
0.370704
0.560145
1.000000
0.021759
0.190335
0.678451
0.273196
0.818914
1.000000
0.021207
0.367734
0.413673
0.410984
0.476498
1.000000
0.020621
0.090347
0.913999
0.172277
1.011495
1.000000
0.020390
0.462131
0.296001
0.574542
0.473017
1.000000
0.020330
0.122147
0.482841
0.206822
0.618920
1.000000
0.020247
0.045575
0.786386
0.146973
0.934708
1.000000
0.020188
0.241559
0.551099
0.284511
0.610717
1.000000
0.020107
0.170379
0.956273
0.208339
0.998946
1.000000
0.019985
0.091123
0.525621
0.129800
0.579507
1.000000
0.019921
0.003196
0.426182
0.037248
0.486011
1.000000
0.019729
0.039157
0.657588
0.085814
0.716756
1.000000
0.019631
0.058787
0.694302
0.104253
0.754105
1.000000
0.019591
0.088647
0.954542
0.130391
1.000098
1.000000
0.019332
0.090141
0.449519
0.131191
0.510143
1.000000
0.019191
0.267251
0.521186
0.310657
0.582619
1.000000
0.019037
0.216259
0.491321
0.255025
0.547441
1.000000
0.018912
0.290592
0.517727
0.337067
0.582679
1.000000
0.018805
0.092026
0.545358
0.177650
0.676503
1.000000
0.018721
0.195335
0.519787
0.233654
0.576151
1.000000
0.018622
0.114927
0.720966
0.155410
0.778019
1.000000
0.018619
0.169581
0.486351
0.208437
0.545074
1.000000
0.018538
0.163814
0.453193
0.204055
0.513319
1.000000
0.018526
0.188112
0.788198
0.267294
0.924289
1.000000
0.018422
0.020382
0.269508
0.100855
0.409376
1.000000
0.018359
0.113763
0.526009
0.154617
0.583410
1.000000
0.018354
0.064819
0.585695
0.106861
0.643346
1.000000
0.018268
0.330231
0.511827
0.444639
0.652867
1.000000
0.018238
0.216161
0.521824
0.254812
0.576913
1.000000
0.018083
0.218655
0.421951
0.314642
0.555323
1.000000
0.017916
0.058923
0.485332
0.100239
0.545436
1.000000
0.017677
0.065221
0.657646
0.108396
0.714339
1.000000
0.017603
0.059578
0.879367
0.102569
0.945150
1.000000
0.017555
0.093339
0.620144
0.178476
0.748005
1.000000
0.017451
0.145947
0.722945
0.230132
0.854026
1.000000
0.017404
0.059928
0.279989
0.150216
0.425484
1.000000
0.017334
0.451692
0.476130
0.509157
0.550289
1.000000
0.017297
0.965679
0.589904
0.994617
0.642548
1.000000
0.017290
0.350861
0.332657
0.459331
0.483399
1.000000
0.017149
0.171419
0.521499
0.210268
0.579533
1.000000
0.017091
0.420457
0.189174
0.552152
0.386564
1.000000
0.016976
0.116001
0.756715
0.157713
0.815013
1.000000
0.016960
0.093219
0.753940
0.132590
0.810224
1.000000
0.016834
0.272394
0.344262
0.366992
0.488616
1.000000
0.016834
0.534768
0.267791
0.629370
0.429475
1.000000
0.016778
0.093120
0.789235
0.130559
0.842013
1.000000
0.016678
0.154151
0.907592
0.230498
1.004503
1.000000
0.016536
0.039682
0.583051
0.084710
0.642942
1.000000
0.016534
0.173432
0.591747
0.212112
0.647905
1.000000
0.016513
0.090097
0.720716
0.131172
0.779588
1.000000
0.016479
0.213001
0.618212
0.303789
0.758020
1.000000
0.016457
0.170703
0.349699
0.258496
0.482477
1.000000
0.016454
0.001993
0.387881
0.032844
0.445496
1.000000
0.016278
0.143775
0.957462
0.183848
1.000117
1.000000
0.016275
0.241320
0.488553
0.284580
0.548086
1.000000
0.016150
0.035427
0.845656
0.087095
0.921938
1.000000
0.016123
0.172936
0.859627
0.208032
0.913313
1.000000
0.015999
0.115663
0.448238
0.159005
0.511152
1.000000
0.015970
0.567408
0.444751
0.678765
0.585014
1.000000
0.015942
0.034645
0.545355
0.080695
0.606598
1.000000
0.015921
0.190468
0.954407
0.231519
0.999312
1.000000
0.015907
0.090936
0.387059
0.131472
0.446561
1.000000
0.015831
0.215542
0.953755
0.256297
0.998844
1.000000
0.015814
0.097985
0.811680
0.253678
1.024296
1.000000
0.015809
0.013219
0.342033
0.054993
0.409005
1.000000
0.015795
0.217500
0.551573
0.257507
0.610569
1.000000
0.015780
0.116500
0.584770
0.156896
0.643820
1.000000
0.015712
0.123992
0.791613
0.207528
0.919601
1.000000
0.015673
0.172869
0.791878
0.208028
0.843140
1.000000
0.015553
0.195109
0.459409
0.231937
0.514981
1.000000
0.015518
0.162654
0.419889
0.203453
0.480265
1.000000
0.015500
0.035616
0.428776
0.082362
0.498507
1.000000
0.015454
0.183082
0.868228
0.272493
0.993550
1.000000
0.015408
0.271166
0.570752
0.379118
0.722348
1.000000
0.015318
0.144847
0.481816
0.185762
0.544125
1.000000
0.015159
0.038360
0.620455
0.084817
0.680656
1.000000
0.015135
0.173359
0.823913
0.208873
0.876002
1.000000
0.015050
0.091992
0.859356
0.128624
0.914013
1.000000
0.015038
0.217902
0.456759
0.257575
0.515528
1.000000
0.015005
0.196713
0.796976
0.230479
0.847041
1.000000
0.014982
0.092619
0.585050
0.132374
0.643106
1.000000
0.014954
0.150491
0.619164
0.230693
0.746290
1.000000
0.014941
0.966472
0.626118
0.994738
0.677860
1.000000
0.014735
0.143083
0.390759
0.184192
0.451248
1.000000
0.014631
0.115309
0.389036
0.157226
0.448971
1.000000
0.014621
0.015464
0.386410
0.057394
0.449683
1.000000
0.014509
0.092675
0.656874
0.131280
0.710988
1.000000
0.014508
0.966176
0.657179
0.994587
0.708936
1.000000
0.014465
0.214232
0.584784
0.254478
0.642789
1.000000
0.014443
0.168941
0.757693
0.206479
0.810360
1.000000
0.014393
0.363987
0.437278
0.494817
0.581242
1.000000
0.014381
0.090641
0.488010
0.130462
0.547079
1.000000
0.014368
0.291130
0.451520
0.338405
0.517388
1.000000
0.014335
0.352040
0.169347
0.481022
0.366928
1.000000
0.014277
0.217243
0.344999
0.312117
0.484349
1.000000
0.014190
0.144019
0.522890
0.183398
0.580580
1.000000
0.014187
0.035636
0.281054
0.200786
0.574909
1.000000
0.014067
0.499928
0.210674
0.594509
0.370569
1.000000
0.014064
0.967086
0.690880
0.995022
0.742388
1.000000
0.014061
0.042226
0.209505
0.127803
0.350360
1.000000
0.013996
0.120316
0.855956
0.155478
0.907997
1.000000
0.013960
0.142718
0.922578
0.182322
0.978904
1.000000
0.013940
0.169907
0.553687
0.208775
0.610865
1.000000
0.013927
0.384580
0.118125
0.522851
0.279648
1.000000
0.013834
0.264945
0.177188
0.461847
0.507294
1.000000
0.013814
0.363255
0.950226
0.411257
0.999821
1.000000
0.013708
0.218342
0.417389
0.258349
0.476221
1.000000
0.013699
0.488322
0.317700
0.538721
0.392136
1.000000
0.013682
0.298158
0.267421
0.390579
0.423074
1.000000
0.013667
0.190142
0.617210
0.229188
0.673236
1.000000
0.013524
0.218560
0.721343
0.256143
0.776791
1.000000
0.013518
0.409866
0.377401
0.469152
0.455811
1.000000
0.013512
0.265456
0.452579
0.311215
0.516980
1.000000
0.013467
0.336724
0.513555
0.386105
0.581366
1.000000
0.013467
0.293554
0.655551
0.334918
0.711786
1.000000
0.013455
0.143395
0.786090
0.179880
0.838584
1.000000
0.013432
0.165528
0.389905
0.205724
0.448350
1.000000
0.013423
0.511293
0.377487
0.561102
0.450855
1.000000
0.013411
0.560822
0.344354
0.662374
0.493651
1.000000
0.013391
0.338282
0.447183
0.387850
0.517369
1.000000
0.013381
0.458499
0.346219
0.513384
0.422756
1.000000
0.013362
0.171158
0.723721
0.208607
0.776745
1.000000
0.013315
0.194722
0.723109
0.231108
0.775950
1.000000
0.013312
0.192897
0.469334
0.365748
0.767448
1.000000
0.013308
0.065936
0.348773
0.106442
0.411318
1.000000
0.013302
0.965695
0.557602
0.994608
0.612283
1.000000
0.013218
0.216260
0.816922
0.254810
0.874584
1.000000
0.013214
0.318023
0.581965
0.364907
0.646171
1.000000
0.013212
0.217421
0.755826
0.254449
0.812169
1.000000
0.013209
0.495886
0.401530
0.615932
0.552231
1.000000
0.013200
0.116277
0.620822
0.156743
0.677907
1.000000
0.013194
0.315134
0.485498
0.362382
0.551616
1.000000
0.013140
0.192623
0.655989
0.230048
0.710629
1.000000
0.013092
0.388657
0.446492
0.440726
0.515372
1.000000
0.013074
0.216779
0.689677
0.255478
0.745208
1.000000
0.013009
0.115680
0.692006
0.156522
0.747438
1.000000
0.012997
0.146689
0.856075
0.181454
0.906137
1.000000
0.012917
0.144255
0.826845
0.180751
0.879226
1.000000
0.012860
0.093543
0.414172
0.259360
0.709434
1.000000
0.012824
0.799834
0.673275
0.880886
0.807455
1.000000
0.012804
0.191724
0.859925
0.228991
0.916020
1.000000
0.012756
0.171142
0.655459
0.209234
0.709734
1.000000
0.012711
0.115671
0.485882
0.157272
0.546349
1.000000
0.012584
0.143894
0.723070
0.182203
0.777060
1.000000
0.012578
0.146252
0.586644
0.184405
0.641685
1.000000
0.012577
0.115361
0.654791
0.155562
0.710171
1.000000
0.012557
0.266654
0.579577
0.305069
0.635297
1.000000
0.012553
0.092898
0.629533
0.258951
0.898570
1.000000
0.012550
0.344116
0.382332
0.390625
0.451297
1.000000
0.012546
0.193560
0.552118
0.233713
0.611836
1.000000
0.012464
0.212657
0.619663
0.254032
0.677726
1.000000
0.012447
0.193647
0.689099
0.231797
0.743216
1.000000
0.012425
0.239175
0.720668
0.275953
0.773848
1.000000
0.012407
0.042797
0.348328
0.083661
0.412939
1.000000
0.012402
0.171047
0.688291
0.209538
0.742117
1.000000
0.012395
0.965781
0.523022
0.995024
0.578556
1.000000
0.012376
0.194521
0.757765
0.231310
0.812054
1.000000
0.012311
0.088035
0.349020
0.130802
0.411581
1.000000
0.012308
0.822535
0.722038
0.856467
0.771594
1.000000
0.012222
0.118997
0.281891
0.209296
0.430329
1.000000
0.012199
0.603912
0.390821
0.707009
0.530537
1.000000
0.012180
0.386509
0.348897
0.441117
0.421617
1.000000
0.012112
0.826045
0.692813
0.858506
0.741005
1.000000
0.012101
0.340348
0.653416
0.379666
0.709081
1.000000
0.012097
0.317995
0.654863
0.358961
0.711852
1.000000
0.012091
0.416061
0.515817
0.463701
0.577121
1.000000
0.012078
0.822020
0.791344
0.856927
0.841798
1.000000
0.012070
0.239257
0.952978
0.282770
0.999629
1.000000
0.012050
0.216961
0.659125
0.254864
0.713269
1.000000
0.012040
0.316457
0.416694
0.362017
0.481856
1.000000
0.012007
0.293155
0.581740
0.336228
0.641483
1.000000
0.011988
0.239924
0.657913
0.278184
0.711719
1.000000
0.011950
0.195315
0.421149
0.232423
0.476399
1.000000
0.011942
0.823068
0.824767
0.857539
0.874375
1.000000
0.011925
0.968009
0.758982
0.996243
0.810890
1.000000
0.011874
0.040207
0.382764
0.084113
0.449881
1.000000
0.011871
0.120371
0.823546
0.159042
0.879812
1.000000
0.011844
0.239099
0.621787
0.279902
0.679477
1.000000
0.011841
0.629066
0.610337
0.731470
0.763368
1.000000
0.011798
0.090375
0.821236
0.129345
0.878573
1.000000
0.011783
0.067081
0.391197
0.452911
0.981351
1.000000
0.011776
0.967288
0.723046
0.995898
0.775407
1.000000
0.011734
0.712847
0.746035
0.801972
0.891142
1.000000
0.011731
0.066965
0.383608
0.107923
0.445792
1.000000
0.011726
0.823308
0.758098
0.857470
0.807789
1.000000
0.011652
0.314054
0.545509
0.363270
0.614483
1.000000
0.011616
0.613552
0.455012
0.661203
0.518730
1.000000
0.011590
0.065631
0.247403
0.107620
0.316707
1.000000
0.011534
0.268407
0.656630
0.307635
0.711172
1.000000
0.011487
0.663595
0.774261
0.757024
0.926403
1.000000
0.011433
0.091991
0.621480
0.133400
0.679407
1.000000
0.011425
0.448628
0.538160
0.542261
0.681501
1.000000
0.011417
0.363264
0.516567
0.410486
0.581534
1.000000
0.011415
0.768657
0.748262
0.856499
0.884029
1.000000
0.011406
0.510356
0.443926
0.559962
0.515749
1.000000
0.011371
0.240206
0.672598
0.330828
0.817673
1.000000
0.011365
0.821895
0.618491
0.899578
0.739626
1.000000
0.011358
0.090990
0.691557
0.131210
0.746749
1.000000
0.011306
0.320728
0.353856
0.360149
0.414552
1.000000
0.011277
0.598752
0.489096
0.712560
0.645941
1.000000
0.011204
0.282224
0.466930
0.486565
0.759948
1.000000
0.011102
0.196409
0.388510
0.233613
0.444321
1.000000
0.011068
0.365103
0.319568
0.413689
0.388413
1.000000
0.011033
0.293146
0.620592
0.337292
0.680391
1.000000
0.011021
0.585342
0.670411
0.686027
0.822383
1.000000
0.011006
0.317764
0.617112
0.363698
0.679727
1.000000
0.010981
0.193238
0.273771
0.286148
0.423313
1.000000
0.010976
0.541409
0.378815
0.587497
0.447554
1.000000
0.010966
0.390001
0.518492
0.438601
0.581629
1.000000
0.010896
0.361034
0.582743
0.405669
0.644165
1.000000
0.010879
0.269111
0.205831
0.365228
0.361538
1.000000
0.010743
0.146496
0.623997
0.185670
0.678155
1.000000
0.010581
0.797383
0.724268
0.831244
0.772637
1.000000
0.010564
0.118635
0.887721
0.155095
0.943567
1.000000
0.010506
0.264345
0.958590
0.305057
1.001317
1.000000
0.010479
0.715852
0.641956
0.806659
0.800690
1.000000
0.010470
0.538879
0.447437
0.586654
0.512473
1.000000
0.010455
0.638110
0.489266
0.687163
0.552478
1.000000
0.010448
0.303835
0.134235
0.410629
0.294710
1.000000
0.010417
0.319908
0.320622
0.359569
0.382113
1.000000
0.010373
0.795325
0.791925
0.831144
0.841576
1.000000
0.010358
0.775154
0.610787
0.861628
0.749017
1.000000
0.010309
0.539401
0.318286
0.581841
0.383886
1.000000
0.010287
0.145584
0.691627
0.184184
0.745091
1.000000
0.010227
0.239796
0.822087
0.278815
0.877320
1.000000
0.010215
0.340271
0.897060
0.441044
1.004485
1.000000
0.010206
0.847786
0.662143
0.876162
0.703942
1.000000
0.010152
0.332339
0.599072
0.436698
0.753906
1.000000
0.010142
0.112961
0.322984
0.154805
0.384753
1.000000
0.010127
0.238960
0.793052
0.277039
0.846988
1.000000
0.010127
0.966878
0.490527
0.995279
0.546214
1.000000
0.010122
0.501313
0.620058
0.538638
0.676625
1.000000
0.010102
0.514947
0.269604
0.717208
0.561209
1.000000
0.010056
0.266889
0.621629
0.307468
0.679728
1.000000
0.010034
0.563519
0.449611
0.611425
0.517406
1.000000
0.010010
0.267723
0.419401
0.311148
0.480096
