1.000000
0.685530
0.484953
0.289341
0.658890
0.593278
1.000000
0.127452
0.257302
0.348579
0.665190
0.932634
1.000000
0.049349
0.011243
0.602669
0.054590
0.671144
1.000000
0.037339
0.004061
0.555173
0.037436
0.622616
1.000000
0.033158
0.129492
0.612373
0.201418
0.742140
1.000000
0.030695
0.002295
0.003985
0.035621
0.053826
1.000000
0.027479
-0.003297
0.788201
0.064892
0.919086
1.000000
0.027222
0.000061
0.712882
0.075737
0.852374
1.000000
0.026643
0.002152
0.749573
0.037376
0.813996
1.000000
0.025831
0.003602
0.646834
0.036872
0.710810
1.000000
0.025473
0.533355
0.217684
0.648220
0.375524
1.000000
0.025319
0.575065
0.272773
0.688150
0.454662
1.000000
0.024404
-0.009864
0.826639
0.113805
0.999064
1.000000
0.023881
0.007978
0.607865
0.084604
0.742291
1.000000
0.023789
0.754644
0.711459
1.016069
1.018881
1.000000
0.023582
0.003037
0.682290
0.036303
0.741989
1.000000
0.023255
0.106049
0.545335
0.184759
0.683115
1.000000
0.023123
0.268944
0.658054
0.312433
0.719549
1.000000
0.022897
0.149584
0.649421
0.186128
0.706520
1.000000
0.021942
0.000210
0.278991
0.055415
0.408211
1.000000
0.021917
0.216669
0.549720
0.311432
0.682853
1.000000
0.021045
0.250796
0.628195
0.356549
0.759251
1.000000
0.020790
0.166232
0.625287
0.249672
0.748192
1.000000
0.020284
0.006983
-0.008839
0.075115
0.086800
1.000000
0.019785
0.071891
0.650410
0.155097
0.788970
1.000000
0.019755
0.168033
0.554160
0.253452
0.682662
1.000000
0.019747
0.162708
0.624516
0.199414
0.680636
1.000000
0.019542
0.632423
0.369239
0.725817
0.521165
1.000000
0.019371
0.076883
0.479038
0.157977
0.611636
1.000000
0.019322
0.477531
0.249775
0.599386
0.442104
1.000000
0.019274
0.038156
0.614964
0.073072
0.670765
1.000000
0.019054
0.143738
0.588081
0.183463
0.651438
1.000000
0.018883
0.003152
0.449023
0.035575
0.518641
1.000000
0.018788
0.216944
0.621478
0.255112
0.676159
1.000000
0.018677
0.014464
0.528095
0.052354
0.589084
1.000000
0.018567
0.068112
0.654865
0.101425
0.706641
1.000000
0.018423
0.243218
0.659605
0.285217
0.715575
1.000000
0.018276
0.244214
0.689119
0.287335
0.744229
1.000000
0.018203
0.040751
0.653230
0.077028
0.710652
1.000000
0.017932
0.001948
0.499358
0.067259
0.637403
1.000000
0.017412
0.666261
0.634058
0.779269
0.767873
1.000000
0.017310
0.269496
0.622594
0.310597
0.680545
1.000000
0.017106
0.014150
0.724283
0.056184
0.788485
1.000000
0.016937
0.139945
0.492017
0.223809
0.631664
1.000000
0.016922
0.011128
0.479302
0.048508
0.543905
1.000000
0.016807
0.002589
0.408211
0.069179
0.557086
1.000000
0.016792
0.167361
0.684017
0.202999
0.740112
1.000000
0.016634
0.002446
0.051877
0.031782
0.111832
1.000000
0.016594
0.123755
0.584494
0.161488
0.642298
1.000000
0.016464
0.266219
0.554146
0.372014
0.693201
1.000000
0.016415
0.218170
0.658237
0.255422
0.711458
1.000000
0.016401
0.585183
0.440061
0.639444
0.524896
1.000000
0.016386
0.439314
0.310944
0.559580
0.512090
1.000000
0.016172
0.219296
0.688568
0.256455
0.741063
1.000000
0.016099
0.009632
0.413750
0.049294
0.487095
1.000000
0.016058
0.491220
0.669912
0.589524
0.815672
1.000000
0.015838
0.035776
0.750030
0.077142
0.812696
1.000000
0.015784
0.343963
0.470201
0.441531
0.623783
1.000000
0.015745
0.113324
0.015325
0.163786
0.081258
1.000000
0.015680
0.632288
0.252165
0.724823
0.402014
1.000000
0.015570
0.268421
0.588332
0.310755
0.648674
1.000000
0.015504
0.643146
0.383202
0.689766
0.449369
1.000000
0.015490
0.128649
0.679564
0.205876
0.817683
1.000000
0.015066
0.216805
0.589258
0.256703
0.646851
1.000000
0.015046
0.002261
0.820651
0.036474
0.882486
1.000000
0.015042
0.457508
0.601254
0.569583
0.750448
1.000000
0.014900
0.369434
0.615990
0.492187
0.768802
1.000000
0.014897
0.096694
0.587713
0.131068
0.640665
1.000000
0.014877
0.042348
0.530400
0.075406
0.582045
1.000000
0.014839
0.241426
0.621444
0.284926
0.680126
1.000000
0.014788
0.561303
0.316760
0.616134
0.395648
1.000000
0.014682
0.255742
0.506569
0.444398
0.779522
1.000000
0.014628
0.195775
0.625365
0.230106
0.675799
1.000000
0.014622
0.093987
0.658142
0.126793
0.708133
1.000000
0.014601
0.196880
0.656372
0.290337
0.785869
1.000000
0.014589
0.002214
0.383213
0.034218
0.452466
1.000000
0.014564
0.667327
0.318624
0.753777
0.457934
1.000000
0.014488
0.065757
0.592993
0.098881
0.644494
1.000000
0.014421
0.584581
0.382336
0.639184
0.463301
1.000000
0.014381
0.092766
0.408103
0.178677
0.556342
1.000000
0.014261
0.666273
0.356913
0.705824
0.417225
1.000000
0.014256
0.566892
0.699887
0.688794
0.856820
1.000000
0.014173
0.031774
0.685424
0.118097
0.820490
1.000000
0.014125
0.042061
0.444902
0.124301
0.588484
1.000000
0.014001
0.423166
0.500671
0.629762
0.804758
1.000000
0.013985
0.095157
0.517684
0.132850
0.573475
1.000000
0.013880
0.634703
0.471760
0.731681
0.627780
1.000000
0.013819
0.422775
0.502366
0.527528
0.658483
1.000000
0.013720
0.097176
0.721143
0.132217
0.773427
1.000000
0.013694
0.119200
0.723394
0.153329
0.773500
1.000000
0.013668
0.600167
0.827540
0.811662
1.010234
1.000000
0.013633
0.197052
0.593947
0.231411
0.645134
1.000000
0.013617
0.373379
0.405296
0.464550
0.563966
1.000000
0.013510
0.240449
0.588273
0.283431
0.647935
1.000000
0.013426
0.117917
0.521550
0.156177
0.579118
1.000000
0.013426
0.067967
0.723277
0.103576
0.777110
1.000000
0.013338
0.239018
0.692996
0.357940
0.848862
1.000000
0.013284
0.684815
0.381159
0.777821
0.521762
1.000000
0.013236
0.193009
0.659906
0.228270
0.709598
1.000000
0.013232
0.069075
0.522599
0.103754
0.575738
1.000000
0.013161
0.094238
0.003133
0.136181
0.052111
1.000000
0.013103
0.060444
0.785284
0.160387
0.934686
1.000000
0.012985
0.164561
0.752427
0.201028
0.807602
1.000000
0.012962
0.011002
0.945902
0.056723
0.996168
1.000000
0.012946
0.124758
0.653293
0.160908
0.707581
1.000000
0.012926
0.241655
0.472438
0.341848
0.620338
1.000000
0.012904
0.506520
0.268321
0.916499
0.941512
1.000000
0.012888
0.033014
0.558063
0.111499
0.681193
1.000000
0.012879
0.095540
0.694345
0.129249
0.745209
1.000000
0.012820
0.311512
0.653337
0.361029
0.719537
1.000000
0.012715
0.551357
0.466028
0.661766
0.639254
1.000000
0.012705
0.611221
0.414588
0.661018
0.487340
1.000000
0.012682
0.612722
0.348716
0.661160
0.422871
1.000000
0.012655
0.038228
0.683601
0.074910
0.741298
1.000000
0.012527
0.163380
0.557566
0.201868
0.614542
1.000000
0.012522
0.534289
0.529668
0.741706
0.811792
1.000000
0.012428
0.435297
0.806857
0.614778
1.025760
1.000000
0.012222
0.069737
0.453403
0.105939
0.511373
1.000000
0.012191
0.614542
0.581953
0.663282
0.654831
1.000000
0.012167
0.062540
0.621320
0.098253
0.678405
1.000000
0.012150
0.718772
0.674419
0.818877
0.809602
1.000000
0.012133
0.316402
0.587333
0.362377
0.649372
1.000000
0.011994
0.108731
0.478997
0.257082
0.767079
1.000000
0.011991
0.522207
0.752578
0.561987
0.811366
1.000000
0.011990
0.691644
0.251095
0.779221
0.390864
1.000000
0.011985
0.404507
0.272527
0.500724
0.435347
1.000000
0.011964
0.142894
0.528899
0.179479
0.585273
1.000000
0.011939
0.641887
0.315620
0.687605
0.382265
1.000000
0.011914
0.134510
0.034193
0.245742
0.192083
1.000000
0.011863
0.388281
0.580999
0.436536
0.647611
1.000000
0.011847
0.635545
0.444800
0.684025
0.514022
1.000000
0.011815
0.558561
0.472051
0.615699
0.553313
1.000000
0.011753
0.499584
0.750045
0.592465
0.898735
1.000000
0.011735
0.161639
0.768483
0.402773
1.039702
1.000000
0.011724
0.149636
0.724292
0.182848
0.776185
1.000000
0.011709
0.166238
0.720323
0.203243
0.777125
1.000000
0.011696
0.265520
0.711311
0.310742
0.774190
1.000000
0.011693
0.710592
0.655299
0.759100
0.721167
1.000000
0.011686
0.561550
0.163466
0.662012
0.295513
1.000000
0.011678
0.144592
0.409888
0.231210
0.553442
1.000000
0.011668
0.095296
0.455803
0.133052
0.514036
1.000000
0.011608
0.510160
0.312061
0.564520
0.390690
1.000000
0.011556
0.097290
0.000025
0.194422
0.122786
1.000000
0.011548
0.737762
0.684896
0.785028
0.748316
1.000000
0.011496
0.356693
0.546570
0.461183
0.685953
1.000000
0.011478
0.607022
0.474662
0.658498
0.554303
1.000000
0.011446
0.316097
0.623729
0.360464
0.683453
1.000000
0.011440
0.119737
0.455930
0.155644
0.511987
1.000000
0.011389
0.001044
0.256306
0.034886
0.325579
1.000000
0.011389
0.536829
0.282763
0.589538
0.354914
1.000000
0.011327
0.715677
0.477877
0.810316
0.617642
1.000000
0.011282
0.366339
0.717469
0.808389
1.033930
1.000000
0.011229
0.641783
0.517287
0.688233
0.585339
1.000000
0.011228
0.562048
0.243757
0.616418
0.319023
1.000000
0.011210
0.517739
0.718859
0.559456
0.778977
1.000000
0.011188
0.066996
0.687812
0.101990
0.742898
1.000000
0.011185
0.191822
0.687718
0.230379
0.742398
1.000000
0.011133
0.137168
0.002074
0.185696
0.054382
1.000000
0.011127
0.161101
0.014701
0.215615
0.084246
1.000000
0.011122
0.292197
0.589023
0.335608
0.647888
1.000000
0.011110
0.343510
0.380891
0.531034
0.692133
1.000000
0.011101
0.509882
0.647060
0.561685
0.722028
1.000000
0.011087
0.014754
0.332890
0.098521
0.493630
1.000000
0.011084
0.315667
0.280832
0.408378
0.421797
1.000000
0.011051
0.616587
0.277681
0.665019
0.348168
1.000000
0.011047
0.160113
0.556165
0.327490
0.840820
1.000000
0.010736
0.493766
0.711035
0.537431
0.772886
1.000000
0.010726
0.584580
0.502265
0.637921
0.583992
1.000000
0.010724
0.217531
0.555634
0.257787
0.614077
1.000000
0.010680
0.441157
0.225148
0.539259
0.377007
1.000000
0.010679
0.539505
0.640344
0.652300
0.794108
1.000000
0.010677
0.068821
-0.000011
0.111096
0.050766
1.000000
0.010631
0.270788
0.557066
0.310755
0.613947
1.000000
0.010628
0.166452
0.524904
0.205348
0.582737
1.000000
0.010604
0.287706
0.681012
0.338305
0.747554
1.000000
0.010527
0.560154
0.410778
0.615545
0.491443
1.000000
0.010525
0.064400
0.754660
0.103703
0.812976
1.000000
0.010525
0.069175
0.339322
0.159862
0.487264
1.000000
0.010486
0.094402
0.624323
0.128403
0.677986
1.000000
0.010467
0.163786
0.707645
0.259289
0.852154
1.000000
0.010458
0.729628
0.592145
0.827304
0.728254
1.000000
0.010457
0.717419
0.324765
0.752872
0.373819
1.000000
0.010434
0.790183
0.713690
0.874902
0.847547
1.000000
0.010427
0.587092
0.216447
0.635846
0.283407
1.000000
0.010410
0.124824
0.620498
0.162008
0.678767
1.000000
0.010340
0.637357
0.257752
0.681758
0.321487
1.000000
0.010290
0.487081
0.381803
0.537383
0.455545
1.000000
0.010264
0.588224
0.577943
0.638710
0.647868
1.000000
0.010257
0.342169
0.339493
0.437620
0.497274
1.000000
0.010252
0.093744
0.755977
0.130801
0.811172
1.000000
0.010222
0.343770
0.199152
0.443876
0.353603
1.000000
0.010218
-0.008776
0.161521
0.117817
0.417507
1.000000
0.010176
0.120491
0.693320
0.152839
0.741384
1.000000
0.010134
0.663456
0.411496
0.709387
0.478332
1.000000
0.010092
0.814293
0.957281
0.855211
1.001454
1.000000
0.010062
0.650698
0.557454
0.757846
0.696846
1.000000
0.010056
-0.018718
0.497940
0.213381
1.005031
1.000000
0.010042
0.462837
0.277633
0.510065
0.349922
1.000000
0.010035
0.391004
0.512045
0.439703
0.583033
