1.000000
0.264704
0.382522
0.201828
0.548288
0.439472
1.000000
0.101040
0.271866
0.261972
0.741203
1.008680
1.000000
0.053203
-0.008141
0.762670
0.226078
1.005481
1.000000
0.051358
0.120896
0.497208
0.531374
1.158136
1.000000
0.042696
0.019585
0.448127
0.067435
0.511601
1.000000
0.041628
0.014239
0.770255
0.111580
0.916628
1.000000
0.035996
0.022883
0.703085
0.107543
0.820668
1.000000
0.034330
0.004221
0.224871
0.060434
0.340580
1.000000
0.034098
0.022827
0.440145
0.308959
0.982617
1.000000
0.033386
0.022032
0.892618
0.110648
0.997351
1.000000
0.032442
0.061685
0.947803
0.108288
0.997814
1.000000
0.031880
0.015322
0.522578
0.058363
0.580389
1.000000
0.031797
0.012879
0.946098
0.060631
0.997851
1.000000
0.030264
0.021083
0.624853
0.112691
0.745352
1.000000
0.030114
0.000864
0.733025
0.067320
0.848601
1.000000
0.028668
0.062355
0.724798
0.158190
0.852430
1.000000
0.028142
0.114611
0.956423
0.155148
0.998623
1.000000
0.027978
0.012497
0.876316
0.061955
0.946225
1.000000
0.027302
0.003436
0.535101
0.086790
0.658591
1.000000
0.026654
0.087627
0.913652
0.174302
1.009940
1.000000
0.026434
0.001067
0.752171
0.037345
0.813279
1.000000
0.026382
0.011621
0.815755
0.064305
0.888228
1.000000
0.026305
0.040163
0.519987
0.084502
0.577034
1.000000
0.026216
0.171370
0.957666
0.208462
0.997230
1.000000
0.026210
0.020400
0.350097
0.105846
0.479293
1.000000
0.025473
0.013198
0.691486
0.059931
0.752279
1.000000
0.025393
0.018560
0.486143
0.103247
0.600711
1.000000
0.025324
0.026877
0.427090
0.110908
0.538612
1.000000
0.025125
0.057517
0.719228
0.103097
0.777976
1.000000
0.024874
0.002535
0.719115
0.037934
0.779559
1.000000
0.024745
0.002007
0.482807
0.037921
0.542758
1.000000
0.024146
0.171199
0.485474
0.253975
0.626117
1.000000
0.023869
0.062462
0.793538
0.104431
0.847197
1.000000
0.023556
0.056653
0.824713
0.104183
0.886380
1.000000
0.023423
0.088604
0.955448
0.131569
0.999874
1.000000
0.023125
0.060569
0.749316
0.105137
0.807828
1.000000
0.023109
0.002946
0.549551
0.038795
0.606788
1.000000
0.022917
0.173719
0.762111
0.248863
0.879862
1.000000
0.022860
0.024833
0.265577
0.103014
0.403585
1.000000
0.022764
0.002017
0.919772
0.038973
0.984182
1.000000
0.022417
0.198925
0.792340
0.230647
0.837981
1.000000
0.022366
0.062844
0.546464
0.154822
0.678626
1.000000
0.022165
0.087059
0.792503
0.181133
0.918000
1.000000
0.022105
0.116929
0.407408
0.206149
0.549858
1.000000
0.022091
0.036608
0.792952
0.083152
0.851772
1.000000
0.022046
0.172777
0.689245
0.254853
0.815409
1.000000
0.021937
0.001301
0.587028
0.034949
0.644521
1.000000
0.021779
0.003757
0.426421
0.038494
0.483983
1.000000
0.021646
0.116153
0.725938
0.155483
0.778049
1.000000
0.021584
0.176944
0.886664
0.209669
0.934529
1.000000
0.021526
0.002060
0.855153
0.040352
0.918493
1.000000
0.021520
0.143915
0.958403
0.183215
0.998566
1.000000
0.021410
0.001047
0.656455
0.034264
0.712693
1.000000
0.021206
0.175135
0.789513
0.210577
0.836969
1.000000
0.021073
0.169222
0.613264
0.249342
0.738454
1.000000
0.021068
0.191046
0.955419
0.229164
0.996626
1.000000
0.021036
0.058374
0.881342
0.103420
0.944023
1.000000
0.020809
0.001566
0.787932
0.038443
0.850306
1.000000
0.020437
0.117078
0.759163
0.158342
0.812912
1.000000
0.020362
0.155377
0.905206
0.231839
1.002218
1.000000
0.020357
0.173436
0.919955
0.211448
0.974058
1.000000
0.020251
0.265668
0.518812
0.305770
0.578028
1.000000
0.020152
0.084151
0.350786
0.175740
0.486758
1.000000
0.020116
0.214816
0.955470
0.253281
0.996708
1.000000
0.020064
0.745502
0.644102
1.025941
1.001678
1.000000
0.020020
0.220331
0.483110
0.310474
0.615724
1.000000
0.019989
0.002697
0.311577
0.036033
0.378115
1.000000
0.019827
0.124230
0.695901
0.209005
0.819188
1.000000
0.019808
0.057932
0.453543
0.148537
0.584663
1.000000
0.019511
0.000083
0.619107
0.033906
0.675555
1.000000
0.019268
0.480578
0.436525
0.974939
1.101327
1.000000
0.019071
0.193719
0.518475
0.233203
0.579166
1.000000
0.018989
0.038150
0.694376
0.088134
0.755306
1.000000
0.018695
0.537715
0.265593
0.636599
0.438626
1.000000
0.018652
0.193049
0.413901
0.284241
0.559490
1.000000
0.018626
0.423921
0.050692
0.891623
0.728268
1.000000
0.018618
0.324756
0.041612
0.622117
0.487532
1.000000
0.018561
0.036302
0.852901
0.089237
0.920444
1.000000
0.018452
0.030038
0.355772
0.196463
0.631276
1.000000
0.018376
0.174295
0.827894
0.209131
0.874609
1.000000
0.018277
0.170468
0.761079
0.207705
0.810851
1.000000
0.018099
0.091761
0.613768
0.178057
0.738838
1.000000
0.018082
0.066610
0.654941
0.109087
0.710348
1.000000
0.017961
0.096535
0.756278
0.135094
0.807639
1.000000
0.017925
0.096670
0.790413
0.133343
0.838065
1.000000
0.017899
0.217066
0.921552
0.257044
0.976256
1.000000
0.017818
0.170667
0.521232
0.210645
0.581900
1.000000
0.017743
0.142897
0.924330
0.181950
0.975928
1.000000
0.017603
0.001972
0.390592
0.033100
0.445736
1.000000
0.017514
0.059108
0.659126
0.152080
0.784794
1.000000
0.017392
0.244512
0.539842
0.337330
0.676322
1.000000
0.017334
0.188117
0.591972
0.227616
0.652322
1.000000
0.017326
0.040794
0.657771
0.085876
0.713551
1.000000
0.017326
0.217206
0.821772
0.251573
0.870925
1.000000
0.017306
0.210992
0.614021
0.300361
0.751943
1.000000
0.017229
0.007191
0.578208
0.169937
0.827227
1.000000
0.017103
0.155437
0.552657
0.233325
0.681729
1.000000
0.016979
0.196825
0.765125
0.231204
0.814119
1.000000
0.016941
0.195627
0.820820
0.229426
0.869923
1.000000
0.016835
0.143590
0.785804
0.179354
0.833373
1.000000
0.016816
0.092234
0.725005
0.131594
0.777279
1.000000
0.016671
0.173043
0.687478
0.209728
0.737721
1.000000
0.016656
0.216312
0.763667
0.251422
0.812145
1.000000
0.016594
0.114759
0.525719
0.154791
0.583076
1.000000
0.016534
0.172084
0.725976
0.207396
0.773713
1.000000
0.016498
0.057600
0.484670
0.100275
0.545527
1.000000
0.016461
0.088725
0.862227
0.126387
0.912200
1.000000
0.016393
0.266047
0.410283
0.375193
0.551266
1.000000
0.016312
0.244063
0.552797
0.284813
0.610173
1.000000
0.016270
0.172899
0.654342
0.211805
0.708880
1.000000
0.016209
0.014747
0.342401
0.055911
0.407777
1.000000
0.016165
0.214979
0.489196
0.254631
0.547317
1.000000
0.016144
0.090116
0.632554
0.257182
0.900609
1.000000
0.015925
0.191704
0.865972
0.225166
0.914479
1.000000
0.015824
0.196415
0.726628
0.229366
0.772956
1.000000
0.015795
0.090678
0.451586
0.130536
0.510254
1.000000
0.015763
0.092883
0.653226
0.131987
0.706221
1.000000
0.015734
0.167291
0.833196
0.245798
0.956430
1.000000
0.015674
0.268011
0.552209
0.305288
0.607771
1.000000
0.015659
0.174550
0.617460
0.214450
0.673943
1.000000
0.015624
0.169265
0.487001
0.209953
0.548363
1.000000
0.015598
0.065351
0.586442
0.107513
0.643661
1.000000
0.015587
0.163252
0.451607
0.205271
0.513657
1.000000
0.015574
0.144643
0.830321
0.180265
0.877156
1.000000
0.015420
0.064168
0.343961
0.105681
0.409707
1.000000
0.015401
0.115360
0.653569
0.155039
0.706412
1.000000
0.015338
0.120235
0.857480
0.156021
0.905262
1.000000
0.015249
0.091810
0.420760
0.131925
0.479388
1.000000
0.015222
0.089705
0.523944
0.129766
0.580398
1.000000
0.015148
0.211677
0.717552
0.296046
0.850705
1.000000
0.015066
0.015813
0.389941
0.057621
0.449484
1.000000
0.015021
0.317166
0.367070
0.429627
0.525823
1.000000
0.014897
0.145535
0.727526
0.181653
0.776015
1.000000
0.014862
0.193335
0.689393
0.229023
0.739450
1.000000
0.014826
0.143730
0.523702
0.182897
0.581185
1.000000
0.014812
0.090376
0.388392
0.131260
0.446502
1.000000
0.014788
0.293148
0.474282
0.412176
0.623157
1.000000
0.014749
0.149087
0.858807
0.183462
0.904587
1.000000
0.014747
0.116184
0.586953
0.155352
0.643407
1.000000
0.014482
0.115460
0.447145
0.158705
0.509673
1.000000
0.014437
0.195181
0.457339
0.233108
0.515137
1.000000
0.014411
0.093593
0.587302
0.133077
0.644024
1.000000
0.014410
0.166277
0.344096
0.258798
0.486335
1.000000
0.014306
0.120319
0.825017
0.159429
0.876369
1.000000
0.014299
0.056333
0.214552
0.146840
0.365029
1.000000
0.014210
0.187017
0.541873
0.354415
0.837684
1.000000
0.014203
0.215826
0.692564
0.252404
0.742280
1.000000
0.014109
0.150353
0.893291
0.185312
0.941091
1.000000
0.014093
0.117062
0.692825
0.156159
0.744259
1.000000
0.014020
0.045180
0.318140
0.085236
0.383015
1.000000
0.014012
0.218885
0.726696
0.253130
0.773906
1.000000
0.013805
0.290456
0.520236
0.335678
0.581377
1.000000
0.013789
0.064988
0.620999
0.110348
0.680627
1.000000
0.013735
0.244023
0.488178
0.287420
0.548705
1.000000
0.013676
0.593816
0.452383
0.706012
0.590908
1.000000
0.013497
0.216648
0.341254
0.318478
0.495386
1.000000
0.013403
0.152295
0.404938
0.309413
0.712020
1.000000
0.013388
0.241647
0.724798
0.276804
0.773356
1.000000
0.013366
0.040217
0.582993
0.083706
0.640362
1.000000
0.013314
0.214915
0.551138
0.254540
0.611570
1.000000
0.013278
0.119007
0.892635
0.155626
0.943031
1.000000
0.013266
0.062361
0.546062
0.105078
0.603488
1.000000
0.013218
0.169947
0.553741
0.209407
0.613204
1.000000
0.013178
0.113553
0.390685
0.156486
0.450662
1.000000
0.013172
0.315521
0.516787
0.362489
0.582033
1.000000
0.013048
0.147478
0.588411
0.185248
0.641964
1.000000
0.013021
0.321075
0.256962
0.437441
0.437531
1.000000
0.013018
0.138194
0.417145
0.185237
0.485231
1.000000
0.012981
0.216438
0.454216
0.257616
0.516694
1.000000
0.012948
0.250683
0.459599
0.446344
0.762351
1.000000
0.012925
0.067401
0.384054
0.108873
0.443664
1.000000
0.012915
0.243235
0.583460
0.282790
0.640520
1.000000
0.012855
0.211992
0.586700
0.251354
0.644304
1.000000
0.012789
0.040144
0.620820
0.085839
0.679179
1.000000
0.012780
0.114943
0.621646
0.154952
0.677558
1.000000
0.012779
0.215500
0.658436
0.252081
0.708651
1.000000
0.012748
0.242227
0.657546
0.278631
0.707543
1.000000
0.012736
0.240857
0.760144
0.276393
0.808712
1.000000
0.012699
0.148051
0.656928
0.183977
0.706404
1.000000
0.012678
0.265887
0.304921
0.373658
0.470860
1.000000
0.012652
0.204453
0.786187
0.291792
0.923498
1.000000
0.012552
0.215797
0.860750
0.250358
0.908888
1.000000
0.012544
0.059563
0.427431
0.102789
0.488858
1.000000
0.012464
0.211156
0.620982
0.251778
0.677346
1.000000
0.012450
0.147911
0.692338
0.184452
0.741900
1.000000
0.012359
0.091239
0.826516
0.130657
0.878493
1.000000
0.012211
0.142860
0.482999
0.185389
0.547154
1.000000
0.012172
0.191595
0.549918
0.232484
0.613907
1.000000
0.012155
0.241383
0.693346
0.278201
0.744033
1.000000
0.012145
0.216299
0.889922
0.252272
0.941086
1.000000
0.012136
0.360880
0.476141
0.490268
0.633824
1.000000
0.012112
0.239676
0.792604
0.274271
0.838945
1.000000
0.011946
0.064076
0.248155
0.105842
0.319155
1.000000
0.011916
0.268399
0.581775
0.305884
0.638226
1.000000
0.011817
0.276184
0.612030
0.374295
0.768047
1.000000
0.011748
0.040622
0.384545
0.085063
0.449352
1.000000
0.011742
0.268127
0.961226
0.304459
1.000278
1.000000
0.011712
0.089958
0.487466
0.129685
0.546855
1.000000
0.011686
0.240856
0.622992
0.281031
0.679293
1.000000
0.011636
0.114205
0.485773
0.156288
0.547727
1.000000
0.011597
0.168746
0.690643
0.330682
0.967602
1.000000
0.011509
0.114243
0.275900
0.210367
0.426349
1.000000
0.011414
0.560823
0.384940
0.666091
0.535393
1.000000
0.011301
0.241630
0.827406
0.276478
0.875330
1.000000
0.011269
0.267765
0.657839
0.302798
0.707867
1.000000
0.011254
0.164251
0.387114
0.206526
0.448160
1.000000
0.011219
0.499622
0.537375
0.588415
0.680955
1.000000
0.011058
0.514719
0.584538
0.555642
0.651481
1.000000
0.011046
0.268557
0.759453
0.302160
0.807161
1.000000
0.010931
0.267642
0.826862
0.300563
0.873900
1.000000
0.010916
0.713477
0.955667
0.755295
0.999543
1.000000
0.010864
0.147244
0.623398
0.185991
0.676931
1.000000
0.010856
0.268346
0.792426
0.301120
0.840030
1.000000
0.010849
0.091724
0.692697
0.131032
0.744339
1.000000
0.010829
0.314384
0.582519
0.359595
0.646364
1.000000
0.010815
0.386547
0.305928
0.447688
0.393718
1.000000
0.010755
0.265525
0.451108
0.311522
0.519447
1.000000
0.010753
0.216061
0.418403
0.257582
0.480921
1.000000
0.010753
0.440596
0.528664
0.542083
0.682828
1.000000
0.010724
0.435614
0.453969
0.633337
0.768295
1.000000
0.010611
0.111272
0.319885
0.154321
0.382565
1.000000
0.010597
0.292610
0.583665
0.334687
0.643412
1.000000
0.010568
0.313279
0.449066
0.362651
0.516004
1.000000
0.010542
0.241834
0.957038
0.281303
0.998648
1.000000
0.010470
0.505604
0.335483
0.606691
0.493162
1.000000
0.010465
0.085896
0.348276
0.129813
0.412535
1.000000
0.010433
0.317871
0.654343
0.358390
0.715605
1.000000
0.010419
0.268158
0.725477
0.301747
0.773930
1.000000
0.010406
0.662893
0.952898
0.708441
0.998805
1.000000
0.010349
0.194541
0.420482
0.233206
0.478632
1.000000
0.010344
0.384511
0.446601
0.437829
0.517483
1.000000
0.010343
0.214300
0.384063
0.256595
0.446677
1.000000
0.010306
0.336743
0.624855
0.443541
0.800734
1.000000
0.010264
0.267739
0.692827
0.302801
0.742827
1.000000
0.010255
0.038120
0.154324
0.209116
0.437254
1.000000
0.010122
0.387867
0.375080
0.442338
0.452389
1.000000
0.010097
0.162276
0.014352
0.214973
0.082434
1.000000
0.010044
0.338947
0.448777
0.391702
0.517845
