1.000000
0.926581
0.376063
0.383176
0.579544
0.725837
1.000000
0.035218
0.566619
0.919734
0.607382
0.976346
1.000000
0.024650
0.352807
0.433857
0.466468
0.645311
1.000000
0.024390
0.666506
0.927323
0.714264
0.980806
1.000000
0.024026
0.374462
0.322253
0.511868
0.514832
1.000000
0.023737
-0.003597
0.739953
0.268567
0.996167
1.000000
0.020913
0.617872
0.953454
0.660536
0.997341
1.000000
0.020776
0.642790
0.948316
0.689323
0.996149
1.000000
0.020228
0.533655
0.904838
0.616325
0.998163
1.000000
0.019777
0.546505
0.946948
0.592615
0.996947
1.000000
0.019622
0.517808
0.951772
0.558802
0.997181
1.000000
0.019535
0.745683
0.401943
0.941114
0.695835
1.000000
0.019348
0.497703
0.376907
0.608338
0.566535
1.000000
0.017977
0.585980
0.952907
0.627955
0.997393
1.000000
0.017625
0.656319
0.500689
0.751899
0.651984
1.000000
0.017259
0.684777
0.947321
0.729421
0.994527
1.000000
0.017221
0.260630
0.464107
0.639785
1.023684
1.000000
0.016999
0.596116
0.914035
0.692111
1.003202
1.000000
0.016676
0.253803
0.465670
0.435659
0.768103
1.000000
0.016656
0.713650
0.537570
0.808219
0.686867
1.000000
0.016290
0.360754
0.548855
0.475153
0.737879
1.000000
0.016003
0.447182
0.613471
0.580891
0.785050
1.000000
0.015961
0.963482
0.949573
0.998510
0.997734
1.000000
0.015772
0.765690
0.497742
0.869409
0.659436
1.000000
0.015525
0.365197
0.476819
0.412151
0.554644
1.000000
0.015480
0.491600
0.386186
0.696257
0.707308
1.000000
0.015409
0.573291
0.404150
0.672673
0.578691
1.000000
0.015098
0.689632
0.511892
0.735926
0.585042
1.000000
0.014920
0.302497
0.475183
0.396031
0.626647
1.000000
0.014917
0.920473
0.889230
0.997070
0.998475
1.000000
0.014801
0.961846
0.449582
0.998505
0.520196
1.000000
0.014619
0.758197
0.711101
1.009675
1.015322
1.000000
0.014437
0.710055
0.956200
0.752008
0.998578
1.000000
0.014395
0.497344
0.918478
0.535732
0.974186
1.000000
0.014393
0.616996
0.448729
0.716057
0.615132
1.000000
0.014091
0.447029
0.812937
0.629461
1.017128
1.000000
0.014017
0.387464
0.576349
0.436726
0.650743
1.000000
0.013952
0.560078
0.390828
0.606910
0.468431
1.000000
0.013739
0.963139
0.547549
0.998404
0.610909
1.000000
0.013644
0.111020
0.256361
0.521398
0.875060
1.000000
0.013577
0.816682
0.952630
0.860453
0.998906
1.000000
0.013448
0.405906
0.606321
0.460350
0.683631
1.000000
0.013351
0.263806
0.539333
0.360786
0.693083
1.000000
0.013278
0.366174
0.547808
0.411683
0.617327
1.000000
0.013215
0.244699
0.676812
0.350623
0.817023
1.000000
0.013155
0.159787
0.607153
0.262492
0.754958
1.000000
0.013131
0.495355
0.950893
0.535855
0.996701
1.000000
0.013067
0.815496
0.520086
0.858248
0.581450
1.000000
0.013056
0.480478
0.879128
0.576245
0.992906
1.000000
0.012961
0.727085
0.445085
0.813247
0.590665
1.000000
0.012897
0.412120
0.349133
0.465827
0.430516
1.000000
0.012870
0.352154
0.657772
0.478384
0.820558
1.000000
0.012844
0.867461
0.951311
0.910567
0.997742
1.000000
0.012814
0.816929
0.453627
0.859243
0.515688
1.000000
0.012691
0.568573
0.843457
0.756179
1.019927
1.000000
0.012638
0.018643
0.558125
0.057794
0.614707
1.000000
0.012635
0.607575
0.556526
0.711507
0.713673
1.000000
0.012630
0.387065
0.382883
0.441677
0.462519
1.000000
0.012544
0.444696
0.290252
0.575288
0.466737
1.000000
0.012538
0.765911
0.484957
0.804812
0.545555
1.000000
0.012532
0.009793
0.947321
0.060973
1.000088
1.000000
0.012510
0.390500
0.640153
0.438716
0.709182
1.000000
0.012453
0.363920
0.412320
0.412355
0.486839
1.000000
0.012427
0.713497
0.677064
0.801737
0.817141
1.000000
0.012351
0.787052
0.384980
0.891279
0.544860
1.000000
0.012332
0.539211
0.432378
0.594618
0.520851
1.000000
0.012319
0.365445
0.645725
0.409477
0.712003
1.000000
0.012278
0.214406
0.601721
0.317570
0.744251
1.000000
0.012200
0.643391
0.899481
0.740089
0.992418
1.000000
0.012123
0.440414
0.713208
0.489927
0.778265
1.000000
0.012110
0.123800
0.602043
0.334001
0.892493
1.000000
0.012100
0.415522
0.713162
0.462231
0.779366
1.000000
0.012079
0.769414
0.955838
0.808102
0.998684
1.000000
0.012060
0.241417
0.722947
0.285250
0.780117
1.000000
0.012035
0.364206
0.349944
0.411320
0.425103
1.000000
0.011765
0.766865
0.519355
0.806941
0.579403
1.000000
0.011723
0.192726
0.677204
0.291317
0.815267
1.000000
0.011670
0.386920
0.451844
0.436855
0.526668
1.000000
0.011588
0.713216
0.489109
0.749024
0.548017
1.000000
0.011567
0.548044
0.598044
0.657015
0.763753
1.000000
0.011496
0.789294
0.522327
0.832961
0.581812
1.000000
0.011475
0.693345
0.460617
0.732181
0.521256
1.000000
0.011452
0.745874
0.520043
0.784508
0.578710
1.000000
0.011438
0.328854
0.323086
0.436158
0.482293
1.000000
0.011431
0.688711
0.575589
0.738095
0.649578
1.000000
0.011389
0.661027
0.600039
0.761908
0.748579
1.000000
0.011188
0.711989
0.546501
0.756831
0.617050
1.000000
0.011187
0.775312
0.910454
0.860190
1.006509
1.000000
0.011129
0.840856
0.953204
0.884749
0.999598
1.000000
0.011057
0.861691
0.359886
1.006977
0.667806
1.000000
0.010974
0.639742
0.649601
0.687131
0.712958
1.000000
0.010928
0.263981
0.717068
0.314293
0.780743
1.000000
0.010873
0.659863
0.576025
0.709969
0.648704
1.000000
0.010866
0.662875
0.510781
0.712094
0.586939
1.000000
0.010861
0.963493
0.715439
0.999525
0.781380
1.000000
0.010797
0.079734
0.662245
0.193409
0.824330
1.000000
0.010775
0.454844
0.718649
0.573579
0.860456
1.000000
0.010743
0.502849
0.709358
0.563854
0.787516
1.000000
0.010590
0.645240
0.456163
0.684531
0.517338
1.000000
0.010535
0.842477
0.520129
0.884302
0.578521
1.000000
0.010506
0.741036
0.656266
0.784248
0.715813
1.000000
0.010498
0.819273
0.883933
0.920417
1.003054
1.000000
0.010468
0.789170
0.584591
0.832927
0.646553
1.000000
0.010434
0.459559
0.348034
0.513573
0.428299
1.000000
0.010346
0.324063
0.454720
0.361041
0.511172
1.000000
0.010344
0.840282
0.349557
0.948021
0.504911
1.000000
0.010295
0.605836
0.359181
0.798428
0.662177
1.000000
0.010280
0.742349
0.957642
0.784515
1.001333
1.000000
0.010226
0.865959
0.523150
0.908761
0.581581
1.000000
0.010213
0.367970
0.609097
0.412125
0.678015
1.000000
0.010127
0.688713
0.649770
0.736122
0.714356
1.000000
0.010106
0.388848
0.316732
0.440634
0.392476
1.000000
0.010037
0.485330
0.745196
0.541627
0.812652
1.000000
0.010030
0.965932
0.581853
1.000451
0.648775
