1.000000
0.696555
0.374375
0.421779
0.536059
0.654378
1.000000
0.075213
0.323927
0.362943
0.658316
0.864508
1.000000
0.064808
0.311583
0.340216
0.503328
0.561517
1.000000
0.036870
0.323624
0.315517
0.439257
0.452154
1.000000
0.031156
0.331544
0.478240
0.449611
0.625944
1.000000
0.030990
0.657053
0.542611
0.738065
0.666707
1.000000
0.029634
0.701958
0.520669
1.028863
1.078250
1.000000
0.029522
0.337815
0.348039
0.389042
0.424075
1.000000
0.028433
0.361710
0.549640
0.412991
0.614697
1.000000
0.027100
-0.006040
0.744879
0.252789
1.004399
1.000000
0.023535
0.385314
0.514763
0.443546
0.591390
1.000000
0.022819
0.583959
0.612074
0.684563
0.740714
1.000000
0.022721
0.402072
0.317466
0.461553
0.390911
1.000000
0.022558
0.533787
0.477916
0.628137
0.616597
1.000000
0.022204
0.321754
0.381298
0.368825
0.449632
1.000000
0.021524
0.360112
0.322863
0.413692
0.391431
1.000000
0.021388
0.361140
0.451058
0.413075
0.520547
1.000000
0.021287
0.317559
0.572470
0.435732
0.710063
1.000000
0.021086
0.354140
0.374660
0.410743
0.449396
1.000000
0.020988
0.265685
0.546247
0.367376
0.681150
1.000000
0.020584
0.585028
0.482966
0.674807
0.616044
1.000000
0.020221
0.480643
0.504461
0.535080
0.593164
1.000000
0.019702
0.331653
0.405982
0.384706
0.481619
1.000000
0.019654
0.388205
0.448913
0.443585
0.526531
1.000000
0.019559
0.526558
0.665051
0.630237
0.789417
1.000000
0.019045
0.382597
0.339715
0.442184
0.417318
1.000000
0.019041
0.540607
0.511731
0.590172
0.583248
1.000000
0.018796
0.686823
0.571652
0.770716
0.704970
1.000000
0.018464
0.384152
0.571077
0.445761
0.653378
1.000000
0.018417
0.296531
0.436428
0.401108
0.585507
1.000000
0.018400
0.454890
0.449265
0.515782
0.542017
1.000000
0.018121
0.345875
0.526774
0.389830
0.585836
1.000000
0.018049
0.562359
0.723311
0.611627
0.780833
1.000000
0.017654
0.312067
0.690095
0.415532
0.826936
1.000000
0.017635
0.316771
0.555541
0.359064
0.610606
1.000000
0.017563
0.265141
0.947664
0.308717
0.995814
1.000000
0.017388
0.405125
0.319538
0.531208
0.487445
1.000000
0.017173
0.559628
0.545659
0.659649
0.680729
1.000000
0.016926
0.646652
0.583818
0.690823
0.646545
1.000000
0.016876
0.457615
0.349000
0.509695
0.421509
1.000000
0.016812
0.344038
0.577459
0.390805
0.639919
1.000000
0.016759
0.689792
0.528299
0.731397
0.590164
1.000000
0.016719
0.613831
0.581765
0.657634
0.645936
1.000000
0.016668
0.586301
0.512953
0.631146
0.584262
1.000000
0.016603
0.446519
0.531305
0.513412
0.629650
1.000000
0.016569
0.291345
0.555849
0.335807
0.616042
1.000000
0.016465
0.436364
0.379426
0.491692
0.457332
1.000000
0.016246
0.962082
0.948250
1.000017
0.998986
1.000000
0.016205
0.468437
0.410130
0.573738
0.587254
1.000000
0.016194
0.481693
0.616883
0.590290
0.758228
1.000000
0.015971
0.687643
0.614323
0.732273
0.675585
1.000000
0.015759
0.651570
0.468660
0.733023
0.606031
1.000000
0.015557
0.590436
0.579159
0.634489
0.642898
1.000000
0.015443
0.322868
0.329480
0.365064
0.392452
1.000000
0.015225
0.339340
0.722244
0.386212
0.784371
1.000000
0.015211
0.343338
0.484975
0.389268
0.551065
1.000000
0.015159
0.499654
0.538100
0.609944
0.688297
1.000000
0.015150
0.503737
0.497050
0.707547
0.773597
1.000000
0.014943
0.282134
0.363643
0.389332
0.509350
1.000000
0.014889
0.392436
0.709387
0.486242
0.844294
1.000000
0.014882
0.613269
0.515918
0.654907
0.584151
1.000000
0.014816
0.317361
0.483098
0.358558
0.543366
1.000000
0.014682
0.366582
0.612216
0.415436
0.675549
1.000000
0.014651
0.921325
0.884173
1.001097
0.997904
1.000000
0.014619
0.647338
0.519752
0.686525
0.581010
1.000000
0.014496
0.565367
0.487204
0.608398
0.555544
1.000000
0.014490
0.690696
0.652955
0.733684
0.707571
1.000000
0.014407
0.645590
0.619428
0.689821
0.680558
1.000000
0.014300
0.615837
0.616624
0.660991
0.682199
1.000000
0.014292
0.670977
0.651808
0.756680
0.777734
1.000000
0.014280
0.507196
0.543183
0.557082
0.620431
1.000000
0.014157
0.413402
0.607594
0.472739
0.680758
1.000000
0.014142
0.252963
0.470029
0.463870
0.746183
1.000000
0.014079
0.319340
0.444127
0.363324
0.509227
1.000000
0.014003
0.360830
0.634870
0.474857
0.783395
1.000000
0.013912
0.568296
0.424833
0.651453
0.560163
1.000000
0.013906
0.276722
0.666231
0.472857
0.960233
1.000000
0.013890
0.710017
0.550355
0.751324
0.610836
1.000000
0.013689
0.670278
0.493017
0.707104
0.549739
1.000000
0.013689
0.711260
0.620127
0.752601
0.678552
1.000000
0.013688
0.714125
0.656842
0.755628
0.711907
1.000000
0.013644
0.111072
0.192833
0.571505
0.736981
1.000000
0.013552
0.386720
0.295832
0.437896
0.357342
1.000000
0.013453
0.441791
0.545915
0.554503
0.703961
1.000000
0.013298
0.467030
0.721425
0.510736
0.778896
1.000000
0.013196
0.709988
0.585170
0.751618
0.646562
1.000000
0.013116
0.616518
0.483879
0.653473
0.546591
1.000000
0.013048
0.391409
0.646445
0.439223
0.711252
1.000000
0.013027
0.417698
0.753258
0.462828
0.812298
1.000000
0.012989
0.636347
0.438525
0.803869
0.696854
1.000000
0.012967
0.515329
0.718870
0.565810
0.778354
1.000000
0.012833
0.390642
0.718244
0.436137
0.777467
1.000000
0.012821
0.597409
0.454986
0.633599
0.516986
1.000000
0.012745
0.566607
0.544248
0.612065
0.611374
1.000000
0.012733
0.570452
0.713557
0.670754
0.844605
1.000000
0.012728
0.538708
0.582227
0.585795
0.646184
1.000000
0.012707
0.486292
0.416351
0.534517
0.497563
1.000000
0.012689
0.207706
0.579145
0.308771
0.716840
1.000000
0.012635
0.340797
0.615781
0.389375
0.678124
1.000000
0.012618
0.219275
0.959317
0.256839
0.999511
1.000000
0.012550
0.412526
0.476062
0.472940
0.563949
1.000000
0.012450
0.783676
0.540524
0.887358
0.691042
1.000000
0.012426
0.265770
0.643927
0.376069
0.789120
1.000000
0.012379
0.588470
0.650630
0.635525
0.713438
1.000000
0.012354
0.446914
0.688963
0.543423
0.808237
1.000000
0.012340
0.509926
0.479535
0.556943
0.555784
1.000000
0.012267
0.409449
0.413667
0.465747
0.493982
1.000000
0.012245
0.320390
0.295004
0.358270
0.350546
1.000000
0.012234
0.715232
0.688347
0.756666
0.742400
1.000000
0.012125
0.415603
0.718291
0.461186
0.778723
1.000000
0.012113
0.564992
0.581076
0.609896
0.645088
1.000000
0.012095
0.211586
0.687762
0.305105
0.822523
1.000000
0.012095
0.346649
0.299701
0.389735
0.356532
1.000000
0.012081
0.443735
0.751991
0.488858
0.810768
1.000000
0.012068
0.539973
0.452690
0.585029
0.523064
1.000000
0.012001
0.691531
0.690155
0.734325
0.745459
1.000000
0.011968
0.215814
0.728189
0.256714
0.782222
1.000000
0.011944
0.367523
0.650730
0.412273
0.710432
1.000000
0.011923
0.155785
0.598080
0.258860
0.738914
1.000000
0.011783
0.553478
0.200581
0.901519
0.756288
1.000000
0.011782
0.647738
0.492255
0.683193
0.547766
1.000000
0.011708
0.301596
0.389276
0.344787
0.445857
1.000000
0.011696
0.561545
0.651906
0.610993
0.718720
1.000000
0.011588
0.668958
0.955561
0.707085
0.998625
1.000000
0.011577
0.253377
0.905139
0.330788
0.999722
1.000000
0.011548
0.160990
0.751892
0.257227
0.884120
1.000000
0.011533
0.478041
0.567422
0.532188
0.648042
1.000000
0.011522
0.903706
0.609034
0.994536
0.761436
1.000000
0.011373
0.391127
0.752513
0.436629
0.811593
1.000000
0.011357
0.764132
0.442630
0.868567
0.592153
1.000000
0.011260
0.002076
0.919595
0.042062
0.989386
1.000000
0.011216
0.693371
0.495262
0.731375
0.552009
1.000000
0.011199
0.320274
0.750327
0.365325
0.810703
1.000000
0.011157
0.239884
0.753359
0.336861
0.897100
1.000000
0.011127
0.340490
0.649160
0.386782
0.709889
1.000000
0.011127
0.718558
0.951401
0.762083
0.997996
1.000000
0.011119
0.768363
0.903940
0.859877
1.001025
1.000000
0.011081
0.736807
0.575479
0.834659
0.719811
1.000000
0.011071
0.509198
0.650729
0.562187
0.722281
1.000000
0.011003
0.190886
0.958407
0.232267
1.000683
1.000000
0.010958
0.301084
0.356355
0.342565
0.414642
1.000000
0.010861
0.291855
0.779355
0.393749
0.931073
1.000000
0.010842
0.293351
0.718459
0.337322
0.775875
1.000000
0.010829
0.863323
0.526168
0.904140
0.577848
1.000000
0.010772
0.192578
0.752038
0.238012
0.808700
1.000000
0.010709
0.716787
0.492747
0.752696
0.548124
1.000000
0.010667
0.821166
0.522797
0.862428
0.577763
1.000000
0.010588
0.166222
0.956620
0.207542
0.999011
1.000000
0.010551
0.765360
0.525939
0.806035
0.578284
1.000000
0.010448
0.963704
0.653169
0.998847
0.717527
1.000000
0.010406
0.361863
0.750999
0.407186
0.812064
1.000000
0.010363
0.435272
0.291763
0.484089
0.351796
1.000000
0.010335
0.816373
0.950186
0.860473
0.996281
1.000000
0.010329
0.669091
0.650727
0.710113
0.704008
1.000000
0.010266
0.712064
0.680768
0.805427
0.815445
1.000000
0.010245
0.679246
0.907960
0.765066
1.007200
1.000000
0.010241
0.298422
0.326075
0.337646
0.381744
1.000000
0.010204
0.177004
0.698552
0.373456
0.971996
1.000000
0.010166
0.264740
0.826806
0.307114
0.882303
1.000000
0.010083
0.739967
0.526781
0.779378
0.579549
1.000000
0.010071
0.140598
0.955187
0.184213
0.999965
