1.000000
0.158864
0.316857
0.393842
0.517568
0.721298
1.000000
0.045667
0.317729
0.489542
0.418135
0.685537
1.000000
0.029466
-0.005039
0.754959
0.267169
0.998323
1.000000
0.026151
0.326372
0.346421
0.454793
0.523020
1.000000
0.025116
0.406275
0.221880
0.787590
0.772648
1.000000
0.023535
0.318299
0.548058
0.363675
0.614410
1.000000
0.022978
0.393900
0.324292
0.516234
0.488197
1.000000
0.022168
0.242555
0.470916
0.635687
1.001909
1.000000
0.022041
0.590356
0.880469
0.708849
0.993460
1.000000
0.021940
0.565709
0.498572
0.672993
0.653100
1.000000
0.021763
0.140517
0.219714
0.533425
0.783645
1.000000
0.021458
0.342628
0.638171
0.389657
0.707600
1.000000
0.019796
0.334699
0.572817
0.383055
0.653177
1.000000
0.019559
0.660113
0.502783
0.755930
0.650766
1.000000
0.018836
0.690892
0.517104
0.734730
0.584890
1.000000
0.018708
0.758734
0.720474
1.013622
1.019432
1.000000
0.018657
0.340348
0.418053
0.386872
0.488374
1.000000
0.017334
0.612348
0.949959
0.661894
0.999980
1.000000
0.016875
0.361302
0.380211
0.412938
0.457929
1.000000
0.016875
0.567567
0.914769
0.614998
0.974999
1.000000
0.016866
0.516057
0.420637
0.723861
0.697975
1.000000
0.016753
0.608661
0.912855
0.666308
0.979277
1.000000
0.016581
0.817506
0.953078
0.862515
0.999345
1.000000
0.016297
0.565694
0.950167
0.610913
0.998331
1.000000
0.016194
0.415361
0.412228
0.538073
0.605143
1.000000
0.016099
0.963537
0.948708
0.998671
0.997458
1.000000
0.016095
0.713468
0.533369
0.810924
0.686472
1.000000
0.015909
0.613371
0.576971
0.664447
0.650462
1.000000
0.015884
0.908686
0.897426
0.994089
1.000433
1.000000
0.015737
0.687375
0.675203
0.782648
0.814763
1.000000
0.015613
0.219798
0.545084
0.313555
0.689348
1.000000
0.015582
0.738974
0.410119
0.934453
0.708195
1.000000
0.015408
0.659764
0.911244
0.706480
0.972926
1.000000
0.015392
0.513918
0.951075
0.554132
0.997208
1.000000
0.015290
0.364989
0.713872
0.409748
0.776606
1.000000
0.015287
0.498404
0.904881
0.585036
1.004837
1.000000
0.015110
0.605338
0.557820
0.712157
0.703003
1.000000
0.014885
0.319554
0.449541
0.360381
0.512568
1.000000
0.014868
0.411541
0.382304
0.458390
0.455749
1.000000
0.014788
0.657661
0.605218
0.764351
0.757686
1.000000
0.014516
0.391029
0.717402
0.436934
0.779533
1.000000
0.014469
0.565638
0.421818
0.663852
0.571727
1.000000
0.014441
0.222048
0.454989
0.389986
0.745547
1.000000
0.014329
0.963831
0.549830
0.998433
0.610071
1.000000
0.014160
0.822019
0.912755
0.907542
1.005970
1.000000
0.014087
0.463567
0.416208
0.516569
0.498965
1.000000
0.014086
0.443131
0.609070
0.562979
0.784284
1.000000
0.014083
0.556648
0.598207
0.667596
0.751073
1.000000
0.014055
0.661605
0.953278
0.706520
1.000323
1.000000
0.013807
0.362249
0.447045
0.409089
0.516788
1.000000
0.013757
0.680756
0.916242
0.773999
1.008400
1.000000
0.013660
0.169664
0.577674
0.264635
0.722148
1.000000
0.013533
0.509365
0.918721
0.551360
0.977015
1.000000
0.013485
0.714590
0.958749
0.757819
1.002081
1.000000
0.013381
0.767360
0.955960
0.809800
1.000565
1.000000
0.013338
0.388517
0.415850
0.436828
0.486662
1.000000
0.013124
0.322261
0.615838
0.420911
0.770596
1.000000
0.013122
0.586038
0.514053
0.634578
0.585882
1.000000
0.013089
0.689687
0.574480
0.736283
0.643659
1.000000
0.012991
0.275498
0.556708
0.311223
0.606777
1.000000
0.012968
0.865543
0.952261
0.908683
0.998354
1.000000
0.012965
0.483695
0.389583
0.533122
0.463330
1.000000
0.012923
0.729001
0.448571
0.811969
0.588478
1.000000
0.012873
0.612262
0.452366
0.718632
0.607047
1.000000
0.012826
0.762720
0.500162
0.866022
0.662398
1.000000
0.012791
0.317061
0.387546
0.361746
0.458485
1.000000
0.012777
0.656070
0.739347
0.762668
0.884842
1.000000
0.012773
0.364992
0.324949
0.412039
0.396218
1.000000
0.012734
0.644227
0.518438
0.687029
0.583478
1.000000
0.012702
0.334527
0.521498
0.382561
0.593733
1.000000
0.012673
0.344482
0.348425
0.393363
0.422875
1.000000
0.012667
0.343882
0.677983
0.388810
0.743709
1.000000
0.012612
0.492640
0.405307
0.600917
0.562625
1.000000
0.012535
0.740062
0.688165
0.783456
0.745952
1.000000
0.012524
0.594305
0.451269
0.633981
0.515023
1.000000
0.012512
0.689454
0.956186
0.734303
1.002076
1.000000
0.012469
0.387101
0.347642
0.438296
0.424175
1.000000
0.012459
0.301449
0.528792
0.338435
0.582759
1.000000
0.012455
0.777493
0.916375
0.862045
1.007730
1.000000
0.012436
0.764452
0.486307
0.802631
0.545928
1.000000
0.012266
0.321116
0.643542
0.364214
0.708216
1.000000
0.012183
0.611254
0.641832
0.719467
0.783775
1.000000
0.012108
0.618981
0.448884
0.657408
0.513258
1.000000
0.011974
0.765783
0.519458
0.805533
0.577965
1.000000
0.011916
0.964125
0.451262
0.999875
0.518317
1.000000
0.011795
0.268832
0.708875
0.368281
0.848982
1.000000
0.011758
0.389116
0.632759
0.497449
0.779983
1.000000
0.011664
0.414156
0.716624
0.463703
0.783850
1.000000
0.011627
0.275976
0.528680
0.310452
0.579144
1.000000
0.011588
0.009626
0.946962
0.059506
0.999877
1.000000
0.011577
0.415209
0.652161
0.459887
0.718245
1.000000
0.011562
0.439161
0.384429
0.489286
0.458075
1.000000
0.011548
0.119122
0.545060
0.215886
0.689646
1.000000
0.011546
0.667698
0.546314
0.712271
0.613075
1.000000
0.011541
0.316223
0.485515
0.358080
0.552350
1.000000
0.011495
0.359508
0.516956
0.407260
0.587321
1.000000
0.011464
0.493074
0.662943
0.603254
0.808583
1.000000
0.011402
0.440700
0.443974
0.493383
0.516771
1.000000
0.011363
0.711329
0.547555
0.754880
0.613764
1.000000
0.011319
0.536563
0.647427
0.585314
0.718732
1.000000
0.011290
0.715768
0.714602
0.759721
0.775860
1.000000
0.011275
0.635523
0.888337
0.689970
0.948426
1.000000
0.011191
0.546537
0.692201
0.774271
0.962141
1.000000
0.011147
0.484596
0.470330
0.533220
0.547467
1.000000
0.011092
0.501473
0.818592
0.693397
1.018065
1.000000
0.011084
0.587643
0.653074
0.634848
0.715479
1.000000
0.011025
0.412247
0.323780
0.459218
0.396198
1.000000
0.011023
0.742912
0.957488
0.786547
1.002259
1.000000
0.010923
0.213498
0.637348
0.308263
0.778957
1.000000
0.010914
0.286007
0.409260
0.389685
0.574108
1.000000
0.010876
0.507412
0.534034
0.614408
0.699928
1.000000
0.010874
0.539976
0.583029
0.583787
0.648272
1.000000
0.010847
0.696662
0.463801
0.732343
0.519027
1.000000
0.010832
0.643806
0.452461
0.681140
0.511876
1.000000
0.010807
0.763223
0.415570
0.863836
0.573122
1.000000
0.010788
0.715827
0.491604
0.749204
0.545381
1.000000
0.010758
0.670923
0.489807
0.708658
0.548865
1.000000
0.010753
0.615366
0.484048
0.655850
0.551320
1.000000
0.010748
0.782083
0.669583
0.887202
0.816505
1.000000
0.010717
0.690277
0.653902
0.737581
0.716933
1.000000
0.010689
0.361479
0.700350
0.474928
0.838045
1.000000
0.010624
0.245098
0.585442
0.283451
0.645041
1.000000
0.010607
0.790627
0.587376
0.833092
0.645971
1.000000
0.010590
0.387734
0.653458
0.432268
0.716591
1.000000
0.010589
0.815701
0.521225
0.857305
0.579827
1.000000
0.010508
0.690139
0.614670
0.736470
0.680364
1.000000
0.010477
0.637572
0.648904
0.686556
0.715309
1.000000
0.010446
0.691842
0.687860
0.739759
0.750284
1.000000
0.010432
0.845011
0.348101
0.950633
0.503349
1.000000
0.010407
0.817063
0.453190
0.858935
0.513765
1.000000
0.010391
0.466437
0.329728
0.573567
0.487325
1.000000
0.010319
0.377880
0.261311
0.593347
0.587550
1.000000
0.010318
0.589864
0.892916
0.637238
0.947948
1.000000
0.010296
0.417194
0.448776
0.462794
0.517625
1.000000
0.010278
0.686381
0.253120
1.021961
0.855273
1.000000
0.010193
0.508073
0.446711
0.551533
0.516866
1.000000
0.010184
0.565524
0.450204
0.608326
0.516585
1.000000
0.010125
0.463671
0.351276
0.509842
0.421432
1.000000
0.010101
0.270186
0.582788
0.308435
0.641404
1.000000
0.010071
0.791854
0.954674
0.836184
1.000652
1.000000
0.010064
0.220850
0.713177
0.312631
0.840587
1.000000
0.010053
0.535195
0.709640
0.584640
0.778167
