1.000000
0.992006
0.383172
0.385752
0.544686
0.644321
1.000000
0.057519
0.352163
0.343936
0.644332
0.844038
1.000000
0.035605
0.370224
0.309766
0.507350
0.514297
1.000000
0.029971
-0.003821
0.548489
0.372110
1.111757
1.000000
0.025433
0.529687
0.408691
0.621281
0.568917
1.000000
0.025404
0.651600
0.541873
0.735029
0.674729
1.000000
0.025348
0.597965
0.468675
1.034304
1.113914
1.000000
0.024113
0.486783
0.411007
0.539008
0.493857
1.000000
0.020418
0.587776
0.549385
0.688206
0.689465
1.000000
0.020294
0.388859
0.451024
0.437033
0.522697
1.000000
0.020279
0.309603
0.570283
0.420864
0.722180
1.000000
0.019683
0.559877
0.721418
0.611725
0.785398
1.000000
0.019222
0.445901
0.291323
0.560385
0.458663
1.000000
0.019032
0.736651
0.719085
1.017180
1.012467
1.000000
0.018985
0.515289
0.683338
0.623798
0.818219
1.000000
0.018736
0.463144
0.388994
0.518193
0.466640
1.000000
0.017964
0.360785
0.270638
0.468509
0.407262
1.000000
0.017246
0.508419
0.386946
0.553742
0.461983
1.000000
0.017220
0.309430
0.675596
0.412365
0.839476
1.000000
0.016922
0.671395
0.548579
0.716045
0.615985
1.000000
0.016705
0.487544
0.352694
0.538312
0.431515
1.000000
0.016224
0.962250
0.948643
0.999925
0.998875
1.000000
0.015913
0.558514
0.477674
0.653577
0.622979
1.000000
0.015780
0.492095
0.352692
0.591733
0.514051
1.000000
0.015582
0.536723
0.507182
0.587281
0.579645
1.000000
0.015560
0.687294
0.575445
0.772409
0.713851
1.000000
0.015518
0.537411
0.446982
0.583322
0.520583
1.000000
0.015412
0.569175
0.651858
0.677339
0.790936
1.000000
0.014708
0.267058
0.952350
0.307779
0.997208
1.000000
0.014594
0.508660
0.441043
0.555897
0.524386
1.000000
0.014558
0.323492
0.477625
0.426740
0.629461
1.000000
0.014407
0.386511
0.340546
0.438458
0.423895
1.000000
0.014306
0.370278
0.422073
0.412620
0.482798
1.000000
0.014260
0.923183
0.883218
1.001286
0.996957
1.000000
0.014235
0.325732
0.340630
0.431395
0.490520
1.000000
0.014228
0.649306
0.467361
0.732335
0.605751
1.000000
0.014222
0.690150
0.529255
0.729898
0.588555
1.000000
0.014199
0.671296
0.680209
0.761809
0.806389
1.000000
0.014115
0.619560
0.605398
0.715654
0.734010
1.000000
0.013712
0.584545
0.437876
0.759999
0.710186
1.000000
0.013674
0.338593
0.580141
0.384493
0.646365
1.000000
0.013658
0.644635
0.584756
0.689722
0.649282
1.000000
0.013402
0.260831
0.525113
0.364005
0.658952
1.000000
0.013194
0.367344
0.549697
0.414792
0.613610
1.000000
0.012935
0.588801
0.418176
0.671611
0.556042
1.000000
0.012914
0.260587
0.602151
0.372468
0.753743
1.000000
0.012693
0.671199
0.493483
0.707337
0.549596
1.000000
0.012661
0.714447
0.658870
0.755657
0.712686
1.000000
0.012656
0.344116
0.720215
0.385351
0.780775
1.000000
0.012644
0.387537
0.284058
0.439959
0.357786
1.000000
0.012626
0.514190
0.719064
0.566952
0.787234
1.000000
0.012462
0.391221
0.574127
0.440547
0.648919
1.000000
0.012433
0.529013
0.540379
0.631474
0.701622
1.000000
0.012428
0.493049
0.571900
0.698342
0.838479
1.000000
0.012405
0.689781
0.654986
0.733383
0.709433
1.000000
0.012396
0.218410
0.959931
0.256170
0.999641
1.000000
0.012217
0.668045
0.614846
0.712425
0.678814
1.000000
0.012203
0.686141
0.492244
0.770036
0.628023
1.000000
0.012170
0.500054
0.368587
0.685670
0.637658
1.000000
0.012144
0.366373
0.314581
0.414604
0.386182
1.000000
0.011977
0.483506
0.505186
0.536540
0.588251
1.000000
0.011969
0.161102
0.591109
0.263173
0.734971
1.000000
0.011946
0.077449
0.248958
0.495526
0.879520
1.000000
0.011939
0.685900
0.578241
0.730772
0.645338
1.000000
0.011850
0.561282
0.486286
0.604164
0.554444
1.000000
0.011847
0.647401
0.520959
0.687123
0.582176
1.000000
0.011828
0.590093
0.513297
0.634038
0.582571
1.000000
0.011785
0.298735
0.760180
0.397373
0.930985
1.000000
0.011718
0.191817
0.677291
0.280935
0.816800
1.000000
0.011673
0.714699
0.688533
0.756712
0.742000
1.000000
0.011564
0.163381
0.753081
0.255828
0.886313
1.000000
0.011529
0.511790
0.322650
0.554457
0.390172
1.000000
0.011525
0.615973
0.616649
0.662173
0.683323
1.000000
0.011525
0.717158
0.952211
0.760764
0.999216
1.000000
0.011491
0.536098
0.389521
0.578450
0.456096
1.000000
0.011483
0.618571
0.424713
0.652291
0.483123
1.000000
0.011467
0.616819
0.482969
0.653941
0.546530
1.000000
0.011360
0.719491
0.901602
0.806988
1.003378
1.000000
0.011358
0.711874
0.551704
0.751132
0.608602
1.000000
0.011331
0.563896
0.451126
0.604388
0.517982
1.000000
0.011267
0.614131
0.515828
0.655735
0.583087
1.000000
0.011255
0.598389
0.452077
0.634678
0.513835
1.000000
0.011180
0.216736
0.727106
0.257321
0.781106
1.000000
0.011106
0.411167
0.386475
0.462992
0.461048
1.000000
0.011076
0.458241
0.445727
0.515475
0.527900
1.000000
0.011031
0.388860
0.510055
0.438660
0.585098
1.000000
0.011021
0.291738
0.719487
0.332357
0.777497
1.000000
0.010872
0.166030
0.956737
0.206947
0.999136
1.000000
0.010824
0.647300
0.552377
0.690926
0.614887
1.000000
0.010818
0.682701
0.424187
0.866097
0.707521
1.000000
0.010804
0.191014
0.958196
0.232339
1.000556
1.000000
0.010786
0.187819
0.674727
0.372711
0.965230
1.000000
0.010709
0.784829
0.539718
0.886701
0.686094
1.000000
0.010677
0.606520
0.720870
0.652364
0.777542
1.000000
0.010670
0.767222
0.951731
0.809572
0.997315
1.000000
0.010658
0.690230
0.689286
0.735105
0.745100
1.000000
0.010648
0.106989
0.879777
0.211935
0.997422
1.000000
0.010604
0.439106
0.348995
0.490467
0.426066
1.000000
0.010585
0.244594
0.955741
0.283965
0.999119
1.000000
0.010525
0.372107
0.479937
0.416661
0.547573
1.000000
0.010511
0.712946
0.621807
0.753077
0.678715
1.000000
0.010476
0.822713
0.524395
0.861845
0.575359
1.000000
0.010451
0.242939
0.740700
0.339281
0.897886
1.000000
0.010434
0.738713
0.577462
0.834297
0.720581
1.000000
0.010398
0.139891
0.954559
0.183609
0.999408
1.000000
0.010391
0.460661
0.314886
0.512789
0.393637
1.000000
0.010346
0.192655
0.752732
0.235594
0.807828
1.000000
0.010231
0.365847
0.614762
0.411883
0.678596
1.000000
0.010185
0.694445
0.495226
0.730310
0.549536
1.000000
0.010173
0.437456
0.607780
0.490756
0.678842
1.000000
0.010059
0.711939
0.586553
0.751850
0.645282
1.000000
0.010033
0.642792
0.648942
0.688287
0.706532
