1.000000
0.377335
0.380466
0.382482
0.540763
0.682580
1.000000
0.049280
0.370123
0.456951
0.415561
0.527832
1.000000
0.047187
0.362187
0.424557
0.460684
0.584645
1.000000
0.046021
0.414429
0.343387
0.459534
0.408528
1.000000
0.034183
0.401232
0.339973
0.507774
0.494013
1.000000
0.033320
0.467713
0.384928
0.583880
0.560654
1.000000
0.030831
0.242883
0.355936
0.583822
0.906794
1.000000
0.026135
0.009197
0.586543
0.413320
1.075943
1.000000
0.025570
0.531202
0.415917
0.584934
0.499443
1.000000
0.025437
0.412224
0.379554
0.459018
0.449975
1.000000
0.023419
0.390953
0.389177
0.434865
0.454724
1.000000
0.023380
0.369973
0.393483
0.409411
0.454532
1.000000
0.023376
0.595314
0.541687
0.691693
0.682770
1.000000
0.023121
0.759163
0.738091
1.012422
1.020126
1.000000
0.022557
0.463012
0.381631
0.510949
0.453830
1.000000
0.022457
0.408412
0.416270
0.459598
0.493897
1.000000
0.022105
0.608383
0.873209
0.718168
0.985983
1.000000
0.021956
0.637604
0.514970
0.734742
0.655932
1.000000
0.021916
0.389596
0.270882
0.707653
0.758795
1.000000
0.021876
0.369127
0.508212
0.413664
0.577520
1.000000
0.021178
0.546202
0.407202
0.648247
0.563267
1.000000
0.020814
0.638777
0.911657
0.687026
0.974256
1.000000
0.020697
0.367967
0.546132
0.413626
0.613038
1.000000
0.020198
0.434438
0.331283
0.480985
0.394580
1.000000
0.019693
0.817341
0.952313
0.862342
0.998503
1.000000
0.019446
0.617311
0.954254
0.659262
0.999514
1.000000
0.019105
0.589087
0.447563
0.686081
0.607245
1.000000
0.018648
0.711613
0.538400
0.810151
0.686095
1.000000
0.018456
0.690460
0.514758
0.735659
0.582697
1.000000
0.018455
0.591931
0.890009
0.628940
0.939049
1.000000
0.018408
0.511351
0.388637
0.564182
0.465645
1.000000
0.018196
0.724364
0.296955
1.002988
0.868489
1.000000
0.018099
0.639603
0.950898
0.685499
1.000220
1.000000
0.018059
0.681717
0.485832
0.769890
0.624306
1.000000
0.018021
0.574070
0.913962
0.611958
0.968038
1.000000
0.017798
0.329727
0.498245
0.426932
0.648186
1.000000
0.017795
0.374116
0.357380
0.409154
0.411847
1.000000
0.017562
0.451045
0.600758
0.575174
0.772167
1.000000
0.017547
0.631707
0.579412
0.685489
0.654501
1.000000
0.017476
0.569287
0.955794
0.607857
0.998610
1.000000
0.017460
0.903194
0.877292
0.994521
1.001766
1.000000
0.017388
0.461966
0.328709
0.505367
0.392839
1.000000
0.017306
0.659219
0.603287
0.761726
0.746926
1.000000
0.016975
0.802503
0.915246
0.885811
1.003210
1.000000
0.016910
0.691887
0.678782
0.783209
0.809108
1.000000
0.016807
0.355373
0.332502
0.448362
0.482947
1.000000
0.016708
0.716932
0.714622
0.761376
0.775166
1.000000
0.016300
0.665135
0.865632
0.708172
0.921273
1.000000
0.016242
0.641733
0.454505
0.679404
0.512432
1.000000
0.016227
0.592325
0.955615
0.632911
1.000157
1.000000
0.016212
0.531320
0.464843
0.584819
0.548998
1.000000
0.016165
0.962598
0.947854
0.998980
0.997708
1.000000
0.015899
0.555491
0.871558
0.651600
0.985777
1.000000
0.015792
0.641847
0.516382
0.685490
0.584169
1.000000
0.015783
0.617694
0.450818
0.659830
0.513755
1.000000
0.015747
0.614000
0.516435
0.660212
0.586664
1.000000
0.015702
0.591743
0.578066
0.647488
0.654889
1.000000
0.015667
0.768971
0.955454
0.809919
0.999622
1.000000
0.015551
0.556756
0.712381
0.761782
0.957356
1.000000
0.015315
0.864125
0.952034
0.908250
0.998519
1.000000
0.015128
0.436086
0.412081
0.488703
0.492581
1.000000
0.015080
0.391807
0.286645
0.483696
0.417628
1.000000
0.014997
0.762057
0.455571
0.800783
0.513207
1.000000
0.014927
0.683581
0.746001
0.777885
0.878191
1.000000
0.014751
0.738739
0.687980
0.782842
0.746047
1.000000
0.014741
0.573634
0.866380
0.611135
0.918929
1.000000
0.014721
0.557624
0.589145
0.663203
0.747088
1.000000
0.014698
0.963850
0.550609
0.998067
0.610049
1.000000
0.014665
0.687987
0.952172
0.733724
1.000286
1.000000
0.014490
0.616438
0.434393
0.800563
0.708278
1.000000
0.014456
0.677129
0.910994
0.768579
1.005302
1.000000
0.014453
0.607461
0.679069
0.717484
0.822717
1.000000
0.014408
0.237878
0.474997
0.435661
0.747713
1.000000
0.014267
0.416891
0.300569
0.455785
0.357094
1.000000
0.014253
0.368376
0.530547
0.474654
0.708002
1.000000
0.014241
0.370154
0.294548
0.404187
0.346971
1.000000
0.014113
0.386461
0.573914
0.434121
0.643758
1.000000
0.014112
0.665281
0.548781
0.711900
0.618859
1.000000
0.014079
0.728290
0.447768
0.810858
0.581633
1.000000
0.013988
0.544252
0.956544
0.585477
1.001072
1.000000
0.013889
0.487346
0.354405
0.534544
0.419052
1.000000
0.013881
0.408402
0.509611
0.803838
1.091938
1.000000
0.013877
0.402069
0.471420
0.459378
0.549894
1.000000
0.013871
0.686063
0.578510
0.735123
0.648997
1.000000
0.013785
0.253684
0.570243
0.361622
0.717111
1.000000
0.013642
0.537482
0.359986
0.582046
0.424149
1.000000
0.013639
0.615094
0.888775
0.658159
0.941905
1.000000
0.013629
0.414396
0.644468
0.462765
0.714632
1.000000
0.013531
0.353951
0.426773
0.390985
0.483830
1.000000
0.013510
0.713498
0.957229
0.755898
1.000833
1.000000
0.013504
0.763821
0.484658
0.802971
0.544531
1.000000
0.013500
0.791986
0.952832
0.835547
0.999120
1.000000
0.013466
0.842843
0.888985
0.940915
1.002308
1.000000
0.013447
0.528192
0.909277
0.612556
1.007769
1.000000
0.013436
0.561526
0.747615
0.666823
0.887397
1.000000
0.013424
0.512510
0.357385
0.558262
0.422276
1.000000
0.013405
0.765456
0.674438
0.865745
0.814872
1.000000
0.013329
0.487064
0.411022
0.544261
0.491722
1.000000
0.013179
0.591196
0.448252
0.636314
0.514485
1.000000
0.013163
0.754493
0.915094
0.837857
1.006767
1.000000
0.013085
0.215134
0.637901
0.315730
0.771840
1.000000
0.013021
0.640559
0.425060
0.731864
0.567479
1.000000
0.012973
0.643615
0.485712
0.682896
0.547161
1.000000
0.012950
0.497393
0.665601
0.604820
0.807206
1.000000
0.012921
0.688944
0.649998
0.738139
0.716079
1.000000
0.012855
0.763106
0.718946
0.808183
0.778419
1.000000
0.012845
0.349631
0.328252
0.385624
0.383031
1.000000
0.012838
0.714440
0.489673
0.749251
0.544567
1.000000
0.012824
0.696715
0.461148
0.734520
0.518435
1.000000
0.012791
0.812438
0.718721
0.860705
0.777640
1.000000
0.012756
0.365554
0.634030
0.474245
0.791841
1.000000
0.012739
0.762114
0.502551
0.864421
0.663226
1.000000
0.012640
0.560647
0.391695
0.603365
0.456977
1.000000
0.012627
0.354751
0.482799
0.396007
0.540942
1.000000
0.012586
0.764322
0.656370
0.806387
0.714595
1.000000
0.012560
0.624016
0.798972
0.733864
0.932531
1.000000
0.012473
0.293572
0.526873
0.333071
0.581446
1.000000
0.012443
0.765710
0.519343
0.805976
0.578584
1.000000
0.012435
0.508718
0.710784
0.562056
0.780281
1.000000
0.012433
0.743657
0.957859
0.785641
1.001599
1.000000
0.012408
0.517382
0.954584
0.555704
0.998021
1.000000
0.012407
0.446759
0.306915
0.559664
0.450893
1.000000
0.012364
0.263282
0.727674
0.306667
0.782374
1.000000
0.012362
0.368270
0.611564
0.411496
0.675007
1.000000
0.012303
0.715338
0.656304
0.761584
0.720630
1.000000
0.012236
0.692384
0.684680
0.741186
0.748867
1.000000
0.012169
0.318392
0.523177
0.357330
0.576979
1.000000
0.012106
0.792533
0.388040
0.894535
0.540825
1.000000
0.012085
0.372399
0.217909
0.561840
0.534857
1.000000
0.012065
0.273493
0.304124
0.447085
0.604389
1.000000
0.012021
0.270955
0.495642
0.360563
0.621042
1.000000
0.012013
0.669246
0.488269
0.709196
0.549051
1.000000
0.012002
0.965284
0.486226
0.999530
0.548639
1.000000
0.011996
0.716269
0.749748
0.759836
0.809665
1.000000
0.011991
0.711391
0.547355
0.756163
0.614448
1.000000
0.011900
0.664003
0.716149
0.711245
0.777834
1.000000
0.011876
0.268083
0.123669
0.305711
0.176821
1.000000
0.011836
0.352049
0.358874
0.387132
0.412897
1.000000
0.011768
0.660739
0.646773
0.710013
0.713906
1.000000
0.011734
0.790522
0.587920
0.832639
0.647118
1.000000
0.011720
0.521904
0.331491
0.624604
0.483709
1.000000
0.011686
0.268798
0.342899
0.357802
0.485482
1.000000
0.011646
0.243056
0.713884
0.337662
0.835332
1.000000
0.011635
0.681370
0.886462
0.724389
0.943332
1.000000
0.011566
0.813691
0.790768
0.860152
0.846272
1.000000
0.011535
0.663615
0.828899
0.706878
0.884918
1.000000
0.011410
0.438760
0.714048
0.490459
0.782515
1.000000
0.011373
0.613686
0.553240
0.663132
0.630915
1.000000
0.011373
0.530365
0.495353
0.634411
0.673714
1.000000
0.011334
0.321845
0.327692
0.355818
0.380690
1.000000
0.011278
0.788037
0.749068
0.888094
0.879556
1.000000
0.011218
0.812676
0.651013
0.859456
0.711915
1.000000
0.011173
0.391020
0.612615
0.435463
0.678410
1.000000
0.011149
0.322025
0.393811
0.355669
0.445709
1.000000
0.011139
0.314548
0.698537
0.435749
0.852424
1.000000
0.011137
0.719694
0.458230
0.753805
0.512589
1.000000
0.011132
0.554647
0.441562
0.600991
0.517555
1.000000
0.011076
0.817202
0.452223
0.858793
0.513322
1.000000
0.011041
0.323887
0.425851
0.356075
0.474461
1.000000
0.011023
0.815185
0.588617
0.857762
0.649270
1.000000
0.010951
0.658599
0.608522
0.707706
0.678127
1.000000
0.010919
0.296538
0.390724
0.332120
0.445120
1.000000
0.010916
0.740904
0.606637
0.836746
0.753914
1.000000
0.010884
0.581995
0.350729
0.681834
0.498217
1.000000
0.010841
0.319476
0.263410
0.409465
0.406015
1.000000
0.010822
0.713775
0.614671
0.759022
0.679233
1.000000
0.010770
0.009890
0.947378
0.059354
0.999774
1.000000
0.010724
0.465662
0.296157
0.504409
0.352721
1.000000
0.010704
0.738397
0.580796
0.784588
0.647706
1.000000
0.010699
0.640465
0.826194
0.684814
0.881791
1.000000
0.010651
0.405125
0.541331
0.460985
0.617892
1.000000
0.010592
0.764736
0.584379
0.808298
0.648808
1.000000
0.010585
0.347865
0.292610
0.384939
0.347891
1.000000
0.010554
0.322941
0.357872
0.355636
0.408932
1.000000
0.010540
0.586552
0.718528
0.631996
0.780490
1.000000
0.010509
0.679147
0.831379
0.860238
1.025700
1.000000
0.010506
0.272176
0.357948
0.305207
0.410667
1.000000
0.010496
0.561349
0.715963
0.606467
0.780381
1.000000
0.010489
0.543547
0.921115
0.584854
0.976447
1.000000
0.010461
0.681725
0.535299
0.870955
0.821654
1.000000
0.010457
0.816217
0.520177
0.857481
0.579709
1.000000
0.010415
0.317209
0.554522
0.357166
0.607727
1.000000
0.010406
0.323608
0.490431
0.358748
0.540540
1.000000
0.010394
0.470860
0.881706
0.561160
0.993727
1.000000
0.010380
0.296717
0.327684
0.330989
0.380172
1.000000
0.010368
0.766246
0.619597
0.807534
0.679189
1.000000
0.010356
0.585534
0.754489
0.631805
0.818501
1.000000
0.010337
0.167068
0.602313
0.274743
0.741196
1.000000
0.010309
0.853417
0.375011
1.007222
0.664454
1.000000
0.010299
0.324325
0.459137
0.358457
0.510240
1.000000
0.010275
0.272002
0.389712
0.305605
0.443438
1.000000
0.010269
0.562893
0.359464
0.603719
0.421135
1.000000
0.010260
0.587234
0.648325
0.634380
0.713709
1.000000
0.010231
0.413143
0.715160
0.461599
0.782519
1.000000
0.010211
0.536319
0.645696
0.586808
0.717743
1.000000
0.010210
0.665486
0.457906
0.705000
0.518903
1.000000
0.010177
0.215651
0.532824
0.317736
0.661377
1.000000
0.010166
0.788850
0.653742
0.834246
0.712033
1.000000
0.010162
0.494036
0.915068
0.533189
0.974078
1.000000
0.010149
0.270981
0.328547
0.304171
0.380885
1.000000
0.010125
0.966177
0.621419
1.000087
0.683952
1.000000
0.010090
0.589030
0.391056
0.631765
0.453391
1.000000
0.010090
0.887449
0.953408
0.931933
0.999670
1.000000
0.010079
0.348627
0.516455
0.390269
0.576176
1.000000
0.010048
0.493461
0.950890
0.534088
0.997959
1.000000
0.010019
0.812983
0.754798
0.860481
0.811200
