1.000000
0.874966
0.347110
0.338360
0.520961
0.640437
1.000000
0.028146
0.614836
0.911426
0.703998
0.994096
1.000000
0.026204
-0.007701
0.755487
0.266970
1.006453
1.000000
0.025392
0.301933
0.319260
0.663330
0.918537
1.000000
0.021680
0.561937
0.923944
0.612458
0.982673
1.000000
0.021418
0.389567
0.345639
0.440053
0.425905
1.000000
0.021217
0.345548
0.451269
0.385934
0.515863
1.000000
0.020794
0.521965
0.406204
0.615268
0.566153
1.000000
0.020766
0.541095
0.948029
0.586355
0.998706
1.000000
0.020542
0.586915
0.952277
0.635283
1.001067
1.000000
0.020339
0.329956
0.431967
0.432578
0.618038
1.000000
0.020197
0.136320
0.155729
0.509279
0.737465
1.000000
0.019301
0.438957
0.346196
0.567652
0.535056
1.000000
0.019192
0.615587
0.950014
0.664354
0.999113
1.000000
0.019130
0.363528
0.388445
0.410566
0.459541
1.000000
0.018376
0.659012
0.947219
0.703994
0.995809
1.000000
0.018368
0.529776
0.436502
0.580246
0.516450
1.000000
0.018277
0.751044
0.724074
1.020439
1.027087
1.000000
0.018112
0.687177
0.538796
0.779944
0.686504
1.000000
0.017669
0.322939
0.319861
0.436472
0.501863
1.000000
0.017380
0.408045
0.379821
0.463715
0.462229
1.000000
0.017318
0.346090
0.506728
0.391348
0.580694
1.000000
0.016720
0.543697
0.895255
0.646764
0.999517
1.000000
0.016666
0.366089
0.322432
0.413341
0.396499
1.000000
0.016322
0.466545
0.792293
0.552264
0.934721
1.000000
0.016120
0.686488
0.675029
0.779387
0.811423
1.000000
0.016076
0.562279
0.491274
0.666514
0.657008
1.000000
0.015857
0.855124
0.838572
0.992601
1.009030
1.000000
0.015845
0.326463
0.423315
0.363551
0.481073
1.000000
0.015684
0.273144
0.465339
0.368840
0.625691
1.000000
0.015630
0.407244
0.319886
0.460036
0.400041
1.000000
0.015603
0.816283
0.951552
0.860820
0.998229
1.000000
0.015524
0.714430
0.311929
0.996283
0.849056
1.000000
0.015398
0.659098
0.607533
0.759299
0.748700
1.000000
0.015361
0.058485
0.559684
0.285712
0.831117
1.000000
0.015285
0.566970
0.847539
0.747612
1.019121
1.000000
0.014944
0.641441
0.484917
0.735434
0.633332
1.000000
0.014808
0.617708
0.573041
0.717955
0.713792
1.000000
0.014457
0.765702
0.484280
0.803011
0.542639
1.000000
0.014393
0.509254
0.853604
0.549438
0.921084
1.000000
0.014387
0.713682
0.615532
0.806618
0.751729
1.000000
0.014286
0.503003
0.904112
0.584765
1.006356
1.000000
0.014217
0.291845
0.710515
0.726954
1.023959
1.000000
0.014115
0.402510
0.530693
0.526716
0.728757
1.000000
0.014084
0.688677
0.653882
0.735482
0.714762
1.000000
0.014074
0.642159
0.902875
0.687557
0.958592
1.000000
0.014042
0.147142
0.608159
0.260341
0.748297
1.000000
0.013862
0.222406
0.667071
0.466821
0.970687
1.000000
0.013820
0.715401
0.960288
0.754562
1.001669
1.000000
0.013807
0.764528
0.440702
0.861288
0.600373
1.000000
0.013789
0.509346
0.819469
0.600022
0.954622
1.000000
0.013779
0.725340
0.483062
0.812601
0.631059
1.000000
0.013707
0.740550
0.686096
0.783383
0.742875
1.000000
0.013624
0.386535
0.446053
0.436607
0.518333
1.000000
0.013479
0.520191
0.950916
0.560828
0.998762
1.000000
0.013460
0.679894
0.917758
0.768840
1.009380
1.000000
0.013452
0.692164
0.516109
0.734457
0.582276
1.000000
0.013166
0.591431
0.896418
0.636322
0.950088
1.000000
0.013163
0.663199
0.580494
0.712166
0.651445
1.000000
0.013089
0.963376
0.950763
0.998744
0.998051
1.000000
0.013021
0.618039
0.896803
0.662859
0.950847
1.000000
0.012908
0.780650
0.912974
0.863433
1.004966
1.000000
0.012704
0.691523
0.686616
0.737700
0.745869
1.000000
0.012678
0.767920
0.520508
0.806349
0.578531
1.000000
0.012630
0.770351
0.955110
0.808752
0.998475
1.000000
0.012567
0.325857
0.483841
0.365046
0.544926
1.000000
0.012480
0.516600
0.790230
0.557008
0.849567
1.000000
0.012452
0.717182
0.717801
0.758680
0.774091
1.000000
0.012180
0.812914
0.720493
0.859413
0.777133
1.000000
0.012095
0.009708
0.945989
0.061459
0.999653
1.000000
0.012087
0.764447
0.531139
0.869055
0.696151
1.000000
0.012017
0.667043
0.517475
0.710846
0.584372
1.000000
0.012006
0.324230
0.515957
0.365661
0.579101
1.000000
0.012004
0.664263
0.650273
0.710560
0.712300
1.000000
0.011985
0.763817
0.656893
0.806368
0.714013
1.000000
0.011966
0.488738
0.382988
0.538621
0.455018
1.000000
0.011966
0.347087
0.352420
0.388653
0.418028
1.000000
0.011852
0.491739
0.952994
0.534641
1.001612
1.000000
0.011825
0.088518
0.551377
0.217973
0.696764
1.000000
0.011804
0.563236
0.416657
0.763475
0.705096
1.000000
0.011736
0.818272
0.456237
0.857698
0.515182
1.000000
0.011736
0.715283
0.658964
0.760073
0.717825
1.000000
0.011715
0.816599
0.521865
0.857030
0.580325
1.000000
0.011702
0.591861
0.862428
0.633418
0.914302
1.000000
0.011625
0.406642
0.730348
0.520207
0.886268
1.000000
0.011601
0.964318
0.549313
0.998104
0.611129
1.000000
0.011584
0.208556
0.573476
0.314079
0.714506
1.000000
0.011572
0.013599
0.615490
0.056935
0.682221
1.000000
0.011551
0.461797
0.347328
0.510244
0.424623
1.000000
0.011546
0.358916
0.475926
0.410821
0.553304
1.000000
0.011519
0.316355
0.547147
0.422389
0.718503
1.000000
0.011453
0.962438
0.448770
0.999095
0.520140
1.000000
0.011438
0.785065
0.669552
0.887774
0.812113
1.000000
0.011407
0.686044
0.613087
0.734012
0.679053
1.000000
0.011373
0.818117
0.488828
0.857504
0.547438
1.000000
0.011356
0.491693
0.907702
0.536202
0.974351
1.000000
0.011265
0.747523
0.520479
0.784294
0.577050
1.000000
0.011257
0.563997
0.856396
0.607384
0.914139
1.000000
0.011250
0.644304
0.518562
0.685845
0.582956
1.000000
0.011224
0.713899
0.549968
0.756709
0.616386
1.000000
0.011172
0.812605
0.652166
0.858954
0.711085
1.000000
0.011166
0.538662
0.790955
0.577836
0.845534
1.000000
0.011160
0.688390
0.956296
0.730608
1.000772
1.000000
0.011107
0.361040
0.533956
0.413574
0.610361
1.000000
0.011097
0.751225
0.456439
0.785209
0.510386
1.000000
0.011097
0.582714
0.410513
0.684940
0.569285
1.000000
0.011011
0.536366
0.855172
0.579258
0.913369
1.000000
0.011001
0.716944
0.490159
0.750037
0.543118
1.000000
0.010949
0.189983
0.403117
0.380791
0.691502
1.000000
0.010941
0.561678
0.610564
0.669995
0.761088
1.000000
0.010911
0.866436
0.952489
0.911108
0.999209
1.000000
0.010866
0.670286
0.427031
0.757542
0.566588
1.000000
0.010783
0.790371
0.524628
0.831324
0.580818
1.000000
0.010780
0.792823
0.952048
0.835433
0.998347
1.000000
0.010748
0.790796
0.586893
0.833230
0.645776
1.000000
0.010740
0.617013
0.862779
0.658508
0.915485
1.000000
0.010689
0.764436
0.719851
0.808899
0.777498
1.000000
0.010651
0.738739
0.582567
0.783647
0.647833
1.000000
0.010626
0.769264
0.752051
0.865156
0.882349
1.000000
0.010597
0.816158
0.889511
0.923979
1.005512
1.000000
0.010565
0.765766
0.585328
0.808351
0.648198
1.000000
0.010537
0.840002
0.954436
0.885175
1.000564
1.000000
0.010486
0.329181
0.675780
0.452071
0.834119
1.000000
0.010462
0.020505
0.423965
0.459650
0.991524
1.000000
0.010453
0.772164
0.921331
0.811651
0.977891
1.000000
0.010392
0.698260
0.463707
0.732975
0.516483
1.000000
0.010332
0.055341
0.506314
0.165009
0.646913
1.000000
0.010332
0.265301
0.707889
0.383043
0.860153
1.000000
0.010330
0.214633
0.951679
0.262338
1.000002
1.000000
0.010325
0.004143
0.589104
0.036049
0.647438
1.000000
0.010311
0.054818
0.871456
0.186260
1.001383
1.000000
0.010287
0.609458
0.669563
0.718631
0.806039
1.000000
0.010285
0.814360
0.587043
0.857149
0.647247
1.000000
0.010276
0.062273
0.391328
0.155584
0.545078
1.000000
0.010176
0.435484
0.321640
0.488014
0.395245
1.000000
0.010173
0.720303
0.459921
0.752917
0.511977
1.000000
0.010146
0.933973
0.920458
0.985753
0.988552
1.000000
0.010095
0.492240
0.440170
0.548779
0.518342
1.000000
0.010085
0.282562
0.349638
0.375954
0.509077
1.000000
0.010085
0.441961
0.661372
0.551094
0.817785
1.000000
0.010078
0.472035
0.469262
0.577865
0.665957
1.000000
0.010069
0.642696
0.867915
0.682989
0.918583
1.000000
0.010060
0.016333
0.556254
0.055481
0.616012
1.000000
0.010058
-0.002494
0.749891
0.068660
0.870801
1.000000
0.010042
0.766798
0.620869
0.807490
0.678983
