1.000000
0.978453
0.388860
0.367867
0.539109
0.625844
1.000000
0.048012
0.351752
0.323184
0.663800
0.865656
1.000000
0.036307
0.622025
0.438464
1.051547
1.108901
1.000000
0.029648
0.650229
0.538814
0.732059
0.668503
1.000000
0.028242
0.385956
0.287647
0.494708
0.462242
1.000000
0.027266
0.735163
0.714288
1.019682
1.014364
1.000000
0.026434
-0.010403
0.746429
0.237186
1.002373
1.000000
0.024762
0.585561
0.547657
0.679508
0.681479
1.000000
0.023709
0.530428
0.411722
0.619790
0.567481
1.000000
0.020377
0.485687
0.381814
0.538184
0.464663
1.000000
0.019715
0.554526
0.610393
0.657620
0.749122
1.000000
0.019297
0.266226
0.950429
0.307352
0.995409
1.000000
0.019182
0.515665
0.707089
0.612594
0.834728
1.000000
0.018865
0.672101
0.550350
0.714381
0.615293
1.000000
0.018560
0.691469
0.576357
0.777139
0.716378
1.000000
0.018314
0.312722
0.534972
0.414716
0.681272
1.000000
0.017933
0.962586
0.949036
0.999560
0.998165
1.000000
0.017778
0.557507
0.724764
0.603002
0.781493
1.000000
0.017440
0.537517
0.482450
0.586531
0.554453
1.000000
0.017252
0.691217
0.530039
0.729165
0.587457
1.000000
0.017236
0.389283
0.309422
0.435322
0.387867
1.000000
0.017099
0.618860
0.607676
0.711963
0.736097
1.000000
0.017019
0.388855
0.386899
0.435218
0.460181
1.000000
0.016980
0.070884
0.216093
0.497773
0.872344
1.000000
0.016953
0.643670
0.582140
0.687341
0.646172
1.000000
0.016880
0.556757
0.480132
0.649009
0.625275
1.000000
0.016407
0.673335
0.653193
0.762458
0.783584
1.000000
0.016391
0.587258
0.438583
0.758105
0.705130
1.000000
0.016153
0.643299
0.616630
0.685955
0.678462
1.000000
0.016034
0.483044
0.438549
0.537538
0.523415
1.000000
0.015990
0.643074
0.655716
0.684623
0.710431
1.000000
0.015863
0.569785
0.684214
0.667833
0.817128
1.000000
0.015738
0.509149
0.350163
0.554164
0.427464
1.000000
0.015603
0.687215
0.576785
0.730363
0.643487
1.000000
0.015542
0.923304
0.885575
1.000598
0.996321
1.000000
0.015462
0.461099
0.348411
0.512616
0.427633
1.000000
0.015367
0.005047
0.526676
0.359150
1.092923
1.000000
0.015356
0.313101
0.703320
0.413267
0.869054
1.000000
0.015322
0.690927
0.656044
0.733960
0.711277
1.000000
0.015211
0.435943
0.313294
0.489413
0.396298
1.000000
0.015173
0.590697
0.582235
0.635173
0.648992
1.000000
0.015039
0.447055
0.296144
0.560149
0.469451
1.000000
0.015019
0.487843
0.320761
0.538167
0.398037
1.000000
0.014782
0.615771
0.553703
0.656247
0.615665
1.000000
0.014691
0.246151
0.954128
0.285534
0.997495
1.000000
0.014615
0.583466
0.722777
0.628335
0.779915
1.000000
0.014594
0.715496
0.658250
0.756592
0.713454
1.000000
0.014430
0.510687
0.412495
0.555106
0.489370
1.000000
0.014383
0.626435
0.459670
0.708218
0.599213
1.000000
0.014345
0.668518
0.614045
0.710526
0.676358
1.000000
0.014318
0.266663
0.523543
0.361435
0.654916
1.000000
0.014305
0.667668
0.655751
0.709543
0.710587
1.000000
0.014164
0.647596
0.521068
0.685495
0.581045
1.000000
0.014141
0.588154
0.417378
0.668805
0.555244
1.000000
0.014112
0.614203
0.614408
0.657394
0.678834
1.000000
0.014077
0.690454
0.617629
0.732103
0.677458
1.000000
0.013928
0.220045
0.960473
0.256780
0.999133
1.000000
0.013814
0.412749
0.343324
0.462032
0.423989
1.000000
0.013802
0.671200
0.493230
0.706053
0.548257
1.000000
0.013673
0.518070
0.724320
0.566182
0.782189
1.000000
0.013571
0.371373
0.419341
0.410087
0.481123
1.000000
0.013386
0.561829
0.511612
0.607854
0.582313
1.000000
0.013327
0.392087
0.575942
0.437969
0.646753
1.000000
0.013317
0.333382
0.398130
0.428793
0.560161
1.000000
0.013242
0.714997
0.621707
0.753717
0.678902
1.000000
0.013206
0.713549
0.681002
0.808171
0.815046
1.000000
0.013179
0.510675
0.535580
0.614927
0.688427
1.000000
0.013155
0.353683
0.460473
0.464780
0.622126
1.000000
0.013110
0.367611
0.549914
0.413278
0.612782
1.000000
0.013021
0.270594
0.667956
0.374671
0.825479
1.000000
0.012997
0.371458
0.349594
0.411065
0.416438
1.000000
0.012962
0.715105
0.949620
0.760755
0.997011
1.000000
0.012961
0.511425
0.506815
0.561274
0.583196
1.000000
0.012944
0.712379
0.552778
0.750314
0.608545
1.000000
0.012938
0.339469
0.578292
0.382133
0.641972
1.000000
0.012938
0.685853
0.492157
0.769220
0.627432
1.000000
0.012891
0.388355
0.447570
0.434552
0.520797
1.000000
0.012891
0.372006
0.482648
0.413311
0.546119
1.000000
0.012867
0.336660
0.772307
0.435463
0.938485
1.000000
0.012827
0.407891
0.282720
0.459052
0.357568
1.000000
0.012826
0.647962
0.711815
0.738566
0.848372
1.000000
0.012743
0.388598
0.512323
0.436835
0.585156
1.000000
0.012725
0.598423
0.452567
0.634231
0.513481
1.000000
0.012673
0.535866
0.419970
0.581691
0.490479
1.000000
0.012663
0.615614
0.516673
0.655250
0.583185
1.000000
0.012601
0.715806
0.687233
0.758057
0.743353
1.000000
0.012595
0.317497
0.956286
0.356041
0.999209
1.000000
0.012536
0.685391
0.428117
0.872857
0.710469
1.000000
0.012489
0.713380
0.585868
0.751854
0.644550
1.000000
0.012487
0.589743
0.515420
0.631852
0.583375
1.000000
0.012467
0.496578
0.724335
0.539218
0.776051
1.000000
0.012442
0.242063
0.430243
0.430683
0.703416
1.000000
0.012428
0.341624
0.722151
0.382433
0.780793
1.000000
0.012399
0.439036
0.385928
0.491277
0.462124
1.000000
0.012328
0.736840
0.578811
0.834341
0.724780
1.000000
0.012294
0.470726
0.722110
0.509935
0.773953
1.000000
0.012289
0.252714
0.909709
0.326479
0.999927
1.000000
0.012256
0.617397
0.482742
0.653478
0.546165
1.000000
0.012161
0.690512
0.687671
0.734864
0.745624
1.000000
0.012109
0.214834
0.754096
0.305628
0.889283
1.000000
0.011993
0.563293
0.453932
0.604312
0.519575
1.000000
0.011988
0.481569
0.613639
0.589595
0.762579
1.000000
0.011977
0.191735
0.959108
0.232010
1.000208
1.000000
0.011947
0.642924
0.688088
0.685208
0.744666
1.000000
0.011946
0.612077
0.718788
0.654357
0.776068
1.000000
0.011937
0.507987
0.560394
0.705281
0.837782
1.000000
0.011858
0.434579
0.568198
0.494724
0.652305
1.000000
0.011823
0.670710
0.955631
0.709373
0.997092
1.000000
0.011744
0.613920
0.652060
0.657691
0.712406
1.000000
0.011693
0.269791
0.781541
0.366876
0.932302
1.000000
0.011683
0.615084
0.688902
0.657050
0.746471
1.000000
0.011670
0.293470
0.721045
0.334314
0.777886
1.000000
0.011641
0.539843
0.546388
0.586044
0.611671
1.000000
0.011637
0.217489
0.728625
0.257045
0.780497
1.000000
0.011616
0.152772
0.573961
0.258590
0.717907
1.000000
0.011579
0.669120
0.715491
0.712440
0.774417
1.000000
0.011535
0.162002
0.751714
0.256010
0.882215
1.000000
0.011521
0.567215
0.582399
0.610510
0.647402
1.000000
0.011490
0.611832
0.750547
0.708003
0.888127
1.000000
0.011441
0.388499
0.712269
0.480319
0.858129
1.000000
0.011432
0.822880
0.524069
0.862500
0.575024
1.000000
0.011300
0.265581
0.791762
0.305850
0.845063
1.000000
0.011267
0.784492
0.539473
0.887776
0.687125
1.000000
0.011255
0.366927
0.589479
0.477786
0.747903
1.000000
0.011245
0.322416
0.823066
0.359943
0.878635
1.000000
0.011107
0.107576
0.877459
0.210077
0.996137
1.000000
0.011090
0.499602
0.368675
0.679797
0.634924
1.000000
0.011069
0.192300
0.684777
0.281264
0.817871
1.000000
0.011036
0.265021
0.827815
0.305507
0.880814
1.000000
0.011035
0.681816
0.912187
0.766899
1.003872
1.000000
0.010986
0.167691
0.957252
0.206948
0.998361
1.000000
0.010970
0.211203
0.579215
0.311469
0.715365
1.000000
0.010922
0.247631
0.598265
0.436908
0.905613
1.000000
0.010921
0.617813
0.424233
0.652696
0.484214
1.000000
0.010871
0.008967
0.941700
0.060230
0.998755
1.000000
0.010829
0.457703
0.412072
0.514849
0.499318
1.000000
0.010802
0.536170
0.739355
0.586018
0.803082
1.000000
0.010711
0.647881
0.492216
0.682809
0.548222
1.000000
0.010694
0.612756
0.756435
0.654628
0.811258
1.000000
0.010664
0.510716
0.577693
0.556970
0.647796
1.000000
0.010626
0.695300
0.495522
0.729768
0.548393
1.000000
0.010599
0.321464
0.789938
0.358446
0.844216
1.000000
0.010548
0.267617
0.859318
0.305920
0.914465
1.000000
0.010513
0.287468
0.954454
0.330129
0.999641
1.000000
0.010474
0.764013
0.655069
0.806485
0.710831
1.000000
0.010430
0.241438
0.793734
0.279109
0.843710
1.000000
0.010427
0.329026
0.286982
0.425502
0.434357
1.000000
0.010412
0.318881
0.722036
0.360726
0.781241
1.000000
0.010403
0.540950
0.581064
0.587422
0.646165
1.000000
0.010401
0.194352
0.730499
0.235580
0.781924
1.000000
0.010164
0.141284
0.956624
0.182997
1.000007
1.000000
0.010161
0.366406
0.722010
0.405766
0.778989
1.000000
0.010151
0.547578
0.216651
0.898654
0.777661
1.000000
0.010148
0.457021
0.283631
0.508074
0.356876
1.000000
0.010131
0.714718
0.716740
0.758573
0.778467
1.000000
0.010083
0.740874
0.658529
0.782200
0.712674
1.000000
0.010035
0.447749
0.681033
0.544318
0.808553
1.000000
0.010033
0.643136
0.794124
0.681491
0.843601
1.000000
0.010014
0.817646
0.950458
0.861178
0.995841
1.000000
0.010002
0.217397
0.789784
0.256359
0.842287
