1.000000
0.532022
0.322872
0.378167
0.483457
0.626954
1.000000
0.039509
0.319946
0.451381
0.364650
0.517872
1.000000
0.037454
0.362507
0.384241
0.412685
0.456180
1.000000
0.035772
0.339453
0.422010
0.389292
0.494731
1.000000
0.035684
-0.010864
0.759425
0.268915
1.001194
1.000000
0.035181
0.412626
0.409508
0.529221
0.574995
1.000000
0.034034
0.484890
0.445602
0.532226
0.520190
1.000000
0.029016
0.355092
0.445047
0.410855
0.521143
1.000000
0.027613
0.292319
0.509887
0.704533
1.082604
1.000000
0.025690
0.408360
0.384538
0.460414
0.456099
1.000000
0.024695
0.466918
0.422364
0.513930
0.495578
1.000000
0.024589
0.384086
0.414053
0.439810
0.493325
1.000000
0.024196
0.341918
0.468974
0.561689
0.782715
1.000000
0.023913
0.387642
0.357864
0.434426
0.418851
1.000000
0.023562
0.336527
0.509757
0.386848
0.586214
1.000000
0.022814
0.296909
0.409325
0.394570
0.561558
1.000000
0.022373
0.153056
0.215987
0.484850
0.755123
1.000000
0.021341
0.550627
0.864555
0.666914
0.984878
1.000000
0.020584
0.717421
0.542060
0.810351
0.685246
1.000000
0.019555
0.636254
0.676740
0.739455
0.810820
1.000000
0.019508
0.740477
0.416618
0.934278
0.714842
1.000000
0.019489
0.434091
0.415300
0.490172
0.492367
1.000000
0.019339
0.566169
0.495601
0.670262
0.649928
1.000000
0.018933
0.346045
0.359160
0.389986
0.419559
1.000000
0.018329
0.403497
0.621548
0.519076
0.768945
1.000000
0.018301
0.542529
0.718741
0.917370
1.014802
1.000000
0.018148
0.319279
0.393064
0.362747
0.458201
1.000000
0.017936
0.585822
0.952750
0.636183
1.001794
1.000000
0.017578
0.627178
0.535897
0.726450
0.671743
1.000000
0.017254
0.406088
0.443612
0.461455
0.520457
1.000000
0.017135
0.581752
0.913623
0.636185
0.979239
1.000000
0.017092
0.692972
0.514736
0.735372
0.578883
1.000000
0.016964
0.606518
0.611104
0.713354
0.745914
1.000000
0.016872
0.714979
0.618918
0.807454
0.755835
1.000000
0.016487
0.667605
0.482641
0.754332
0.619906
1.000000
0.016120
0.472625
0.396211
0.564936
0.541864
1.000000
0.015812
0.766574
0.519254
0.805632
0.576644
1.000000
0.015763
0.633989
0.860041
0.679716
0.912803
1.000000
0.015716
0.963561
0.948713
0.998568
0.996814
1.000000
0.015701
0.732634
0.446771
0.813025
0.582870
1.000000
0.015448
0.862571
0.834064
0.992199
1.005105
1.000000
0.015245
0.562440
0.672472
0.669728
0.811588
1.000000
0.015162
0.762857
0.455998
0.801605
0.514731
1.000000
0.015046
0.609283
0.876476
0.731807
0.993353
1.000000
0.014748
0.318854
0.542534
0.365194
0.609307
1.000000
0.014742
0.213266
0.949629
0.261975
0.999755
1.000000
0.014728
0.963050
0.548987
0.997479
0.609935
1.000000
0.014711
0.408434
0.730863
0.522600
0.878841
1.000000
0.014371
0.790558
0.385597
0.895238
0.543467
1.000000
0.014318
0.618804
0.452259
0.654952
0.514575
1.000000
0.014277
0.635907
0.579738
0.684655
0.649790
1.000000
0.014187
0.588042
0.862704
0.638381
0.917445
1.000000
0.014132
0.660398
0.954538
0.709773
1.002262
1.000000
0.014125
0.466252
0.468169
0.518571
0.547944
1.000000
0.014122
0.938756
0.917490
0.987468
0.986571
1.000000
0.014093
0.619806
0.790902
0.728934
0.920592
1.000000
0.014023
0.707550
0.526354
1.008824
1.088343
1.000000
0.013954
0.512414
0.544035
0.731138
0.819367
1.000000
0.013890
0.542662
0.909624
0.590566
0.972804
1.000000
0.013882
0.764608
0.498610
0.866479
0.658014
1.000000
0.013758
0.508320
0.478359
0.550612
0.544798
1.000000
0.013751
0.511310
0.609344
0.614795
0.757066
1.000000
0.013747
0.278912
0.495019
0.379465
0.650701
1.000000
0.013608
0.712489
0.953957
0.757868
1.001029
1.000000
0.013555
0.391676
0.338577
0.514862
0.494201
1.000000
0.013515
0.337728
0.319514
0.441050
0.458461
1.000000
0.013373
0.475851
0.410923
0.672253
0.691600
1.000000
0.013351
0.589659
0.576430
0.639489
0.646620
1.000000
0.013244
0.668632
0.516621
0.710110
0.580517
1.000000
0.013181
0.381973
0.473370
0.438655
0.551195
1.000000
0.013170
0.356287
0.539378
0.411056
0.615740
1.000000
0.013140
0.555702
0.748707
0.671320
0.896557
1.000000
0.013134
0.766329
0.621155
0.806760
0.677817
1.000000
0.013094
0.429986
0.205498
0.813226
0.762063
1.000000
0.013024
0.691492
0.579406
0.735941
0.643478
1.000000
0.012973
0.691919
0.686375
0.737540
0.746093
1.000000
0.012959
0.589435
0.657318
0.633757
0.716200
1.000000
0.012955
0.737274
0.689178
0.784713
0.749375
1.000000
0.012897
0.590023
0.423189
0.680298
0.572268
1.000000
0.012826
0.486235
0.739421
0.585457
0.884721
1.000000
0.012745
0.559523
0.883214
0.607811
0.941187
1.000000
0.012681
0.508829
0.439211
0.605751
0.594431
1.000000
0.012675
0.612299
0.513109
0.656233
0.582516
1.000000
0.012673
0.698264
0.463346
0.734037
0.518176
1.000000
0.012673
0.738385
0.582243
0.783483
0.647045
1.000000
0.012632
0.436714
0.475163
0.490844
0.551915
1.000000
0.012532
0.715250
0.490507
0.748953
0.544340
1.000000
0.012518
0.488099
0.501595
0.534609
0.573223
1.000000
0.012515
0.638409
0.686446
0.685801
0.747842
1.000000
0.012473
0.644982
0.518257
0.685636
0.581960
1.000000
0.012351
0.614379
0.684828
0.659171
0.747423
1.000000
0.012351
0.518819
0.956678
0.559010
0.999881
1.000000
0.012337
0.487759
0.393925
0.531905
0.460935
1.000000
0.012328
0.765354
0.586740
0.807485
0.648101
1.000000
0.012309
0.541379
0.951164
0.587978
1.000351
1.000000
0.012301
0.587176
0.511132
0.633176
0.582863
1.000000
0.012298
0.631996
0.914575
0.686958
0.982484
1.000000
0.012283
0.436993
0.360591
0.483140
0.423015
1.000000
0.012181
0.623390
0.419186
0.806173
0.707876
1.000000
0.012167
0.690164
0.718156
0.737269
0.781784
1.000000
0.012062
0.638791
0.653697
0.684953
0.712781
1.000000
0.012001
0.763826
0.654568
0.806393
0.711299
1.000000
0.011985
0.963407
0.452070
0.999479
0.521044
1.000000
0.011974
0.815268
0.521093
0.857029
0.579724
1.000000
0.011958
0.477921
0.526376
0.578052
0.698552
1.000000
0.011902
0.234852
0.310647
0.414089
0.597783
1.000000
0.011879
0.368876
0.336940
0.409761
0.394422
1.000000
0.011835
0.521565
0.917303
0.563669
0.973919
1.000000
0.011831
0.738927
0.657493
0.784405
0.715545
1.000000
0.011736
0.684304
0.911257
0.774667
1.005887
1.000000
0.011678
0.713881
0.550003
0.756460
0.613710
1.000000
0.011673
0.195729
0.876944
0.298546
0.994658
1.000000
0.011662
0.741601
0.619630
0.785455
0.678703
1.000000
0.011646
0.617221
0.609357
0.664766
0.674924
1.000000
0.011592
0.720758
0.459064
0.753935
0.512276
1.000000
0.011582
0.303228
0.427344
0.343069
0.485487
1.000000
0.011561
0.692770
0.707741
0.780445
0.841797
1.000000
0.011556
0.665010
0.688102
0.709849
0.746886
1.000000
0.011498
0.816573
0.451718
0.859248
0.514104
1.000000
0.011488
0.598899
0.457064
0.635427
0.518608
1.000000
0.011457
0.509618
0.424220
0.551361
0.488915
1.000000
0.011428
0.299604
0.516096
0.340981
0.578796
1.000000
0.011325
0.790850
0.589861
0.831542
0.645231
1.000000
0.011203
0.760026
0.669825
0.865043
0.814053
1.000000
0.011203
0.692763
0.618879
0.735852
0.679098
1.000000
0.011160
0.189567
0.743138
0.299492
0.881698
1.000000
0.011158
0.339402
0.571229
0.387308
0.644099
1.000000
0.011112
0.717448
0.618022
0.759959
0.678089
1.000000
0.011031
0.240130
0.713727
0.356275
0.854356
1.000000
0.011030
0.316687
0.540200
0.424532
0.710139
1.000000
0.010963
0.296467
0.550242
0.340029
0.611661
1.000000
0.010928
0.301972
0.483084
0.341768
0.542861
1.000000
0.010928
0.815318
0.589117
0.856749
0.646778
1.000000
0.010832
0.660123
0.613321
0.705236
0.674759
1.000000
0.010820
0.540917
0.583027
0.585099
0.648282
1.000000
0.010795
0.841480
0.952949
0.886608
0.999977
1.000000
0.010768
0.389238
0.715479
0.438490
0.779281
1.000000
0.010724
0.462970
0.360357
0.505589
0.422326
1.000000
0.010706
0.057092
0.877840
0.187552
0.997972
1.000000
0.010631
0.321124
0.359048
0.359917
0.417021
1.000000
0.010598
0.683286
0.549447
0.873362
0.831449
1.000000
0.010563
0.502287
0.806288
0.602411
0.946699
1.000000
0.010554
0.665829
0.549460
0.707818
0.613219
1.000000
0.010520
0.539619
0.452630
0.580165
0.516511
1.000000
0.010501
0.438858
0.710884
0.492684
0.776716
1.000000
0.010494
0.641766
0.453138
0.678874
0.511414
1.000000
0.010470
0.331405
0.670427
0.456812
0.825955
1.000000
0.010463
0.542918
0.867112
0.586335
0.921089
1.000000
0.010453
0.364406
0.612994
0.412527
0.683626
1.000000
0.010448
0.814884
0.621363
0.857448
0.678473
1.000000
0.010424
0.565404
0.653852
0.609208
0.714958
1.000000
0.010377
0.668345
0.752633
0.713173
0.810430
1.000000
0.010358
0.717552
0.716210
0.763469
0.780316
1.000000
0.010354
0.187361
0.529620
0.407187
0.814982
1.000000
0.010347
0.009639
0.947199
0.061121
1.000278
1.000000
0.010311
0.458402
0.683916
0.509295
0.752697
1.000000
0.010294
0.277279
0.330780
0.377278
0.473987
1.000000
0.010252
0.053808
0.781109
0.171338
0.923078
1.000000
0.010231
0.411868
0.331072
0.455428
0.390265
1.000000
0.010212
0.812999
0.652359
0.858212
0.709568
1.000000
0.010192
0.788013
0.522666
0.830993
0.579659
1.000000
0.010133
0.473361
0.911681
0.560317
1.010264
1.000000
0.010120
0.568878
0.487986
0.610706
0.553679
1.000000
0.010102
0.612009
0.875968
0.661914
0.936536
1.000000
0.010048
0.111258
0.547551
0.217494
0.690098
1.000000
0.010035
0.750610
0.487002
0.786057
0.543503
