1.000000
0.907970
0.306584
0.273126
0.493923
0.566417
1.000000
0.037390
-0.010565
0.618989
0.318897
1.074469
1.000000
0.032752
0.797168
0.911904
0.856139
0.990836
1.000000
0.032581
0.800982
-0.006248
0.966713
0.191256
1.000000
0.032195
-0.002449
-0.002120
0.070477
0.157934
1.000000
0.031145
0.126538
-0.005052
0.321702
0.158054
1.000000
0.029901
0.937240
0.947849
0.986501
1.000525
1.000000
0.029310
0.868800
0.922593
0.917401
0.989125
1.000000
0.027517
0.046779
0.603732
0.170326
0.739325
1.000000
0.027450
0.728256
0.274737
0.855081
0.416210
1.000000
0.026986
0.428651
0.292145
0.534917
0.463830
1.000000
0.025819
0.467673
0.342463
0.519088
0.424734
1.000000
0.025564
0.825935
0.903344
0.935425
1.003525
1.000000
0.025008
0.964100
0.149629
0.996934
0.205986
1.000000
0.024777
0.176638
0.357943
0.593902
0.946948
1.000000
0.024577
0.852780
0.119475
0.902312
0.182012
1.000000
0.024408
0.909776
0.948447
0.957840
0.999619
1.000000
0.023969
0.866337
0.837897
0.991666
1.002109
1.000000
0.023571
0.609347
0.165794
0.956619
0.705367
1.000000
0.022738
0.965497
0.020635
0.999654
0.083475
1.000000
0.022690
0.961797
0.920029
0.999391
0.987059
1.000000
0.022301
0.086273
0.019967
0.209942
0.149728
1.000000
0.022246
0.215808
0.952230
0.258025
0.997492
1.000000
0.021947
0.047817
0.759853
0.158086
0.899713
1.000000
0.021524
0.008490
0.917494
0.058951
0.984254
1.000000
0.020947
0.011772
0.630063
0.197107
0.871600
1.000000
0.020501
0.516459
0.954974
0.560697
0.998608
1.000000
0.020492
0.766555
0.944652
0.818864
1.000131
1.000000
0.019975
-0.000144
0.943643
0.037779
0.995470
1.000000
0.019967
0.967484
0.088178
0.997582
0.148799
1.000000
0.019840
0.836244
0.949244
0.888126
1.003421
1.000000
0.019836
0.861603
0.283968
0.920523
0.352938
1.000000
0.019791
0.633249
0.875111
0.732656
0.991144
1.000000
0.019506
0.172983
0.913488
0.259772
1.004747
1.000000
0.019432
0.919642
0.731768
0.998409
0.879069
1.000000
0.019387
0.592721
0.247669
0.719652
0.393448
1.000000
0.019330
0.561841
0.920479
0.611149
0.981144
1.000000
0.019243
0.796079
0.261587
0.921453
0.392700
1.000000
0.019217
0.962366
0.849966
0.999639
0.918199
1.000000
0.019002
0.089856
0.014033
0.146492
0.095441
1.000000
0.018780
0.868313
0.891897
0.909289
0.949408
1.000000
0.018687
0.268959
0.953590
0.307651
0.995506
1.000000
0.018681
0.161400
-0.003886
0.221574
0.056815
1.000000
0.018485
0.716167
0.954078
0.758903
1.001027
1.000000
0.018367
0.205202
-0.003563
0.268468
0.061053
1.000000
0.018197
0.960322
0.778381
0.998171
0.848146
1.000000
0.017974
0.836961
0.004005
0.886104
0.052414
1.000000
0.017933
0.164583
0.954338
0.209408
1.000007
1.000000
0.017892
0.317884
0.953508
0.355483
0.995700
1.000000
0.017847
-0.002342
0.693753
0.066354
0.801981
1.000000
0.017847
0.890071
0.892155
0.931324
0.951669
1.000000
0.017710
0.539058
0.952811
0.585933
0.999566
1.000000
0.017691
0.964594
0.814690
0.999925
0.882351
1.000000
0.017673
0.908786
0.193393
0.999675
0.313977
1.000000
0.017643
0.961716
0.286514
0.999513
0.345792
1.000000
0.017543
0.743449
0.950167
0.790791
1.002068
1.000000
0.017539
0.892438
0.278928
0.993254
0.399651
1.000000
0.017484
0.966424
0.219094
1.001220
0.276720
1.000000
0.017455
0.964436
0.181433
1.000331
0.242775
1.000000
0.017427
0.013299
0.788656
0.058774
0.846363
1.000000
0.017354
0.711022
0.854912
0.883873
1.021452
1.000000
0.017346
0.713939
0.105663
0.926935
0.357742
1.000000
0.017325
0.967166
0.055926
0.998115
0.116320
1.000000
0.017115
0.012891
0.616560
0.058024
0.682933
1.000000
0.017115
0.512941
0.881415
0.622304
0.993353
1.000000
0.017100
0.966655
0.622619
0.998990
0.682492
1.000000
0.017072
0.930962
0.816490
1.003137
0.945938
1.000000
0.017003
0.139629
0.953518
0.183750
0.999218
1.000000
0.016785
0.662323
0.951157
0.709070
0.999898
1.000000
0.016675
-0.001212
0.625143
0.078083
0.740738
1.000000
0.016648
0.009818
0.754056
0.057647
0.817779
1.000000
0.016554
0.455045
0.225634
0.558075
0.386853
1.000000
0.016361
0.516088
0.200809
0.747394
0.477134
1.000000
0.016055
0.001497
0.548661
0.036112
0.613585
1.000000
0.016003
0.914374
0.653789
0.955907
0.714360
1.000000
0.015983
0.467174
0.958289
0.508026
0.999320
1.000000
0.015964
0.213292
0.888478
0.308627
0.997944
1.000000
0.015888
0.698085
0.909656
0.796466
1.006940
1.000000
0.015860
0.000805
-0.002548
0.041227
0.066104
1.000000
0.015741
0.241018
0.953839
0.281809
0.997128
1.000000
0.015595
-0.000534
0.224171
0.066479
0.346150
1.000000
0.015587
0.119406
0.914248
0.208828
1.006400
1.000000
0.015535
0.293470
0.952883
0.332693
0.996856
1.000000
0.015531
0.758244
0.615664
0.998002
1.025135
1.000000
0.015504
0.966383
0.554857
0.998536
0.613188
1.000000
0.015493
0.102532
0.744268
0.210427
0.884981
1.000000
0.015416
0.491073
0.955620
0.537524
1.000406
1.000000
0.015395
0.965684
0.352615
1.001151
0.411721
1.000000
0.015370
0.964597
0.318053
1.000818
0.379853
1.000000
0.015293
0.873846
0.653829
0.909925
0.705970
1.000000
0.015253
0.064966
0.615169
0.124443
0.699475
1.000000
0.015242
0.018320
0.861706
0.140269
0.996642
1.000000
0.015214
0.910245
0.620315
0.998724
0.782738
1.000000
0.015196
0.522126
0.851111
0.561682
0.900895
1.000000
0.015155
0.002226
0.890962
0.038653
0.952771
1.000000
0.014964
0.938230
0.130524
1.002033
0.231656
1.000000
0.014839
0.841953
0.889873
0.881875
0.945729
1.000000
0.014822
0.869475
0.824312
0.906469
0.877786
1.000000
0.014816
0.000389
0.650488
0.037113
0.713067
1.000000
0.014812
0.011025
0.555189
0.104789
0.688416
1.000000
0.014708
0.111739
0.607877
0.237356
0.752046
1.000000
0.014695
0.000655
0.582918
0.037500
0.647201
1.000000
0.014675
0.372688
0.228697
0.494266
0.393498
1.000000
0.014658
0.848914
0.677757
0.942408
0.823816
1.000000
0.014645
0.194642
0.675256
0.313206
0.827624
1.000000
0.014604
0.309524
0.380721
0.361491
0.454673
1.000000
0.014528
0.109823
-0.001369
0.161003
0.059615
1.000000
0.014515
0.227586
0.013291
0.291577
0.096269
1.000000
0.014463
0.868872
0.624990
0.905190
0.676065
1.000000
0.014450
0.159631
0.075580
0.219023
0.148346
1.000000
0.014437
0.965758
0.682229
0.999396
0.747261
1.000000
0.014437
0.654773
0.749612
0.750013
0.892187
1.000000
0.014355
0.889505
0.003081
0.933340
0.049025
1.000000
0.014351
0.131602
0.015557
0.194468
0.095421
1.000000
0.014339
0.114448
0.952505
0.159729
0.999022
1.000000
0.014312
0.266383
0.246442
0.385011
0.438055
1.000000
0.014271
0.488237
0.787424
0.524460
0.835176
1.000000
0.014263
0.871310
0.586785
0.908244
0.640056
1.000000
0.014216
0.179772
0.038462
0.251760
0.127512
1.000000
0.014214
0.911215
0.183302
0.957206
0.237492
1.000000
0.014195
0.272450
0.909236
0.355722
1.002601
1.000000
0.014113
0.120054
0.565652
0.353957
0.849092
1.000000
0.014076
0.966359
0.387107
1.000470
0.446742
1.000000
0.014074
0.419934
0.957732
0.456304
0.997862
1.000000
0.014041
0.475840
0.912507
0.568783
1.006017
1.000000
0.013988
-0.000303
0.685725
0.037752
0.748289
1.000000
0.013946
0.867606
0.862635
0.908659
0.918408
1.000000
0.013930
0.965299
0.720977
0.999656
0.786727
1.000000
0.013924
0.587590
0.954431
0.633875
1.000618
1.000000
0.013923
0.916528
0.856622
0.959727
0.916487
1.000000
0.013870
0.004146
0.760435
0.096697
0.887411
1.000000
0.013774
0.942221
-0.000280
0.987730
0.049060
1.000000
0.013745
0.001948
0.377990
0.037176
0.446746
1.000000
0.013685
0.112567
0.722613
0.162219
0.786604
1.000000
0.013676
0.854971
0.543243
0.939818
0.673326
1.000000
0.013667
0.688868
0.952186
0.736706
1.002182
1.000000
0.013649
0.967805
0.422357
1.000393
0.478289
1.000000
0.013620
0.928360
0.326486
1.006040
0.435330
1.000000
0.013598
-0.001104
0.524323
0.062842
0.642479
1.000000
0.013577
0.615430
0.953817
0.660598
0.999604
1.000000
0.013546
0.587467
0.906160
0.683212
1.004328
1.000000
0.013491
0.438448
0.316003
0.492579
0.391046
1.000000
0.013473
0.924376
0.756253
0.966311
0.817931
1.000000
0.013434
0.277368
0.037485
0.630904
0.494878
1.000000
0.013412
0.875385
0.557220
0.912719
0.610097
1.000000
0.013368
0.059205
0.229375
0.168707
0.377910
1.000000
0.013367
0.313153
0.416616
0.534950
0.729502
1.000000
0.013357
0.857697
0.026521
0.904931
0.084236
1.000000
0.013339
0.849132
0.066106
0.998159
0.286271
1.000000
0.013323
0.914818
0.008920
0.993242
0.122941
1.000000
0.013302
0.859745
0.346529
0.912324
0.412181
1.000000
0.013284
0.816253
0.826191
0.853354
0.877365
1.000000
0.013229
0.834505
0.194240
0.937575
0.320314
1.000000
0.013227
0.387954
0.279870
0.442363
0.356732
1.000000
0.013215
0.720743
0.752207
0.816504
0.883747
1.000000
0.013212
0.767111
0.891234
0.815588
0.956573
1.000000
0.013202
0.001168
0.818648
0.037404
0.874844
1.000000
0.013152
0.369752
0.956742
0.405594
0.997091
1.000000
0.013128
0.545257
0.818477
0.664391
0.952637
1.000000
0.013127
0.968240
0.453878
0.999903
0.512320
1.000000
0.013121
0.255959
-0.000641
0.309373
0.056202
1.000000
0.013015
0.816613
0.754617
0.914681
0.886918
1.000000
0.012991
0.825246
0.105346
0.921832
0.219960
1.000000
0.012967
0.601454
0.622117
0.704089
0.756711
1.000000
0.012962
0.010052
0.349949
0.052616
0.416194
1.000000
0.012961
0.259055
0.119565
0.305701
0.178499
1.000000
0.012897
0.892739
0.863329
0.933857
0.919714
1.000000
0.012891
0.969670
0.490636
1.000339
0.547060
1.000000
0.012830
0.838868
0.260275
0.889675
0.320081
1.000000
0.012809
0.062532
0.952431
0.110994
1.000841
1.000000
0.012687
0.012716
0.856122
0.058724
0.917624
1.000000
0.012670
0.415274
0.673022
0.515549
0.817752
1.000000
0.012658
0.105002
0.102530
0.229470
0.243107
1.000000
0.012600
0.801275
0.314275
0.855420
0.387683
1.000000
0.012592
0.400202
0.547739
0.516579
0.707015
1.000000
0.012570
0.640382
0.917806
0.689861
0.985892
1.000000
0.012521
0.840900
0.315092
0.893940
0.383806
1.000000
0.012480
0.968665
0.522679
0.999525
0.581825
1.000000
0.012468
0.207363
0.052793
0.416174
0.305984
1.000000
0.012458
0.085634
0.751365
0.138644
0.822010
1.000000
0.012359
0.442846
0.958170
0.483497
1.000042
1.000000
0.012339
0.870552
0.724513
0.906693
0.776254
1.000000
0.012301
0.685113
0.704786
0.880799
0.955245
1.000000
0.012278
0.065169
0.818264
0.116824
0.880345
1.000000
0.012262
0.289751
-0.000020
0.337952
0.052068
1.000000
0.012241
0.614725
0.852029
0.656437
0.907906
1.000000
0.012227
0.902057
0.382927
0.993399
0.517474
1.000000
0.012177
0.563904
0.857417
0.607068
0.910327
1.000000
0.012117
0.614704
0.823119
0.655328
0.874059
1.000000
0.012102
0.212152
0.113999
0.266661
0.179104
1.000000
0.012084
0.934878
0.561723
1.004107
0.685734
1.000000
0.012069
0.869540
0.790469
0.907081
0.844148
1.000000
0.012065
0.061852
0.488304
0.168351
0.656863
1.000000
0.012064
0.864422
0.181902
0.909148
0.237747
1.000000
0.012045
0.467665
0.752600
0.557658
0.869696
1.000000
0.012027
0.133988
0.111919
0.336563
0.389583
1.000000
0.012027
0.940486
0.648910
0.987825
0.718184
1.000000
0.012023
0.912443
0.000830
0.958235
0.048824
1.000000
0.011991
0.936644
0.258744
0.988969
0.321149
1.000000
0.011990
0.321239
0.908697
0.405290
1.004081
1.000000
0.011966
0.593265
0.825818
0.634200
0.875264
1.000000
0.011931
0.767258
0.821839
0.808181
0.876547
1.000000
0.011906
0.914786
0.489032
0.995522
0.631306
1.000000
0.011888
0.915408
0.160883
0.955452
0.206567
1.000000
0.011857
0.343457
0.955623
0.381658
0.998004
1.000000
0.011838
0.174953
0.099425
0.298038
0.240482
1.000000
0.011836
0.765057
-0.001067
0.876841
0.104511
1.000000
0.011820
0.136112
0.684138
0.246003
0.824496
1.000000
0.011798
0.639467
0.823206
0.680300
0.877765
1.000000
0.011796
0.590936
0.856216
0.631797
0.907864
1.000000
0.011753
0.058310
0.665378
0.118232
0.745977
1.000000
0.011747
0.817106
0.865200
0.858126
0.922936
1.000000
0.011709
0.913123
0.131197
0.954969
0.181389
1.000000
0.011699
0.064106
0.340339
0.164999
0.483329
1.000000
0.011699
0.544655
0.272192
0.657494
0.419022
1.000000
0.011662
0.012428
0.266239
0.107532
0.410826
1.000000
0.011659
0.835562
0.086393
0.894232
0.160672
1.000000
0.011631
0.893791
0.582902
0.932160
0.636738
1.000000
0.011629
0.362210
0.252670
0.415242
0.326215
1.000000
0.011593
0.246181
0.619633
0.375805
0.777714
1.000000
0.011588
0.001504
0.320789
0.036765
0.385938
1.000000
0.011577
0.513504
0.250724
0.560467
0.318426
1.000000
0.011574
0.777297
0.338947
0.841174
0.414527
1.000000
0.011550
0.764904
0.791656
0.864366
0.925081
1.000000
0.011549
0.489684
0.250010
0.535238
0.315674
1.000000
0.011546
0.087112
0.110464
0.135218
0.175082
1.000000
0.011499
-0.014635
0.339728
0.126180
0.638953
1.000000
0.011493
0.785187
0.680895
0.882393
0.821472
1.000000
0.011477
0.815065
0.335093
0.917401
0.463292
1.000000
0.011446
0.138628
0.115033
0.189925
0.179896
1.000000
0.011409
0.793520
0.823150
0.833242
0.877130
1.000000
0.011409
0.894654
0.825186
0.931466
0.880030
1.000000
0.011383
0.282776
0.003181
0.391270
0.125714
1.000000
0.011361
0.792476
0.793822
0.830809
0.846073
1.000000
0.011342
0.006814
0.101972
0.054042
0.179172
1.000000
0.011306
0.920195
0.818162
0.961141
0.879855
1.000000
0.011303
0.916177
0.583417
0.954991
0.637935
1.000000
0.011288
0.455733
0.083554
0.562862
0.218884
1.000000
0.011262
0.001605
0.488284
0.033014
0.549558
1.000000
0.011236
0.599198
0.785776
0.706342
0.919973
1.000000
0.011208
0.894303
0.628504
0.932622
0.683702
1.000000
0.011162
0.060731
0.713757
0.114557
0.781116
1.000000
0.011152
0.823807
0.612738
0.916466
0.744214
1.000000
0.011132
0.410236
0.257105
0.462500
0.329712
1.000000
0.011106
0.767904
0.791866
0.808526
0.845909
1.000000
0.011106
0.765489
0.858560
0.811973
0.919473
1.000000
0.011056
0.504148
0.345825
0.548577
0.414572
1.000000
0.011054
0.884324
0.125856
0.929734
0.180152
1.000000
0.011039
0.641317
0.852753
0.684452
0.912035
1.000000
0.011026
0.082550
0.788177
0.132739
0.854641
1.000000
0.011025
0.372622
0.913229
0.456412
1.007630
1.000000
0.011011
0.001901
0.452024
0.033164
0.512784
1.000000
0.010979
0.143211
0.338131
0.340200
0.652125
1.000000
0.010968
0.856938
0.063432
0.902253
0.121046
1.000000
0.010951
0.870120
0.757799
0.906534
0.810486
1.000000
0.010901
0.313617
0.016425
0.365539
0.082502
1.000000
0.010898
0.841080
0.222628
0.885284
0.278731
1.000000
0.010898
0.664949
0.854292
0.709961
0.916131
1.000000
0.010878
0.919254
0.724260
0.960434
0.784944
1.000000
0.010871
0.864761
0.387859
0.910471
0.447750
1.000000
0.010854
-0.003160
0.136472
0.063986
0.276705
1.000000
0.010831
0.369620
0.923427
0.407271
0.979010
1.000000
0.010828
0.044391
0.341232
0.239665
0.693371
1.000000
0.010825
0.088147
0.922085
0.137962
0.986751
1.000000
0.010819
0.559291
0.468718
0.664302
0.620385
1.000000
0.010800
0.390236
0.653820
0.433725
0.711732
1.000000
0.010782
0.904578
0.311689
0.956907
0.377814
1.000000
0.010778
0.564831
0.888145
0.607891
0.944905
1.000000
0.010773
0.461729
0.287962
0.510628
0.364045
1.000000
0.010773
0.358562
0.600735
0.472961
0.743584
1.000000
0.010765
0.167055
0.733346
0.275965
0.883014
1.000000
0.010755
0.552707
0.668418
0.665361
0.820660
1.000000
0.010753
0.460816
0.151204
0.567520
0.299036
1.000000
0.010745
0.424728
0.916075
0.511586
1.008175
1.000000
0.010738
0.105464
0.667783
0.163122
0.746383
1.000000
0.010738
0.538990
0.831290
0.580101
0.879912
1.000000
0.010719
0.601505
0.325937
0.719521
0.478103
1.000000
0.010706
0.214108
0.714605
0.263843
0.783203
1.000000
0.010660
0.877692
0.781090
0.969752
0.918640
1.000000
0.010658
0.395571
0.957145
0.433742
0.998975
1.000000
0.010607
0.335736
0.316601
0.390119
0.390953
1.000000
0.010607
0.849519
0.625763
0.884271
0.674219
1.000000
0.010573
0.516451
0.153238
0.559701
0.208255
1.000000
0.010568
0.807812
0.846048
0.906417
0.964040
1.000000
0.010566
0.492742
0.816472
0.597985
0.944865
1.000000
0.010513
0.786289
0.001332
0.841135
0.055040
1.000000
0.010482
0.911456
0.220188
0.959909
0.277564
1.000000
0.010481
0.663589
0.301700
0.791135
0.441001
1.000000
0.010441
-0.000090
0.281041
0.037046
0.346649
1.000000
0.010415
0.106866
0.070811
0.164310
0.148506
1.000000
0.010396
0.687886
0.825627
0.789348
0.957098
1.000000
0.010352
0.462591
0.396690
0.673223
0.693530
1.000000
0.010350
0.468465
0.926008
0.510382
0.980055
1.000000
0.010328
0.631320
0.305395
0.686372
0.381346
1.000000
0.010325
0.873221
0.686536
0.909107
0.739841
1.000000
0.010323
0.756178
0.542106
0.850443
0.692434
1.000000
0.010321
0.107350
0.820158
0.154922
0.879827
1.000000
0.010316
0.439870
0.376746
0.492140
0.451640
1.000000
0.010311
0.940930
0.064021
1.003643
0.174011
1.000000
0.010306
0.846048
0.827379
0.883386
0.880354
1.000000
0.010297
0.865207
0.222542
0.911016
0.278795
1.000000
0.010285
0.793954
0.722402
0.830894
0.773557
1.000000
0.010252
0.866754
0.451366
0.908252
0.511053
1.000000
0.010236
0.559110
0.567498
0.663200
0.707132
1.000000
0.010231
0.690971
0.827027
0.732448
0.884257
1.000000
0.010217
0.867831
0.486494
0.907754
0.541802
1.000000
0.010182
0.808917
0.258674
0.861850
0.322865
1.000000
0.010180
-0.005553
0.410468
0.054238
0.538547
1.000000
0.010176
0.636612
0.648157
0.688443
0.716679
1.000000
0.010173
0.565284
0.313168
0.613340
0.385433
1.000000
0.010169
0.690582
0.856841
0.733788
0.916351
1.000000
0.010140
0.913940
0.450773
0.953957
0.506087
1.000000
0.010100
0.060392
0.809066
0.253199
1.026899
1.000000
0.010053
0.719080
0.788909
0.756735
0.842852
1.000000
0.010051
0.042461
-0.018248
0.138606
0.117431
1.000000
0.010025
0.306900
0.194187
0.429979
0.364294
1.000000
0.010019
0.066443
0.556581
0.109860
0.619289
