1.000000
0.535293
0.511258
0.338903
0.657799
0.563425
1.000000
0.082587
0.810679
0.140869
0.867436
0.222005
1.000000
0.037550
0.734676
0.107959
0.921886
0.316239
1.000000
0.034391
0.934196
0.911909
0.998607
0.998321
1.000000
0.033231
0.001998
0.012110
0.081070
0.128165
1.000000
0.032566
-0.006097
0.731082
0.256925
0.995665
1.000000
0.032010
0.265717
0.757705
0.300963
0.815441
1.000000
0.031625
0.193403
0.105533
0.296033
0.233895
1.000000
0.031219
0.669577
0.287577
0.778670
0.431430
1.000000
0.030648
0.084089
0.555091
0.275028
0.836604
1.000000
0.030475
0.134960
0.016138
0.191910
0.077668
1.000000
0.030439
0.855978
0.318589
0.910781
0.380847
1.000000
0.030434
0.759867
0.284646
0.881826
0.408839
1.000000
0.029514
0.470878
0.499083
0.576237
0.639303
1.000000
0.029016
0.158266
0.587397
0.258912
0.715599
1.000000
0.028561
0.812699
0.212757
0.863415
0.271156
1.000000
0.027125
0.017595
0.285080
0.116936
0.417144
1.000000
0.026110
0.085827
0.249944
0.190197
0.380498
1.000000
0.025691
0.004623
0.567069
0.076356
0.713455
1.000000
0.024923
0.789836
0.346923
0.840513
0.408102
1.000000
0.024851
0.051418
0.027966
0.169236
0.141627
1.000000
0.024739
0.185379
0.019927
0.236908
0.079059
1.000000
0.024584
0.006970
0.807627
0.124892
0.934438
1.000000
0.024519
0.385306
0.386360
0.770073
0.936279
1.000000
0.024461
0.103115
0.109998
0.216916
0.244195
1.000000
0.024276
0.943195
0.489699
1.003115
0.630485
1.000000
0.024233
0.266464
0.957611
0.304438
0.998951
1.000000
0.023471
0.267927
0.816889
0.301828
0.873547
1.000000
0.023420
0.555276
0.271767
0.747748
0.517732
1.000000
0.023385
0.165806
0.249978
0.269609
0.386103
1.000000
0.023228
0.118178
0.724328
0.162319
0.777837
1.000000
0.023220
0.877131
0.846269
0.995304
1.000465
1.000000
0.023213
0.038665
0.815338
0.097419
0.878585
1.000000
0.023175
0.476286
0.317039
0.591472
0.482999
1.000000
0.023077
0.241810
0.955206
0.280797
0.998030
1.000000
0.022989
0.009076
0.673110
0.110133
0.821309
1.000000
0.022834
0.101235
0.608969
0.199594
0.743083
1.000000
0.022701
0.932977
0.285285
0.987289
0.347443
1.000000
0.022691
0.836263
0.906517
0.929610
1.003946
1.000000
0.022467
0.725108
0.148387
0.829327
0.273686
1.000000
0.022366
0.129286
0.018247
0.239484
0.128257
1.000000
0.022294
0.767592
0.186960
0.814145
0.249439
1.000000
0.022286
0.320079
0.951388
0.361554
0.996555
1.000000
0.022246
0.001564
0.639836
0.041828
0.718349
1.000000
0.022015
0.960353
0.712661
0.999705
0.794241
1.000000
0.021892
-0.000899
0.953595
0.035688
0.998869
1.000000
0.021854
0.237862
0.917228
0.276205
0.973732
1.000000
0.021818
0.007279
0.876218
0.114654
0.990544
1.000000
0.021797
0.812363
0.253399
0.863511
0.309983
1.000000
0.021705
0.490418
0.348014
0.541512
0.420491
1.000000
0.021691
0.863435
0.947427
0.911613
0.999725
1.000000
0.021574
0.228819
0.745774
0.302159
0.872975
1.000000
0.021500
0.060077
0.174073
0.168424
0.318126
1.000000
0.021496
0.583493
0.677569
0.672988
0.815563
1.000000
0.021488
0.467179
0.460553
0.659508
0.722919
1.000000
0.021457
0.823045
0.602722
0.909124
0.741804
1.000000
0.021332
0.006718
0.214184
0.088581
0.349501
1.000000
0.021236
0.252511
0.784490
0.285470
0.838866
1.000000
0.021215
0.561396
0.576485
0.664327
0.718904
1.000000
0.021177
0.168333
0.725859
0.214982
0.783817
1.000000
0.021139
0.011292
0.005258
0.063085
0.063814
1.000000
0.020996
0.961752
0.776066
1.000424
0.855331
1.000000
0.020969
0.963743
0.152097
0.999644
0.212657
1.000000
0.020965
0.843180
0.386837
0.888404
0.443534
1.000000
0.020941
0.244913
0.732661
0.280548
0.786381
1.000000
0.020859
0.961558
0.318633
0.999767
0.381816
1.000000
0.020803
0.859350
0.184721
0.909718
0.241232
1.000000
0.020795
-0.001693
0.140382
0.060538
0.256623
1.000000
0.020790
0.414735
0.949431
0.457104
0.995250
1.000000
0.020724
0.140196
0.690107
0.236419
0.829184
1.000000
0.020655
0.191989
0.925902
0.228831
0.977088
1.000000
0.020603
0.962684
0.218296
1.000731
0.279233
1.000000
0.020556
0.937437
0.810343
1.004440
0.948158
1.000000
0.020537
0.309008
0.268399
0.426568
0.396967
1.000000
0.020532
0.253247
0.112469
0.380060
0.244627
1.000000
0.020427
0.936315
0.163023
1.005027
0.270412
1.000000
0.020325
0.887195
0.226282
0.933843
0.276350
1.000000
0.020321
0.000671
0.071732
0.040493
0.148450
1.000000
0.020311
0.263606
0.776363
0.353361
0.917324
1.000000
0.020289
0.788524
0.290423
0.842457
0.356332
1.000000
0.020279
0.963833
0.186042
1.000241
0.246831
1.000000
0.020134
0.933324
0.096107
1.000511
0.204640
1.000000
0.019989
0.167965
0.882934
0.254332
0.993794
1.000000
0.019720
0.366780
0.951872
0.408051
0.996152
1.000000
0.019678
0.060071
0.315019
0.161293
0.442532
1.000000
0.019511
0.736189
0.285675
0.787537
0.354036
1.000000
0.019485
0.794518
0.233955
0.908817
0.359417
1.000000
0.019463
0.836477
0.351770
0.891757
0.411122
1.000000
0.019419
0.417726
0.545299
0.534093
0.697154
1.000000
0.019401
0.239604
0.890900
0.271377
0.940146
1.000000
0.019358
0.001379
0.182995
0.035972
0.245342
1.000000
0.019356
0.219315
0.913244
0.300815
1.006494
1.000000
0.019310
0.585305
0.320587
0.638938
0.398600
1.000000
0.019244
0.028917
0.514359
0.127097
0.670061
1.000000
0.019205
0.222918
0.826339
0.298783
0.955408
1.000000
0.019157
0.385229
0.659289
0.489129
0.814885
1.000000
0.019148
0.019113
0.128225
0.114885
0.272847
1.000000
0.019127
0.464001
0.232723
0.566090
0.369081
1.000000
0.019127
0.137400
0.688201
0.183679
0.750017
1.000000
0.019115
0.792116
0.381471
0.834995
0.435498
1.000000
0.019113
0.111705
0.315728
0.160281
0.382509
1.000000
0.019110
0.535697
0.320079
0.590527
0.396223
1.000000
0.019085
0.570648
0.107949
0.790515
0.400531
1.000000
0.019066
0.804104
0.342442
0.905890
0.464459
1.000000
0.019062
-0.001895
0.775180
0.080575
0.878062
1.000000
0.019007
0.642945
0.722292
0.683574
0.781736
1.000000
0.018937
0.697641
0.874762
0.791710
0.989244
1.000000
0.018841
0.708582
0.196938
0.982652
0.661020
1.000000
0.018830
0.910456
0.315128
0.962044
0.373697
1.000000
0.018762
0.060580
0.914958
0.112165
0.974727
1.000000
0.018754
0.001977
0.820242
0.042094
0.876627
1.000000
0.018652
0.964537
0.643267
1.000740
0.721794
1.000000
0.018622
0.210957
0.003138
0.258704
0.053105
1.000000
0.018609
0.765473
0.315425
0.816261
0.384685
1.000000
0.018606
0.346474
0.610876
0.455334
0.765731
1.000000
0.018589
0.086015
0.019725
0.141574
0.080745
1.000000
0.018581
0.141390
0.952705
0.182292
0.995341
1.000000
0.018561
0.792976
0.175364
0.849382
0.247148
1.000000
0.018334
0.016199
0.918356
0.070306
0.980034
1.000000
0.018301
0.266349
0.693716
0.355464
0.830930
1.000000
0.018227
0.217917
0.954570
0.256344
0.997477
1.000000
0.018127
0.960378
0.254304
0.999771
0.317801
1.000000
0.018071
0.000599
0.753589
0.036046
0.812126
1.000000
0.018013
0.236633
0.257309
0.352548
0.390843
1.000000
0.017974
0.341472
0.929092
0.384361
0.984986
1.000000
0.017888
0.187772
0.029971
0.298491
0.157136
1.000000
0.017876
0.013221
0.286681
0.057322
0.353326
1.000000
0.017827
0.933266
0.677371
1.003785
0.851723
1.000000
0.017826
0.907185
0.324992
0.995612
0.447407
1.000000
0.017819
0.711548
0.240559
0.820323
0.370720
1.000000
0.017779
0.766400
0.955825
0.807898
1.001595
1.000000
0.017746
0.183762
0.166361
0.288560
0.306912
1.000000
0.017733
0.156040
0.775982
0.249574
0.923873
1.000000
0.017718
0.062047
0.697588
0.167691
0.830811
1.000000
0.017714
0.275761
-0.002686
0.399928
0.120548
1.000000
0.017683
0.821985
0.617052
0.865564
0.676187
1.000000
0.017678
0.801003
0.557329
0.889105
0.680910
1.000000
0.017635
0.165729
0.952107
0.207276
0.995110
1.000000
0.017625
0.212873
0.731300
0.255284
0.790182
1.000000
0.017609
0.964406
0.454556
1.000949
0.528202
1.000000
0.017563
0.287612
0.000068
0.342643
0.054255
1.000000
0.017551
0.823110
0.677629
0.910057
0.820593
1.000000
0.017547
0.663926
0.284972
0.713289
0.357978
1.000000
0.017543
0.250019
0.819740
0.282463
0.874133
1.000000
0.017527
0.639822
0.231780
0.740631
0.366778
1.000000
0.017419
0.212379
0.053250
0.261279
0.111501
1.000000
0.017412
0.063136
0.760311
0.109959
0.818044
1.000000
0.017381
0.741077
0.189085
0.784078
0.247342
1.000000
0.017349
0.237274
0.019987
0.290436
0.081715
1.000000
0.017318
0.815944
0.817425
0.856428
0.870138
1.000000
0.017177
0.000226
0.887994
0.037376
0.943090
1.000000
0.017147
0.000955
0.855345
0.038023
0.910223
1.000000
0.017106
0.813531
0.385552
0.859286
0.440715
1.000000
0.017087
0.766083
0.256523
0.811878
0.313002
1.000000
0.017064
0.964873
0.383558
1.001148
0.451072
1.000000
0.017064
-0.000599
0.324558
0.067047
0.433679
1.000000
0.017060
0.220180
0.787960
0.256104
0.844306
1.000000
0.017037
0.030410
0.746440
0.139450
0.878426
1.000000
0.017025
0.961756
0.573016
1.001000
0.658204
1.000000
0.017021
0.814414
0.915715
0.866808
0.983758
1.000000
0.016995
0.756380
0.408164
0.997309
0.925859
1.000000
0.016972
0.755558
0.760996
0.998233
1.016960
1.000000
0.016961
0.689419
0.310518
0.741796
0.388909
1.000000
0.016945
0.220106
0.823421
0.254040
0.876216
1.000000
0.016888
0.886124
0.255087
0.934866
0.308183
1.000000
0.016838
0.962753
0.881068
1.000690
0.949790
1.000000
0.016761
0.613490
0.719022
0.655080
0.777773
1.000000
0.016738
0.322348
0.702220
0.423075
0.853346
1.000000
0.016704
0.263889
0.924002
0.303301
0.980404
1.000000
0.016675
0.245509
0.864258
0.277863
0.916573
1.000000
0.016674
0.266727
0.855199
0.300258
0.907775
1.000000
0.016671
0.413372
0.285748
0.517494
0.423363
1.000000
0.016588
0.637749
0.314856
0.687080
0.388763
1.000000
0.016587
0.065878
0.728574
0.111478
0.786046
1.000000
0.016529
0.070014
0.382145
0.492183
0.946534
1.000000
0.016509
0.192351
0.743834
0.238106
0.810856
1.000000
0.016468
0.793590
0.417553
0.889783
0.544544
1.000000
0.016438
0.744913
0.904310
0.836165
1.007522
1.000000
0.016381
0.658611
0.357469
0.769232
0.514821
1.000000
0.016379
0.063791
0.952897
0.110984
0.998357
1.000000
0.016304
0.741764
0.222057
0.785444
0.274639
1.000000
0.016278
0.295623
0.956083
0.335615
0.999512
1.000000
0.016241
0.116696
0.905461
0.201295
1.003958
1.000000
0.016143
0.000625
0.320048
0.036747
0.385757
1.000000
0.016065
0.861403
0.567614
0.951459
0.723451
1.000000
0.015990
0.393235
0.925711
0.437196
0.984241
1.000000
0.015946
0.111205
0.820680
0.154353
0.872612
1.000000
0.015934
0.164865
0.189128
0.212730
0.251513
1.000000
0.015932
0.715937
0.951633
0.760134
1.000982
1.000000
0.015910
0.113684
0.751645
0.159758
0.809331
1.000000
0.015882
0.740092
0.258045
0.785612
0.315928
1.000000
0.015873
0.800168
0.169761
0.899537
0.285869
1.000000
0.015863
0.554359
0.226317
0.664267
0.372164
1.000000
0.015860
0.916100
0.951049
0.962057
1.000921
1.000000
0.015845
0.709346
0.339056
0.764970
0.418489
1.000000
0.015833
0.115071
0.177397
0.162369
0.241297
1.000000
0.015823
0.665115
0.158659
0.762807
0.281801
1.000000
0.015795
0.664614
0.955610
0.707154
1.000105
1.000000
0.015766
0.556763
0.347973
0.617218
0.436632
1.000000
0.015745
0.089417
0.279989
0.140264
0.345878
1.000000
0.015735
0.137955
0.638426
0.189996
0.712269
1.000000
0.015727
0.140791
0.754465
0.182913
0.809952
1.000000
0.015691
0.083699
0.815577
0.132056
0.870834
1.000000
0.015680
0.288486
0.754308
0.326391
0.811118
1.000000
0.015643
0.173117
0.817536
0.346054
1.028392
1.000000
0.015631
0.516892
0.612658
0.623927
0.752033
1.000000
0.015596
0.420031
0.116246
0.625146
0.400601
1.000000
0.015573
0.867759
0.790396
0.907486
0.848549
1.000000
0.015560
0.853558
0.152265
0.904652
0.215027
1.000000
0.015539
0.820185
0.559150
0.861156
0.609184
1.000000
0.015518
0.120055
0.613900
0.169549
0.686688
1.000000
0.015514
0.356576
0.230921
0.466354
0.361235
1.000000
0.015510
0.635077
0.714672
0.713887
0.850848
1.000000
0.015508
0.081098
0.100324
0.279754
0.364419
1.000000
0.015482
0.884078
0.294402
0.936179
0.348235
1.000000
0.015468
0.870164
0.674299
0.955822
0.828718
1.000000
0.015420
0.013635
0.212290
0.055172
0.275847
1.000000
0.015419
0.273716
0.888852
0.370420
1.002200
1.000000
0.015394
0.214257
0.176787
0.267933
0.243304
1.000000
0.015343
0.210752
0.091921
0.263530
0.159206
1.000000
0.015336
0.885719
0.192142
0.931827
0.243951
1.000000
0.015336
0.001602
0.254315
0.034072
0.313304
1.000000
0.015333
0.088290
0.581340
0.135231
0.647754
1.000000
0.015308
0.094065
0.726976
0.138533
0.781711
1.000000
0.015265
0.321319
0.786372
0.358170
0.842904
1.000000
0.015241
0.114458
0.004230
0.167989
0.055399
1.000000
0.015239
0.209628
0.611202
0.262015
0.685513
1.000000
0.015231
0.661181
0.375704
0.713868
0.451068
1.000000
0.015177
0.163481
0.687206
0.213867
0.752424
1.000000
0.015160
0.855328
0.179050
1.013084
0.431974
1.000000
0.015149
0.000504
0.716721
0.036289
0.778944
1.000000
0.015138
0.911227
0.192154
0.959020
0.245849
1.000000
0.015077
0.453128
0.404908
0.556617
0.571311
1.000000
0.015059
0.375316
0.137944
0.496729
0.269423
1.000000
0.015018
0.093170
0.617530
0.139844
0.684486
1.000000
0.015011
0.560396
0.650270
0.612483
0.720082
1.000000
0.014998
0.094075
0.527226
0.194927
0.677764
1.000000
0.014984
0.843055
0.314503
0.951255
0.431812
1.000000
0.014944
0.317460
0.753058
0.357721
0.813333
1.000000
0.014937
0.945019
0.598016
1.007349
0.765818
1.000000
0.014937
0.182554
0.642561
0.277695
0.791345
1.000000
0.014933
0.030315
-0.005072
0.128857
0.093492
1.000000
0.014907
0.392057
0.720011
0.433668
0.780556
1.000000
0.014904
0.194707
0.786419
0.233576
0.844688
1.000000
0.014902
0.223968
0.863878
0.256823
0.916669
1.000000
0.014858
0.114452
0.308136
0.220473
0.440080
1.000000
0.014855
0.718600
0.856671
0.761583
0.917555
1.000000
0.014848
0.158114
0.007323
0.210890
0.057833
1.000000
0.014826
0.142405
0.591086
0.194866
0.664381
1.000000
0.014772
0.372703
0.897023
0.463137
0.997805
1.000000
0.014765
0.793422
0.953322
0.837664
1.002097
1.000000
0.014727
0.819963
0.787796
0.907254
0.909032
1.000000
0.014692
0.231256
0.010369
0.456086
0.229601
1.000000
0.014684
0.059455
0.648348
0.105664
0.713174
1.000000
0.014628
0.836069
0.516516
0.924558
0.657198
1.000000
0.014564
0.109881
0.123981
0.162483
0.190399
1.000000
0.014522
0.880747
0.265609
0.981548
0.368852
1.000000
0.014489
0.719718
0.222067
0.759168
0.273143
1.000000
0.014469
0.309958
0.119467
0.365925
0.185062
1.000000
0.014453
0.828910
0.292935
0.893471
0.358656
1.000000
0.014397
0.064297
0.788090
0.186303
0.920330
1.000000
0.014390
0.007625
0.107608
0.053117
0.181841
1.000000
0.014380
0.856109
0.382757
0.959860
0.520239
1.000000
0.014371
0.060633
0.348165
0.110964
0.417032
1.000000
0.014352
0.057891
0.415083
0.155917
0.563456
1.000000
0.014319
0.901914
0.518678
0.985924
0.688342
1.000000
0.014318
0.259569
0.050839
0.314984
0.112908
1.000000
0.014276
0.776522
0.725384
0.866550
0.861012
1.000000
0.014267
0.840762
0.415454
0.885810
0.474913
1.000000
0.014241
0.638664
0.882311
0.737647
0.992365
1.000000
0.014240
0.506521
0.561385
0.561940
0.644403
1.000000
0.014231
0.312111
0.186306
0.365251
0.245823
1.000000
0.014214
0.256020
0.114532
0.312928
0.183305
1.000000
0.014187
0.286047
0.646123
0.489365
0.959126
1.000000
0.014061
0.001525
0.583109
0.041895
0.663012
1.000000
0.014035
0.936817
-0.003141
0.999917
0.080198
1.000000
0.014016
0.160821
0.046941
0.210707
0.104206
1.000000
0.014012
0.368190
0.188226
0.417057
0.243919
1.000000
0.014007
0.740181
0.953227
0.786974
1.002629
1.000000
0.013955
0.259852
0.184058
0.309291
0.241395
1.000000
0.013952
0.110340
0.258319
0.159572
0.322550
1.000000
0.013949
0.490794
0.286955
0.538212
0.351995
1.000000
0.013946
0.918505
0.514736
0.962965
0.588053
1.000000
0.013908
0.244622
0.686776
0.282818
0.745816
1.000000
0.013902
0.262966
0.615953
0.361327
0.758254
1.000000
0.013898
0.818953
0.455527
0.860632
0.512920
1.000000
0.013887
0.087350
0.358881
0.286599
0.669274
1.000000
0.013877
0.636363
0.643520
0.684582
0.713541
1.000000
0.013835
0.063985
0.112886
0.113858
0.183719
1.000000
0.013767
0.290739
0.785744
0.326618
0.840076
1.000000
0.013747
0.817257
0.053673
0.861023
0.117403
1.000000
0.013745
0.607735
0.345680
0.656778
0.428156
1.000000
0.013632
0.868025
0.858216
0.909139
0.916927
1.000000
0.013599
0.439965
0.581776
0.489623
0.654114
1.000000
0.013580
0.037436
0.890477
0.090928
0.952995
1.000000
0.013577
0.887580
0.884852
0.931071
0.948472
1.000000
0.013565
0.455206
0.598862
0.566340
0.745598
1.000000
0.013546
0.871586
0.719414
0.910055
0.776686
1.000000
0.013538
0.742167
0.856197
0.784754
0.913158
1.000000
0.013531
0.441225
0.719172
0.482671
0.779358
1.000000
0.013496
0.360777
0.311540
0.412161
0.379120
1.000000
0.013423
0.639778
0.782283
0.729127
0.919340
1.000000
0.013423
0.213586
0.313279
0.262977
0.380155
1.000000
0.013421
0.037027
0.723035
0.084308
0.781637
1.000000
0.013414
0.062559
0.180879
0.108653
0.244756
1.000000
0.013411
0.088378
0.350018
0.138489
0.414701
1.000000
0.013360
0.089601
0.758261
0.134459
0.813923
1.000000
0.013338
0.516381
0.651415
0.561452
0.715134
1.000000
0.013329
0.768748
0.384207
0.810205
0.439914
1.000000
0.013327
0.768831
0.828336
0.802766
0.875911
1.000000
0.013291
0.837322
0.039399
0.994746
0.287001
1.000000
0.013221
0.162064
0.335868
0.269845
0.467164
1.000000
0.013220
0.366791
0.645286
0.415085
0.719675
1.000000
0.013202
0.059608
0.576849
0.104662
0.645362
1.000000
0.013187
0.821238
0.650981
0.862421
0.707086
1.000000
0.013175
0.699548
0.801709
0.785256
0.927627
1.000000
0.013145
0.368485
0.717472
0.411330
0.780856
1.000000
0.013142
0.416757
0.719304
0.459189
0.780848
1.000000
0.013122
0.608874
0.684996
0.654802
0.748368
1.000000
0.013117
0.420207
0.715357
0.874884
1.010027
1.000000
0.013083
0.439331
0.954067
0.480556
0.997609
1.000000
0.013060
0.343300
0.720928
0.385850
0.780682
1.000000
0.013056
0.909506
0.349375
0.961595
0.411038
1.000000
0.013044
0.882331
0.350337
0.933653
0.408545
1.000000
0.013042
0.170466
0.627714
0.360684
0.917156
1.000000
0.013009
0.064208
0.219246
0.110313
0.282438
1.000000
0.013003
0.166037
0.284532
0.216458
0.352428
1.000000
0.012999
0.720935
0.190558
0.759996
0.246705
1.000000
0.012993
0.663843
0.647433
0.753348
0.787020
1.000000
0.012964
0.561291
0.156948
0.667151
0.284355
1.000000
0.012915
0.559080
0.287074
0.609460
0.356455
1.000000
0.012901
0.684493
0.547260
0.880713
0.850519
1.000000
0.012896
0.119492
0.863970
0.157124
0.913935
1.000000
0.012879
0.816309
0.094356
0.859793
0.155630
1.000000
0.012840
0.909817
0.256083
0.966104
0.315944
1.000000
0.012835
0.310913
0.312656
0.365801
0.378487
1.000000
0.012833
0.467550
0.956857
0.504624
0.997500
1.000000
0.012807
0.350886
0.354743
0.551934
0.657439
1.000000
0.012806
0.940324
0.416281
0.988322
0.486268
1.000000
0.012795
0.342578
0.790194
0.379815
0.844191
1.000000
0.012770
0.012091
0.370328
0.113508
0.519010
1.000000
0.012753
0.067433
0.255427
0.115919
0.321631
1.000000
0.012751
0.305427
0.010849
0.367770
0.080476
1.000000
0.012747
0.916372
0.576596
0.958550
0.648038
1.000000
0.012716
0.195210
0.822436
0.233389
0.879486
1.000000
0.012713
0.199921
0.897772
0.232421
0.944621
1.000000
0.012703
0.642777
0.820479
0.824723
1.018535
1.000000
0.012693
0.465470
0.483012
0.519534
0.560967
1.000000
0.012673
0.303097
0.149933
0.422238
0.274744
1.000000
0.012650
0.892064
0.820964
0.929889
0.876571
1.000000
0.012630
0.321588
0.820969
0.357807
0.875130
1.000000
0.012629
0.917306
0.783052
0.959272
0.850069
1.000000
0.012618
0.691655
0.223223
0.733188
0.276432
1.000000
0.012617
0.715700
0.650387
0.809106
0.787869
1.000000
0.012604
0.691783
0.953787
0.734839
1.001799
1.000000
0.012584
0.625301
0.606606
0.717780
0.749175
1.000000
0.012573
0.580695
0.430398
0.638131
0.522898
1.000000
0.012567
0.770294
0.149447
0.816718
0.214476
1.000000
0.012559
0.267017
0.100020
0.492670
0.362971
1.000000
0.012550
0.614498
0.287143
0.660873
0.356332
1.000000
0.012533
0.237819
0.643292
0.280710
0.714583
1.000000
0.012512
0.797876
0.822196
0.834786
0.871623
1.000000
0.012503
0.886795
0.197483
0.981800
0.304115
1.000000
0.012492
0.691308
0.718705
0.778069
0.858274
1.000000
0.012481
0.916206
0.883070
0.957835
0.944576
1.000000
0.012446
0.820399
0.720751
0.858950
0.774680
1.000000
0.012443
0.772094
0.652835
0.866303
0.787199
1.000000
0.012418
0.919055
0.715367
0.961579
0.783019
1.000000
0.012408
0.422691
0.826843
0.456242
0.873382
1.000000
0.012396
0.659660
0.752817
0.697514
0.813306
1.000000
0.012382
0.091218
0.956672
0.136182
1.000561
1.000000
0.012376
0.813831
0.853681
0.857833
0.913058
1.000000
0.012373
0.451242
0.142349
0.561655
0.272067
1.000000
0.012370
0.095491
0.690737
0.139381
0.747734
1.000000
0.012368
0.614600
0.953822
0.658848
0.997730
1.000000
0.012334
0.115596
0.217365
0.161908
0.277850
1.000000
0.012333
0.869951
0.777999
0.958030
0.915729
1.000000
0.012318
0.397615
0.789199
0.430668
0.836927
1.000000
0.012290
0.365802
0.021315
0.587461
0.246304
1.000000
0.012266
0.521220
0.709677
0.618281
0.851602
1.000000
0.012264
0.796044
0.454426
0.835160
0.507484
1.000000
0.012262
0.086997
0.052898
0.135612
0.108806
1.000000
0.012261
0.931702
0.030685
1.001800
0.149635
1.000000
0.012261
0.164766
0.792504
0.204479
0.848443
1.000000
0.012249
0.819659
0.527332
0.860537
0.581315
1.000000
0.012209
0.578248
0.369835
0.640045
0.469548
1.000000
0.012202
0.264983
0.314180
0.314506
0.377981
1.000000
0.012194
0.662541
0.786241
0.698873
0.839340
1.000000
0.012192
0.794575
0.039490
0.881996
0.185350
1.000000
0.012188
0.462307
0.643635
0.509568
0.713253
1.000000
0.012169
0.710532
0.402485
0.818053
0.543049
1.000000
0.012150
0.792221
0.421374
0.834665
0.474429
1.000000
0.012144
0.430751
0.703283
0.527607
0.847471
1.000000
0.012133
0.884806
0.159534
0.931166
0.214804
1.000000
0.012123
0.690672
0.256678
0.734947
0.318928
1.000000
0.012117
0.860534
0.616186
0.907324
0.683146
1.000000
0.012112
0.010106
0.548992
0.059252
0.629656
1.000000
0.012073
0.817629
0.421384
0.861170
0.475976
1.000000
0.012022
0.552176
0.560219
0.744672
0.852276
1.000000
0.012020
0.670330
0.857694
0.708276
0.911720
1.000000
0.012018
0.062605
0.685588
0.106211
0.744588
1.000000
0.012016
0.843869
0.795821
0.883629
0.849969
1.000000
0.012015
0.742804
0.151889
0.784572
0.213061
1.000000
0.011999
0.040316
0.185084
0.081800
0.243642
1.000000
0.011969
0.863940
0.556856
0.906125
0.612367
1.000000
0.011969
0.291464
0.823509
0.327329
0.877593
1.000000
0.011946
0.162730
0.118599
0.213113
0.183801
1.000000
0.011939
0.640229
0.688109
0.684408
0.751160
1.000000
0.011909
0.692406
0.192356
0.731815
0.247237
1.000000
0.011887
0.916833
0.451500
0.960005
0.516145
1.000000
0.011877
0.884292
0.384083
0.934330
0.445544
1.000000
0.011871
0.871200
0.754498
0.909515
0.815518
1.000000
0.011860
0.819659
0.690489
0.859419
0.744459
1.000000
0.011830
0.418992
0.861072
0.453682
0.911869
1.000000
0.011809
0.292739
0.856678
0.327387
0.909147
1.000000
0.011785
0.142006
0.796779
0.181893
0.850425
1.000000
0.011783
0.443656
0.791095
0.478817
0.841607
1.000000
0.011780
0.819023
0.760367
0.855898
0.815631
1.000000
0.011750
0.486181
0.445238
0.539476
0.522170
1.000000
0.011740
0.697130
0.859250
0.735335
0.916116
1.000000
0.011737
0.315280
0.218287
0.366356
0.273124
1.000000
0.011729
0.332127
-0.001620
0.389453
0.054648
1.000000
0.011729
0.264604
0.338951
0.376915
0.468091
1.000000
0.011726
0.440717
0.753212
0.481183
0.811056
1.000000
0.011715
0.141376
0.490320
0.241998
0.646961
1.000000
0.011710
0.593210
0.748066
0.634971
0.810117
1.000000
0.011700
0.693559
0.912619
0.737381
0.978627
1.000000
0.011677
0.113873
0.379834
0.158891
0.441039
1.000000
0.011677
0.123087
0.921350
0.164569
0.976292
1.000000
0.011673
0.365180
0.220208
0.412432
0.272514
1.000000
0.011657
0.139378
0.313970
0.188774
0.378145
1.000000
0.011649
0.638832
0.953819
0.685362
1.000461
1.000000
0.011643
0.134864
0.150686
0.183830
0.211494
1.000000
0.011612
0.800021
0.591312
0.836472
0.639203
1.000000
0.011603
0.468261
0.322074
0.515014
0.388726
1.000000
0.011577
0.164704
0.154731
0.211999
0.214686
1.000000
0.011577
0.765110
0.001560
0.809350
0.051555
1.000000
0.011552
0.222234
0.447892
0.438370
0.749726
1.000000
0.011540
0.345237
0.823417
0.381688
0.875168
1.000000
0.011533
0.843016
0.004494
0.882687
0.047513
1.000000
0.011530
0.486936
0.614937
0.538744
0.687604
1.000000
0.011519
0.468955
0.381774
0.516121
0.450863
1.000000
0.011457
0.341898
0.647082
0.388177
0.716081
1.000000
0.011425
0.603301
0.470965
0.708442
0.627845
1.000000
0.011391
0.614511
0.116002
0.718455
0.247840
1.000000
0.011386
0.443776
0.824331
0.478549
0.872790
1.000000
0.011384
0.438659
0.000786
0.486080
0.051695
1.000000
0.011383
0.413771
0.781395
0.504157
0.915160
1.000000
0.011371
0.694667
0.653152
0.733005
0.711428
1.000000
0.011337
0.666355
0.220807
0.709586
0.274854
1.000000
0.011326
0.224218
0.590764
0.321019
0.720591
1.000000
0.011325
0.612176
0.400822
0.823973
0.705173
1.000000
0.011317
0.863462
0.485923
0.905881
0.544109
1.000000
0.011316
0.839089
0.484110
0.881586
0.541786
1.000000
0.011306
0.837673
0.591612
0.882083
0.651619
1.000000
0.011275
0.414875
0.646639
0.462332
0.717815
1.000000
0.011273
0.044809
0.208379
0.234051
0.485132
1.000000
0.011224
0.237632
0.598330
0.279756
0.660767
1.000000
0.011216
0.798390
0.561371
0.837462
0.608866
1.000000
0.011199
0.263032
0.885897
0.296941
0.937351
1.000000
0.011178
0.721600
0.828461
0.758598
0.882367
1.000000
0.011177
0.865860
0.003070
0.906803
0.047298
1.000000
0.011134
0.514480
0.191205
0.559764
0.245541
1.000000
0.011096
0.570458
0.908805
0.660375
1.001870
1.000000
0.011067
0.910760
0.417186
0.958788
0.481749
1.000000
0.011056
0.317905
0.808551
0.413322
0.954353
1.000000
0.011031
0.515282
0.222017
0.560104
0.275550
1.000000
0.011026
0.891627
0.554879
0.934452
0.616730
1.000000
0.011023
0.478085
0.092523
0.580565
0.217020
1.000000
0.011020
0.915892
0.646247
0.955756
0.715007
1.000000
0.011001
0.142789
0.216038
0.191004
0.276317
1.000000
0.010981
0.634589
0.003396
0.727508
0.127235
1.000000
0.010961
0.444629
0.860093
0.477996
0.908501
1.000000
0.010931
0.215237
0.687627
0.258850
0.748440
1.000000
0.010914
0.336370
0.229588
0.528377
0.493389
1.000000
0.010908
0.861881
0.452036
0.904717
0.511942
1.000000
0.010886
0.164089
0.088156
0.213083
0.147796
1.000000
0.010881
0.607588
0.406716
0.655412
0.487932
1.000000
0.010859
0.888485
0.786516
0.930385
0.849704
1.000000
0.010858
0.372373
0.859525
0.405962
0.909112
1.000000
0.010837
0.337776
0.290750
0.390941
0.356926
1.000000
0.010826
0.816990
0.003400
0.859259
0.050772
1.000000
0.010824
0.369771
0.789311
0.405151
0.841322
1.000000
0.010821
0.364350
0.256975
0.410330
0.313915
1.000000
0.010800
0.385692
-0.000416
0.436322
0.050931
1.000000
0.010799
0.865312
0.525015
0.905369
0.581172
1.000000
0.010792
0.616732
0.748532
0.658468
0.810207
1.000000
0.010768
0.318271
0.684579
0.361588
0.749579
1.000000
0.010750
0.267071
0.260514
0.312047
0.316870
1.000000
0.010738
0.000700
0.449726
0.087137
0.611762
1.000000
0.010734
0.397319
0.864221
0.431069
0.913550
1.000000
0.010712
0.740444
0.383753
0.785963
0.444137
1.000000
0.010685
0.216797
0.559669
0.257497
0.620451
1.000000
0.010684
0.116029
0.378693
0.217358
0.515903
1.000000
0.010672
0.162490
0.421243
0.266187
0.557693
1.000000
0.010670
0.773090
0.480686
0.871933
0.612750
1.000000
0.010667
0.567070
0.741880
0.663164
0.887311
1.000000
0.010658
0.444553
0.515959
0.494867
0.588995
1.000000
0.010658
0.347705
0.855734
0.381620
0.904883
1.000000
0.010653
0.795775
0.857895
0.833221
0.909368
1.000000
0.010646
0.743010
0.001881
0.783785
0.049463
1.000000
0.010624
0.844003
0.718749
0.883507
0.774647
1.000000
0.010599
0.890751
0.488055
0.934030
0.550217
1.000000
0.010585
0.843120
0.853255
0.884713
0.910652
1.000000
0.010553
0.716354
0.652710
0.755391
0.711454
1.000000
0.010541
0.406269
0.185815
0.460183
0.245181
1.000000
0.010539
0.368740
0.825789
0.403260
0.874725
1.000000
0.010535
0.692374
0.721634
0.728809
0.775544
1.000000
0.010529
0.690005
0.585452
0.780351
0.722025
1.000000
0.010518
0.670417
0.086168
0.762440
0.216378
1.000000
0.010511
0.389973
0.585656
0.439643
0.656472
1.000000
0.010457
0.082044
0.070265
0.553329
0.577603
1.000000
0.010450
0.062336
0.846324
0.108487
0.906360
1.000000
0.010441
0.092027
0.890621
0.134818
0.944294
1.000000
0.010427
0.139476
0.256017
0.186078
0.316352
1.000000
0.010403
0.287847
0.290327
0.341137
0.354415
1.000000
0.010397
0.183780
0.168113
0.389698
0.434660
1.000000
0.010391
0.116489
0.557023
0.160491
0.622200
1.000000
0.010386
0.031815
0.678404
0.081128
0.747148
1.000000
0.010379
0.318614
0.648768
0.360565
0.713974
1.000000
0.010369
0.422282
0.791123
0.456711
0.841167
1.000000
0.010362
0.166439
0.860668
0.201796
0.910107
1.000000
0.010355
0.362574
0.530658
0.475538
0.682319
1.000000
0.010352
0.000020
0.366039
0.170239
0.688738
1.000000
0.010349
0.540619
0.192796
0.584281
0.244859
1.000000
0.010344
0.640862
0.255363
0.684497
0.317221
1.000000
0.010332
0.569041
0.716611
0.611410
0.774115
1.000000
0.010325
0.509300
0.372953
0.567638
0.456939
1.000000
0.010320
0.747450
0.546268
0.841560
0.678122
1.000000
0.010313
0.767928
0.830896
0.868024
0.950338
1.000000
0.010311
0.913625
0.156148
0.958359
0.210161
1.000000
0.010303
0.306704
0.051495
0.364259
0.114769
1.000000
0.010294
0.211386
0.483707
0.313286
0.627909
1.000000
0.010287
0.320580
0.856319
0.355980
0.910275
1.000000
0.010274
0.411285
0.220044
0.459946
0.273013
1.000000
0.010273
0.332757
0.327184
0.444794
0.468294
1.000000
0.010271
0.641591
0.223346
0.683809
0.275958
1.000000
0.010263
0.464935
0.716903
0.505359
0.775320
1.000000
0.010260
0.616071
0.222044
0.658413
0.273894
1.000000
0.010252
0.038888
0.285537
0.087939
0.352198
1.000000
0.010250
0.542052
0.679098
0.590312
0.742912
1.000000
0.010242
0.467505
0.792292
0.500888
0.840353
1.000000
0.010227
0.518495
0.954856
0.558243
0.997437
1.000000
0.010203
0.415930
0.894578
0.451680
0.947727
1.000000
0.010194
0.083627
0.089606
0.137027
0.154069
1.000000
0.010185
0.468523
0.826465
0.502265
0.874392
1.000000
0.010176
0.465707
0.285672
0.511933
0.349123
1.000000
0.010159
0.397848
0.828791
0.432116
0.875970
1.000000
0.010152
0.192794
0.145987
0.246025
0.213064
1.000000
0.010119
0.470592
0.859638
0.502448
0.907932
1.000000
0.010108
0.314736
0.258868
0.363612
0.315242
1.000000
0.010093
-0.000578
0.376851
0.036626
0.445731
1.000000
0.010075
0.462677
0.184295
0.513374
0.244675
1.000000
0.010069
0.463900
0.146748
0.516806
0.213186
1.000000
0.010032
0.717451
0.721081
0.754129
0.775999
1.000000
0.010025
0.410893
0.313538
0.460801
0.381987
1.000000
0.010014
0.768849
0.451305
0.806802
0.505914
