1.000000
0.208758
0.337842
0.429363
0.518720
0.652400
1.000000
0.160508
0.270798
0.385062
0.658008
0.873253
1.000000
0.045786
-0.010270
0.537998
0.373928
1.117637
1.000000
0.034113
0.743600
0.729311
1.022994
1.018625
1.000000
0.031031
0.357956
0.344222
0.501328
0.529262
1.000000
0.030804
0.508197
0.477457
0.957481
1.086367
1.000000
0.028920
0.656348
0.537298
0.739911
0.666795
1.000000
0.026446
0.310737
0.339376
0.427806
0.477967
1.000000
0.025086
0.334489
0.348493
0.385777
0.418069
1.000000
0.024102
0.466000
0.470043
0.575816
0.628471
1.000000
0.021006
0.460321
0.443953
0.516049
0.526391
1.000000
0.020987
0.407854
0.565609
0.472637
0.652031
1.000000
0.020817
0.405256
0.509219
0.471831
0.598906
1.000000
0.020528
0.528628
0.620967
0.630885
0.767843
1.000000
0.020037
0.408291
0.452914
0.468439
0.532515
1.000000
0.019367
0.672524
0.547683
0.716643
0.615554
1.000000
0.019301
0.268501
0.552736
0.368337
0.680490
1.000000
0.019244
0.264370
0.948395
0.306917
0.996481
1.000000
0.019139
0.686960
0.567869
0.773823
0.707016
1.000000
0.018585
0.321026
0.533725
0.444484
0.677062
1.000000
0.018518
0.365173
0.548356
0.418373
0.617940
1.000000
0.018202
0.650427
0.605787
0.736611
0.737013
1.000000
0.017880
0.386149
0.319992
0.440336
0.385987
1.000000
0.017554
0.384261
0.631325
0.492172
0.778787
1.000000
0.017483
0.586138
0.549837
0.682701
0.687310
1.000000
0.017267
0.316011
0.610479
0.427704
0.749854
1.000000
0.017239
0.533509
0.475233
0.630109
0.616982
1.000000
0.017122
0.443243
0.388937
0.554483
0.557333
1.000000
0.016427
0.193185
0.078422
0.572063
0.703634
1.000000
0.016360
0.391454
0.480886
0.449215
0.561321
1.000000
0.016026
0.963361
0.950184
0.999494
0.998546
1.000000
0.016000
0.486010
0.422639
0.531153
0.493953
1.000000
0.015956
0.453083
0.567756
0.511428
0.650297
1.000000
0.015946
0.289902
0.555110
0.334835
0.615987
1.000000
0.015838
0.482857
0.510563
0.537374
0.591158
1.000000
0.015211
0.646676
0.677040
0.736599
0.817547
1.000000
0.015194
0.645155
0.581818
0.689214
0.645969
1.000000
0.015155
0.560029
0.712204
0.607331
0.770151
1.000000
0.015080
0.312521
0.551535
0.358807
0.610218
1.000000
0.014937
0.686629
0.574702
0.732424
0.643941
1.000000
0.014937
0.298853
0.435486
0.418003
0.592468
1.000000
0.014914
0.689802
0.528470
0.730603
0.588529
1.000000
0.014815
0.652298
0.466895
0.733052
0.600570
1.000000
0.014719
0.690908
0.655877
0.732957
0.710250
1.000000
0.014711
0.644038
0.618509
0.688294
0.681474
1.000000
0.014125
0.689726
0.615437
0.732989
0.676529
1.000000
0.014035
0.565531
0.511738
0.610569
0.583494
1.000000
0.014033
0.384767
0.377702
0.439191
0.451545
1.000000
0.014016
0.408809
0.534112
0.531461
0.696732
1.000000
0.013955
0.615007
0.582164
0.658873
0.646678
1.000000
0.013915
0.403797
0.340578
0.460151
0.414023
1.000000
0.013870
0.388449
0.608714
0.443227
0.678813
1.000000
0.013843
0.391159
0.647494
0.436730
0.708707
1.000000
0.013775
0.268363
0.639257
0.375435
0.779677
1.000000
0.013767
0.343282
0.581034
0.391220
0.643711
1.000000
0.013745
0.255143
0.910443
0.332061
1.001104
1.000000
0.013701
0.503407
0.547969
0.610922
0.702925
1.000000
0.013587
0.590129
0.514005
0.631150
0.579833
1.000000
0.013478
0.714829
0.658798
0.755399
0.713340
1.000000
0.013400
0.615303
0.618150
0.659816
0.683364
1.000000
0.013381
0.456743
0.597226
0.570055
0.748226
1.000000
0.013363
0.616101
0.551676
0.655763
0.612462
1.000000
0.013327
0.713644
0.619460
0.753659
0.677061
1.000000
0.013321
0.647808
0.519240
0.687442
0.581018
1.000000
0.013302
0.315865
0.952167
0.358061
0.999356
1.000000
0.013293
0.590315
0.582240
0.633847
0.645770
1.000000
0.013065
0.212263
0.556049
0.308118
0.685205
1.000000
0.012940
0.711521
0.583586
0.752439
0.644541
1.000000
0.012921
0.670737
0.493474
0.707597
0.549629
1.000000
0.012903
0.249316
0.920590
0.289204
0.980056
1.000000
0.012846
0.321170
0.710434
0.421636
0.848969
1.000000
0.012838
0.922550
0.886688
1.001550
0.997414
1.000000
0.012829
0.570314
0.677757
0.671744
0.811746
1.000000
0.012737
0.597167
0.454704
0.632254
0.513481
1.000000
0.012682
0.369974
0.298984
0.412130
0.353374
1.000000
0.012618
0.249464
0.485049
0.336582
0.612514
1.000000
0.012556
0.591520
0.483935
0.768427
0.768837
1.000000
0.012550
0.460814
0.350999
0.507307
0.418212
1.000000
0.012408
0.437058
0.378680
0.491752
0.454584
1.000000
0.012408
0.667143
0.952631
0.706780
0.996403
1.000000
0.012334
0.690324
0.686856
0.734205
0.744008
1.000000
0.012300
0.340333
0.288604
0.445580
0.416966
1.000000
0.012292
0.338230
0.520555
0.389482
0.586858
1.000000
0.012280
0.316087
0.650016
0.362035
0.710015
1.000000
0.012233
0.590733
0.453518
0.676175
0.586845
1.000000
0.012211
0.337103
0.410942
0.388499
0.484794
1.000000
0.012199
0.668485
0.654201
0.710598
0.710848
1.000000
0.012189
0.715607
0.950082
0.760675
0.997960
1.000000
0.012125
0.540588
0.482884
0.587637
0.553520
1.000000
0.012106
0.514207
0.483276
0.559483
0.553415
1.000000
0.012035
0.710233
0.551170
0.751049
0.610405
1.000000
0.011884
0.362887
0.449201
0.415006
0.521445
1.000000
0.011874
0.427534
0.480354
0.490062
0.567368
1.000000
0.011795
0.319990
0.375093
0.364401
0.441704
1.000000
0.011788
0.292699
0.650081
0.336369
0.708299
1.000000
0.011732
0.504579
0.555548
0.702302
0.831119
1.000000
0.011723
0.431435
0.606101
0.486533
0.677734
1.000000
0.011623
0.343564
0.716106
0.388154
0.773739
1.000000
0.011572
0.616966
0.484674
0.652935
0.544998
1.000000
0.011537
0.560823
0.656003
0.609836
0.725672
1.000000
0.011529
0.367246
0.648693
0.412320
0.710585
1.000000
0.011456
0.650350
0.784887
0.733673
0.923681
1.000000
0.011407
0.214280
0.689474
0.304966
0.821555
1.000000
0.011357
0.567826
0.453756
0.607611
0.519693
1.000000
0.011304
0.539105
0.581601
0.585557
0.646790
1.000000
0.011301
0.509542
0.547835
0.557232
0.618039
1.000000
0.011270
0.690642
0.648361
0.780458
0.787853
1.000000
0.011210
0.565258
0.582393
0.609026
0.646433
1.000000
0.011127
0.340232
0.615897
0.391580
0.682361
1.000000
0.011077
0.217033
0.956241
0.255106
0.998051
1.000000
0.011052
0.388918
0.721105
0.433685
0.778024
1.000000
0.010998
0.190117
0.955161
0.232955
0.999628
1.000000
0.010953
0.708035
0.512946
0.805361
0.651095
1.000000
0.010950
0.316098
0.449427
0.358480
0.510955
1.000000
0.010938
0.517566
0.715835
0.563194
0.771819
1.000000
0.010888
0.209045
0.790588
0.299353
0.921709
1.000000
0.010872
0.588566
0.653445
0.634520
0.716770
1.000000
0.010797
0.388720
0.417134
0.439337
0.488400
1.000000
0.010761
0.197679
0.417017
0.408167
0.704902
1.000000
0.010756
0.288882
0.583775
0.488279
0.860511
1.000000
0.010748
0.737008
0.575227
0.833026
0.718418
1.000000
0.010729
0.243153
0.586966
0.283031
0.644856
1.000000
0.010667
0.415951
0.720659
0.459011
0.776677
1.000000
0.010593
0.433369
0.320875
0.485545
0.388502
1.000000
0.010496
0.420342
0.294320
0.527402
0.435868
1.000000
0.010448
0.317949
0.414348
0.360103
0.478051
1.000000
0.010443
0.668733
0.713923
0.711236
0.773389
1.000000
0.010438
0.675982
0.904617
0.762706
1.004244
1.000000
0.010399
0.682459
0.426656
0.866835
0.710641
1.000000
0.010386
0.466014
0.721348
0.508226
0.776803
1.000000
0.010377
0.408526
0.295181
0.454434
0.355243
1.000000
0.010377
0.386764
0.710101
0.481329
0.845779
1.000000
0.010289
0.513751
0.653817
0.563745
0.722012
1.000000
0.010283
0.002392
0.919635
0.041988
0.989201
1.000000
0.010217
0.271409
0.582239
0.312436
0.640837
1.000000
0.010175
0.510072
0.392153
0.605426
0.541657
1.000000
0.010157
0.315481
0.484462
0.358653
0.548055
1.000000
0.010155
0.245692
0.522246
0.284066
0.577544
1.000000
0.010115
0.265710
0.779574
0.366945
0.919239
1.000000
0.010082
0.964632
0.654109
0.998789
0.717686
1.000000
0.010071
0.161299
0.751342
0.259751
0.889110
1.000000
0.010044
0.907451
0.609623
0.995913
0.762583
1.000000
0.010014
0.612411
0.718661
0.655163
0.773958
