1.000000
0.214528
0.408417
0.391679
0.590037
0.615145
1.000000
0.080617
0.812759
0.142278
0.863936
0.219091
1.000000
0.045143
0.308043
0.402629
0.704604
0.871139
1.000000
0.043490
-0.004667
0.753261
0.248921
1.007899
1.000000
0.039675
0.427087
0.314483
0.567205
0.480628
1.000000
0.038602
0.933531
0.909103
0.997524
0.997231
1.000000
0.037854
0.263034
0.783328
0.301053
0.847027
1.000000
0.035691
0.157431
0.588575
0.267963
0.711164
1.000000
0.032523
0.089607
0.557818
0.284106
0.823243
1.000000
0.032335
0.739693
0.102024
0.914376
0.318521
1.000000
0.032066
0.001874
0.008533
0.083109
0.130324
1.000000
0.030398
0.236341
0.778619
0.306663
0.908462
1.000000
0.030067
0.763127
0.257732
0.879858
0.395752
1.000000
0.029713
0.857993
0.319510
0.909234
0.379016
1.000000
0.029403
0.136066
0.016374
0.192001
0.078007
1.000000
0.027425
0.012026
0.878041
0.112241
0.987708
1.000000
0.027297
0.815915
0.212913
0.861877
0.269557
1.000000
0.027138
0.363693
0.302836
0.492436
0.444265
1.000000
0.026819
0.880677
0.843974
0.993999
1.001396
1.000000
0.026637
0.036225
0.814059
0.096784
0.879019
1.000000
0.026281
0.488935
0.363688
0.604410
0.508975
1.000000
0.026203
0.808384
0.315678
0.866545
0.382749
1.000000
0.026092
0.710646
0.282205
0.826372
0.412487
1.000000
0.026063
0.194199
0.109834
0.301922
0.239010
1.000000
0.025628
0.012626
0.807053
0.133141
0.935786
1.000000
0.024952
0.566989
0.283341
0.679224
0.413228
1.000000
0.024907
0.001903
0.584752
0.076218
0.729136
1.000000
0.024756
0.015224
0.286037
0.112759
0.420114
1.000000
0.024556
0.084052
0.279310
0.188365
0.413607
1.000000
0.024533
0.099040
0.113084
0.213599
0.246261
1.000000
0.024260
-0.000616
0.954216
0.035360
0.999085
1.000000
0.024188
0.413090
0.451600
0.466418
0.521903
1.000000
0.024173
0.187080
0.021198
0.236906
0.077990
1.000000
0.024058
0.959756
0.712232
0.998558
0.793504
1.000000
0.024005
0.305907
0.288484
0.419106
0.408729
1.000000
0.023757
0.792006
0.217989
0.837350
0.272134
1.000000
0.023555
0.845062
0.902143
0.932065
1.003039
1.000000
0.023518
0.494681
0.286779
0.618737
0.424266
1.000000
0.023097
0.458248
0.449331
0.520519
0.527970
1.000000
0.023031
0.962005
0.487187
0.999594
0.560555
1.000000
0.022912
0.252401
0.814287
0.287193
0.874555
1.000000
0.022881
0.432045
0.345320
0.492096
0.420303
1.000000
0.022742
0.936332
0.810210
1.003786
0.953036
1.000000
0.022650
0.050838
0.032234
0.167522
0.149934
1.000000
0.022590
0.190972
0.922408
0.229683
0.978164
1.000000
0.022569
0.865520
0.945873
0.912192
0.999434
1.000000
0.022481
0.377796
0.693501
0.800341
1.006690
1.000000
0.022452
0.791680
0.349385
0.840343
0.407929
1.000000
0.022239
0.767852
0.187663
0.811588
0.248732
1.000000
0.022210
0.250456
0.759726
0.290363
0.821730
1.000000
0.022175
0.422079
0.551824
0.546646
0.712958
1.000000
0.022086
0.859423
0.351741
0.906950
0.407469
1.000000
0.022061
0.934205
0.316949
0.984532
0.376529
1.000000
0.022047
0.001402
0.107583
0.038585
0.182766
1.000000
0.022040
0.457594
0.317286
0.518237
0.389744
1.000000
0.021908
0.001709
0.639192
0.041862
0.718576
1.000000
0.021714
0.963681
0.645117
1.000156
0.723474
1.000000
0.021613
0.061256
0.216542
0.163143
0.354225
1.000000
0.021399
0.119024
0.218193
0.223891
0.351483
1.000000
0.021312
0.452804
0.227009
0.565562
0.361327
1.000000
0.021273
0.263171
0.851146
0.298752
0.909963
1.000000
0.021264
0.437754
0.477884
0.497375
0.558689
1.000000
0.021235
0.129247
0.023237
0.238141
0.131146
1.000000
0.021168
0.013965
0.184278
0.051110
0.242948
1.000000
0.021055
0.504810
0.348741
0.560029
0.417613
1.000000
0.021007
0.935580
0.166595
1.003546
0.274752
1.000000
0.021006
0.961344
0.775192
1.000126
0.856549
1.000000
0.020916
0.814149
0.253681
0.862327
0.310702
1.000000
0.020869
0.862034
0.189540
0.907690
0.243192
1.000000
0.020856
0.007622
0.671545
0.109156
0.821510
1.000000
0.020838
0.829130
0.178144
0.878634
0.239991
1.000000
0.020828
0.915468
0.292083
0.964407
0.344659
1.000000
0.020809
0.016131
0.888860
0.067292
0.951308
1.000000
0.020746
0.933697
0.695795
1.002061
0.872876
1.000000
0.020709
0.658587
0.413616
0.981948
0.951834
1.000000
0.020650
0.886969
0.319198
0.936666
0.374413
1.000000
0.020626
0.141129
0.952857
0.180467
0.995170
1.000000
0.020621
0.931637
0.233569
1.002508
0.337061
1.000000
0.020603
0.960434
0.286911
0.998933
0.344237
1.000000
0.020602
0.115550
0.724151
0.162643
0.781726
1.000000
0.020518
0.368043
0.574147
0.481752
0.726658
1.000000
0.020510
0.534468
0.413826
0.589515
0.484428
1.000000
0.020468
0.005405
0.213013
0.085337
0.351763
1.000000
0.020464
0.783248
0.330440
0.892325
0.460185
1.000000
0.020251
0.251222
0.113232
0.379889
0.247155
1.000000
0.020128
0.963537
0.186592
0.999221
0.246124
1.000000
0.019971
0.944984
0.607573
1.006229
0.774358
1.000000
0.019962
0.727759
0.146400
0.826707
0.277607
1.000000
0.019912
0.735365
0.871752
0.828830
0.993339
1.000000
0.019880
0.791557
0.290173
0.840815
0.351220
1.000000
0.019853
0.503621
0.446454
0.562973
0.525035
1.000000
0.019841
0.734097
0.314711
0.785899
0.381562
1.000000
0.019836
0.794503
0.175908
0.845800
0.245199
1.000000
0.019823
0.791365
0.257485
0.835706
0.311411
1.000000
0.019781
0.378914
0.366749
0.509033
0.533783
1.000000
0.019693
0.963040
0.538737
1.000696
0.618551
1.000000
0.019657
0.620958
0.265307
0.735409
0.403894
1.000000
0.019640
0.962301
0.218304
0.999748
0.278969
1.000000
0.019613
0.964259
0.154422
0.999063
0.214040
1.000000
0.019581
0.559412
0.580972
0.675681
0.738989
1.000000
0.019488
0.165512
0.244753
0.276346
0.386335
1.000000
0.019422
0.716016
0.906420
0.764716
0.978713
1.000000
0.019396
0.059437
0.912503
0.113430
0.975012
1.000000
0.019305
0.436528
0.417290
0.495721
0.491262
1.000000
0.019297
0.002083
0.922891
0.039639
0.979951
1.000000
0.019244
0.766658
0.955478
0.806719
1.002036
1.000000
0.019231
0.213240
0.274797
0.331777
0.405484
1.000000
0.019148
0.192830
0.725867
0.280428
0.865515
1.000000
0.019140
0.888539
0.227429
0.933073
0.277121
1.000000
0.019123
0.841641
0.386254
0.887308
0.441637
1.000000
0.019070
0.159192
0.776360
0.249932
0.924205
1.000000
0.019045
0.101494
0.611290
0.205330
0.743300
1.000000
0.018921
0.792488
0.385371
0.835606
0.437885
1.000000
0.018814
0.136248
0.692725
0.235778
0.831974
1.000000
0.018796
0.165049
0.723160
0.212707
0.781700
1.000000
0.018741
0.002655
0.820213
0.042605
0.876623
1.000000
0.018730
0.513499
0.229414
0.729247
0.495928
1.000000
0.018729
0.962650
0.349211
0.999744
0.409438
1.000000
0.018728
0.762866
0.317226
0.812214
0.381544
1.000000
0.018674
0.083293
0.815227
0.130732
0.870316
1.000000
0.018670
0.215703
0.753780
0.256616
0.814479
1.000000
0.018594
0.820647
0.289945
0.926197
0.401418
1.000000
0.018544
0.266557
0.956631
0.305552
0.999273
1.000000
0.018514
0.000785
0.887949
0.038176
0.943312
1.000000
0.018460
0.815870
0.950449
0.860518
1.000513
1.000000
0.018375
0.314046
0.313664
0.368910
0.382705
1.000000
0.018360
0.245269
0.730735
0.284158
0.786422
1.000000
0.018292
0.456776
0.378788
0.517842
0.456198
1.000000
0.018260
0.166129
0.951355
0.207719
0.995133
1.000000
0.018206
0.241878
0.955394
0.281634
0.998980
1.000000
0.018198
0.583686
0.345135
0.694268
0.487201
1.000000
0.018194
0.286100
0.746438
0.378677
0.895323
1.000000
0.018168
0.011701
0.003919
0.063482
0.062869
1.000000
0.018120
0.084241
0.740015
0.188242
0.867877
1.000000
0.018104
-0.000511
0.776050
0.079614
0.876555
1.000000
0.018095
0.218511
0.919699
0.254753
0.974322
1.000000
0.018063
0.934092
0.098574
1.001395
0.210705
1.000000
0.018039
0.113607
0.753902
0.162009
0.814304
1.000000
0.017992
0.407631
0.375689
0.470168
0.454406
1.000000
0.017969
0.168007
0.882096
0.250675
0.994451
1.000000
0.017952
0.228976
0.614675
0.281161
0.689871
1.000000
0.017847
0.933862
0.483934
1.000162
0.636156
1.000000
0.017830
0.063422
0.647943
0.166487
0.783377
1.000000
0.017814
0.223104
0.862006
0.256076
0.916577
1.000000
0.017799
0.043016
0.119634
0.146012
0.275017
1.000000
0.017790
0.163789
0.189412
0.213892
0.254142
1.000000
0.017770
0.210953
0.003706
0.258082
0.053458
1.000000
0.017706
0.656054
0.332660
0.773690
0.474283
1.000000
0.017682
0.692604
0.226160
0.794856
0.356260
1.000000
0.017633
0.356938
0.313259
0.412357
0.383188
1.000000
0.017611
0.666270
0.955594
0.707516
1.000282
1.000000
0.017566
0.887512
0.882644
0.931557
0.950498
1.000000
0.017563
0.023549
0.540590
0.123141
0.696012
1.000000
0.017558
0.823567
0.582754
0.905330
0.713372
1.000000
0.017547
0.217230
0.953862
0.255251
0.997811
1.000000
0.017535
0.358050
0.235935
0.470466
0.361967
1.000000
0.017498
0.261122
-0.000140
0.315509
0.054225
1.000000
0.017471
0.742360
0.222330
0.783927
0.273196
1.000000
0.017470
0.564190
0.317030
0.617525
0.384598
1.000000
0.017436
0.255639
0.227530
0.377931
0.368793
1.000000
0.017373
0.961264
0.880360
1.000404
0.953004
1.000000
0.017372
0.906726
0.321038
0.994177
0.440506
1.000000
0.017279
0.221434
0.821247
0.255313
0.875721
1.000000
0.017271
0.137057
0.685469
0.188846
0.748165
1.000000
0.017216
0.318433
0.952606
0.358590
0.998136
1.000000
0.017164
0.762520
0.913907
0.805997
0.980725
1.000000
0.017157
0.164344
0.171562
0.271183
0.307450
1.000000
0.017091
0.243606
0.884000
0.276179
0.935505
1.000000
0.017007
0.113621
0.819245
0.156879
0.873241
1.000000
0.016913
0.779079
0.904956
0.870033
1.006266
1.000000
0.016907
0.005019
0.126698
0.079662
0.265481
1.000000
0.016876
0.966964
0.418561
1.001176
0.481486
1.000000
0.016869
0.001011
0.855813
0.037697
0.910297
1.000000
0.016853
0.367878
0.952635
0.408079
0.996932
1.000000
0.016773
0.740245
0.951917
0.785422
1.002572
1.000000
0.016765
0.431044
0.132691
0.543834
0.267012
1.000000
0.016724
0.000445
0.753989
0.036086
0.812643
1.000000
0.016723
0.417943
0.509632
0.469155
0.582967
1.000000
0.016697
0.171391
0.714058
0.536296
1.014378
1.000000
0.016686
0.005271
0.070141
0.054588
0.151681
1.000000
0.016641
0.716286
0.949827
0.759568
1.000698
1.000000
0.016534
0.869608
0.857732
0.910238
0.921760
1.000000
0.016528
0.236349
0.021194
0.288363
0.081008
1.000000
0.016449
0.794341
0.953554
0.836392
1.002383
1.000000
0.016438
0.869673
0.818965
0.906401
0.874034
1.000000
0.016356
0.258722
0.697489
0.344731
0.837392
1.000000
0.016342
0.136934
0.642137
0.191869
0.711881
1.000000
0.016315
0.412188
0.320803
0.469401
0.393181
1.000000
0.016312
0.163742
0.754354
0.210605
0.815113
1.000000
0.016312
0.063384
0.950975
0.111807
0.998431
1.000000
0.016297
0.089148
0.905594
0.176682
1.006047
1.000000
0.016281
0.509535
0.388956
0.565226
0.459977
1.000000
0.016275
0.000741
0.212705
0.034011
0.273574
1.000000
0.016267
0.085517
0.019080
0.140640
0.080199
1.000000
0.016209
0.818511
0.822140
0.855477
0.874278
1.000000
0.016198
0.743168
0.858706
0.783767
0.916068
1.000000
0.016193
0.112004
0.315389
0.160559
0.383754
1.000000
0.016186
0.266768
0.732206
0.306201
0.793377
1.000000
0.016179
0.012567
0.286438
0.057378
0.355545
1.000000
0.016156
0.221735
0.789124
0.259227
0.848387
1.000000
0.016146
0.822444
0.829313
0.912180
0.958990
1.000000
0.016117
0.436024
0.575871
0.492057
0.653474
1.000000
0.016080
0.213159
0.054323
0.261137
0.110523
1.000000
0.016000
0.541363
0.408126
0.657334
0.558193
1.000000
0.015960
0.310408
0.182016
0.363581
0.244941
1.000000
0.015917
0.055463
0.338306
0.157774
0.472283
1.000000
0.015877
0.188078
0.033289
0.298427
0.155521
1.000000
0.015864
0.321749
0.427710
0.523534
0.695284
1.000000
0.015788
0.011024
0.147020
0.050301
0.211819
1.000000
0.015788
0.916531
0.948479
0.963633
1.001200
1.000000
0.015782
0.171659
0.633420
0.352559
0.919172
1.000000
0.015744
0.109578
0.123526
0.161965
0.193243
1.000000
0.015738
0.875246
0.673341
0.957326
0.831991
1.000000
0.015712
0.063336
0.725941
0.111109
0.785591
1.000000
0.015695
0.316743
0.821902
0.354578
0.879915
1.000000
0.015652
0.916450
0.880729
0.957956
0.945834
1.000000
0.015632
0.043112
0.167484
0.232647
0.434975
1.000000
0.015589
0.458831
0.536989
0.526333
0.621887
1.000000
0.015524
0.766563
0.751687
0.998530
1.010534
1.000000
0.015514
0.018730
0.067685
0.113129
0.210703
1.000000
0.015504
0.081806
0.380715
0.497143
0.911343
1.000000
0.015500
0.639496
0.874554
0.738595
0.993575
1.000000
0.015483
0.239490
0.920013
0.278028
0.976500
1.000000
0.015462
0.911153
0.222883
0.962010
0.279355
1.000000
0.015462
0.614460
0.950050
0.656573
0.995521
1.000000
0.015455
0.740030
0.256567
0.784625
0.312565
1.000000
0.015445
0.416919
0.092582
0.624748
0.362572
1.000000
0.015412
0.484193
0.420764
0.544553
0.495737
1.000000
0.015405
0.814897
0.055997
0.858866
0.117617
1.000000
0.015366
0.113599
0.173876
0.161577
0.242627
1.000000
0.015356
0.538161
0.224067
0.651717
0.355987
1.000000
0.015353
0.243587
-0.005312
0.346589
0.093711
1.000000
0.015308
0.497353
0.469632
0.621706
0.631305
1.000000
0.015287
0.888327
0.255320
0.935534
0.308711
1.000000
0.015283
0.243195
0.681578
0.285116
0.742734
1.000000
0.015272
0.315408
0.787113
0.353456
0.847504
1.000000
0.015204
0.000619
0.319529
0.037478
0.387475
1.000000
0.015127
0.766473
0.256376
0.810388
0.310810
1.000000
0.015118
0.853915
0.345439
0.960110
0.476898
1.000000
0.015108
0.285114
0.782454
0.324935
0.844366
1.000000
0.015100
0.828876
0.182987
0.922798
0.299174
1.000000
0.015096
0.120946
0.862686
0.157839
0.913925
1.000000
0.014985
0.001278
0.253693
0.033387
0.313392
1.000000
0.014974
0.196652
0.895845
0.231911
0.948119
1.000000
0.014971
0.888272
0.194524
0.931519
0.244515
1.000000
0.014926
0.922383
0.714011
0.962430
0.781266
1.000000
0.014917
0.937866
-0.004460
1.000693
0.079956
1.000000
0.014876
0.214285
0.142689
0.271490
0.215513
1.000000
0.014870
0.218832
0.179848
0.435249
0.450391
1.000000
0.014779
0.482223
0.567096
0.545024
0.644511
1.000000
0.014747
0.161104
0.048767
0.210135
0.104914
1.000000
0.014722
0.770827
0.148743
0.814902
0.213791
1.000000
0.014698
0.221786
0.880761
0.305491
0.992097
1.000000
0.014695
0.194300
0.820945
0.234237
0.880703
1.000000
0.014603
0.235629
-0.014688
0.450882
0.166046
1.000000
0.014602
0.416201
0.548955
0.466722
0.618573
1.000000
0.014594
0.872275
0.718852
0.908944
0.776306
1.000000
0.014555
0.112243
0.344301
0.216838
0.477425
1.000000
0.014549
0.327851
0.673998
0.428395
0.825299
1.000000
0.014511
0.157818
0.006640
0.210073
0.057000
1.000000
0.014505
0.634958
0.288496
0.686235
0.354434
1.000000
0.014489
0.822643
0.616151
0.862782
0.670944
1.000000
0.014482
0.914214
0.193713
0.958826
0.245915
1.000000
0.014463
0.511761
0.288383
0.562264
0.352769
1.000000
0.014411
0.567557
0.074318
0.785024
0.359538
1.000000
0.014371
0.089100
0.758245
0.135442
0.815721
1.000000
0.014370
0.918305
0.781828
0.960499
0.852289
1.000000
0.014345
0.721549
0.223683
0.758534
0.271391
1.000000
0.014338
0.864074
0.579976
0.951294
0.735273
1.000000
0.014299
0.114102
0.003435
0.168075
0.054823
1.000000
0.014295
0.308372
-0.000890
0.365806
0.054764
1.000000
0.014290
0.859964
0.233768
0.967312
0.343960
1.000000
0.014222
0.872442
0.756004
0.908837
0.815132
1.000000
0.014183
0.386585
0.289308
0.439091
0.351981
1.000000
0.014176
0.251281
0.611686
0.353003
0.752434
1.000000
0.014163
0.662928
0.189717
0.755918
0.307946
1.000000
0.014158
0.000339
0.716483
0.036674
0.779678
1.000000
0.014153
0.259158
0.183094
0.310450
0.243455
1.000000
0.014153
0.368456
0.187539
0.416238
0.242895
1.000000
0.014132
0.009037
0.339989
0.060536
0.416067
1.000000
0.014111
0.920233
0.650183
0.957517
0.715994
1.000000
0.014096
0.363841
0.146031
0.473462
0.266881
1.000000
0.014042
0.857872
0.152394
0.903801
0.211471
1.000000
0.014038
0.090596
0.954562
0.136149
0.999951
1.000000
0.013981
0.828525
0.676165
0.911060
0.820429
1.000000
0.013979
0.744834
0.125417
0.782639
0.180516
1.000000
0.013978
0.086146
0.348218
0.137618
0.415917
1.000000
0.013975
0.295138
0.956004
0.334293
0.999964
1.000000
0.013959
0.333876
0.291754
0.390579
0.360280
1.000000
0.013956
0.812168
0.419825
0.907432
0.547279
1.000000
0.013941
0.193622
0.786648
0.234909
0.847907
1.000000
0.013921
0.886101
0.351160
0.935610
0.407833
1.000000
0.013903
0.141083
0.588217
0.198808
0.661959
1.000000
0.013895
0.321193
0.379122
0.431540
0.513886
1.000000
0.013875
0.635562
0.058309
0.958555
0.466105
1.000000
0.013874
0.942598
0.458360
0.986987
0.525236
1.000000
0.013874
0.088166
0.283249
0.137516
0.347859
1.000000
0.013851
0.264424
0.314806
0.315871
0.381178
1.000000
0.013851
0.556678
0.388658
0.606772
0.454244
1.000000
0.013814
0.814591
0.096170
0.858773
0.156772
1.000000
0.013814
0.060613
0.759039
0.109546
0.818853
1.000000
0.013813
0.612739
0.715414
0.659186
0.777533
1.000000
0.013769
0.210204
0.636065
0.304091
0.781141
1.000000
0.013764
0.436271
0.289482
0.490233
0.356587
1.000000
0.013750
0.064680
0.111895
0.113498
0.184242
1.000000
0.013749
0.690880
0.318057
0.739728
0.384938
1.000000
0.013744
0.816742
0.852835
0.856934
0.912805
1.000000
0.013723
0.892562
0.821454
0.929828
0.879284
1.000000
0.013720
0.816839
0.887263
0.859192
0.951132
1.000000
0.013654
0.839662
0.418187
0.885314
0.475478
1.000000
0.013534
0.850347
0.752374
0.926404
0.893694
1.000000
0.013522
0.417976
0.953783
0.457466
0.996494
1.000000
0.013482
0.476275
0.591648
0.598640
0.747349
1.000000
0.013467
0.089607
0.649809
0.138570
0.714251
1.000000
0.013463
0.538700
0.353705
0.589695
0.419918
1.000000
0.013451
0.103014
0.811808
0.200036
0.947004
1.000000
0.013451
0.336183
0.344090
0.387378
0.407987
1.000000
0.013441
0.800873
0.073800
0.896091
0.219163
1.000000
0.013423
0.365660
0.640816
0.419320
0.718611
1.000000
0.013357
0.263044
0.337469
0.373999
0.461893
1.000000
0.013351
0.139381
0.797118
0.181926
0.855774
1.000000
0.013350
0.120997
0.923905
0.160641
0.977921
1.000000
0.013333
0.211586
0.090585
0.264104
0.156937
1.000000
0.013314
0.388739
0.348855
0.448511
0.422110
1.000000
0.013307
0.767893
0.385887
0.810480
0.439776
1.000000
0.013290
0.663933
0.349472
0.713505
0.415295
1.000000
0.013280
0.912881
0.256685
0.966568
0.316483
1.000000
0.013253
0.063670
0.179586
0.108772
0.246371
1.000000
0.013233
0.342991
0.953612
0.385553
0.998799
1.000000
0.013230
0.087470
0.581646
0.136261
0.648672
1.000000
0.013222
0.610794
0.283002
0.835053
0.562775
1.000000
0.013208
0.254727
0.115131
0.313504
0.185508
1.000000
0.013179
0.035944
0.721700
0.085685
0.782849
1.000000
0.013166
0.291062
0.819998
0.328190
0.876970
1.000000
0.013166
0.303488
0.186443
0.413330
0.312204
1.000000
0.013151
0.366057
0.383738
0.415552
0.447208
1.000000
0.013151
0.370928
0.912808
0.453958
1.004594
1.000000
0.013071
0.275259
0.881432
0.367947
0.999846
1.000000
0.012984
0.721551
0.192875
0.758664
0.246364
1.000000
0.012964
0.323116
0.909093
0.407710
1.004424
1.000000
0.012925
0.057677
0.646878
0.105957
0.714045
1.000000
0.012917
0.314396
0.258892
0.363906
0.317686
1.000000
0.012876
0.606700
0.581822
0.666229
0.662651
1.000000
0.012867
0.612814
0.386426
0.663919
0.452151
1.000000
0.012844
0.795923
0.760852
0.877479
0.887325
1.000000
0.012838
0.409212
0.608139
0.466602
0.690399
1.000000
0.012836
0.691603
0.256479
0.733142
0.311500
1.000000
0.012835
0.609676
0.309138
0.668061
0.383072
1.000000
0.012824
0.693105
0.953030
0.734912
1.001778
1.000000
0.012774
0.118383
0.613419
0.170502
0.686905
1.000000
0.012769
0.312421
0.752833
0.355252
0.815459
1.000000
0.012751
0.601238
0.905246
0.682797
0.998866
1.000000
0.012739
0.225066
0.166738
0.347535
0.314547
1.000000
0.012739
0.843418
0.121148
0.949013
0.243373
1.000000
0.012705
0.389254
0.581703
0.442963
0.655894
1.000000
0.012695
0.918279
0.582998
0.956461
0.646279
1.000000
0.012676
0.690460
0.287506
0.736450
0.348799
1.000000
0.012670
0.196117
0.857897
0.234299
0.916022
1.000000
0.012663
0.868606
0.651001
0.907262
0.711911
1.000000
0.012646
0.918644
0.517851
0.960328
0.583768
1.000000
0.012643
0.062163
0.314253
0.112083
0.387420
1.000000
0.012619
0.040870
0.184359
0.081125
0.244433
1.000000
0.012615
0.162389
0.117911
0.212648
0.183340
1.000000
0.012609
0.090644
0.893190
0.132834
0.947604
1.000000
0.012606
0.367788
0.716902
0.412823
0.783712
1.000000
0.012598
0.058829
0.409518
0.159716
0.562630
1.000000
0.012504
0.324005
-0.009082
0.437554
0.091389
1.000000
0.012489
0.888121
0.158533
0.931475
0.211848
1.000000
0.012481
0.768741
0.831069
0.801619
0.879751
1.000000
0.012469
0.836584
0.520209
0.923820
0.652983
1.000000
0.012459
0.695893
0.913262
0.738311
0.979721
1.000000
0.012436
0.511347
0.148768
0.614640
0.275678
1.000000
0.012422
0.083623
0.360236
0.291144
0.670168
1.000000
0.012408
0.002137
0.586274
0.040976
0.663857
1.000000
0.012404
0.869332
0.479625
0.963550
0.628155
1.000000
0.012382
0.692433
0.225015
0.730657
0.273818
1.000000
0.012379
0.711816
0.343592
0.766081
0.412601
1.000000
0.012367
0.161894
0.791997
0.205002
0.852141
1.000000
0.012314
0.660608
0.315308
0.709025
0.382454
1.000000
0.012281
0.093026
0.689479
0.138020
0.747359
1.000000
0.012252
0.114041
0.256951
0.159790
0.319201
1.000000
0.012234
0.438309
0.000669
0.488297
0.052699
1.000000
0.012227
0.560958
0.694544
0.665361
0.844057
1.000000
0.012224
0.909587
0.381376
0.960093
0.446772
1.000000
0.012206
0.862042
0.621073
0.904492
0.681570
1.000000
0.012198
0.137907
0.313709
0.187880
0.379393
1.000000
0.012165
0.648096
0.809423
0.825134
1.018068
1.000000
0.012153
0.609147
0.743977
0.703248
0.890786
1.000000
0.012144
0.910508
0.385278
0.996662
0.535759
1.000000
0.012133
0.095994
0.529702
0.202409
0.674230
1.000000
0.012128
0.706459
0.826808
0.788783
0.954859
1.000000
0.012120
0.477162
0.471968
0.548989
0.565478
1.000000
0.012110
0.185176
0.817116
0.348220
1.029112
1.000000
0.012089
0.258968
0.052099
0.314932
0.114103
1.000000
0.012053
0.791896
0.421784
0.834846
0.473770
1.000000
0.012046
0.796371
0.857935
0.830963
0.909118
1.000000
0.012024
0.668378
0.223576
0.707953
0.271915
1.000000
0.012013
0.717482
0.288064
0.765457
0.351799
1.000000
0.011998
0.413948
0.258632
0.461712
0.315544
1.000000
0.011996
0.816520
0.421640
0.861052
0.475034
1.000000
0.011995
0.669177
0.117341
0.761054
0.251023
1.000000
0.011983
0.286911
0.726619
0.328698
0.787355
1.000000
0.011975
0.483007
0.010324
0.703120
0.254503
1.000000
0.011969
0.365339
0.219012
0.410828
0.270824
1.000000
0.011947
0.844970
0.823305
0.882420
0.878988
1.000000
0.011941
0.165061
0.859265
0.202628
0.913510
1.000000
0.011931
0.164672
0.155631
0.212584
0.216217
1.000000
0.011881
0.308692
0.120757
0.365700
0.189786
1.000000
0.011879
-0.001131
0.497528
0.067391
0.642446
1.000000
0.011866
0.638191
0.259661
0.683863
0.317660
1.000000
0.011860
0.142127
0.213249
0.191969
0.275770
1.000000
0.011851
0.066240
0.254500
0.112254
0.321202
1.000000
0.011836
0.343288
0.719740
0.388334
0.781667
1.000000
0.011812
0.693462
0.194226
0.730217
0.246067
1.000000
0.011792
0.363431
0.260185
0.410624
0.317224
1.000000
0.011774
0.722951
0.030399
0.808610
0.157309
1.000000
0.011771
0.798460
0.825081
0.832883
0.874438
1.000000
0.011766
0.185241
0.687514
0.236141
0.751821
1.000000
0.011761
0.891282
0.715316
0.931560
0.778121
1.000000
0.011753
0.393684
0.482904
0.443163
0.546691
1.000000
0.011721
0.859146
0.604183
1.000796
0.926582
1.000000
0.011718
0.390405
0.953827
0.431607
0.997719
1.000000
0.011686
0.937797
0.378737
0.987540
0.447153
1.000000
0.011670
0.639482
0.954158
0.684458
1.000650
1.000000
0.011649
0.132435
0.150047
0.182687
0.212592
1.000000
0.011639
0.802530
0.178427
0.993215
0.433225
1.000000
0.011608
0.112979
0.380470
0.159308
0.442366
1.000000
0.011601
0.154809
0.494446
0.266496
0.641510
1.000000
0.011571
0.127301
0.006394
0.518364
0.324821
1.000000
0.011509
0.140440
0.860852
0.177640
0.914319
1.000000
0.011493
0.413959
0.219497
0.461647
0.273799
1.000000
0.011472
0.164157
0.282980
0.215448
0.351078
1.000000
0.011456
0.406934
0.185158
0.459834
0.245635
1.000000
0.011454
0.388579
0.260336
0.435404
0.315439
1.000000
0.011446
0.345954
0.788780
0.384297
0.845018
1.000000
0.011420
0.458942
0.610662
0.512125
0.685019
1.000000
0.011412
0.632808
0.400900
0.742114
0.541372
1.000000
0.011409
0.288037
0.288897
0.342690
0.355666
1.000000
0.011400
0.087237
0.055395
0.134820
0.111154
1.000000
0.011379
0.238358
0.314192
0.287993
0.378133
1.000000
0.011373
0.116548
0.213267
0.161473
0.274903
1.000000
0.011373
0.916643
0.454225
0.959036
0.514660
1.000000
0.011355
0.775582
0.610957
0.868126
0.748649
1.000000
0.011347
0.478531
0.089762
0.581770
0.220501
1.000000
0.011345
0.903545
0.529529
0.984597
0.697779
1.000000
0.011331
0.462445
0.182495
0.513950
0.245988
1.000000
0.011331
0.367273
0.452542
0.411661
0.514495
1.000000
0.011311
0.762288
0.881340
0.799980
0.941867
1.000000
0.011281
0.191896
0.114164
0.247545
0.186619
1.000000
0.011257
0.264487
0.257958
0.311254
0.316925
1.000000
0.011255
0.187776
0.336510
0.298983
0.468005
1.000000
0.011246
0.664865
0.257251
0.708696
0.313916
1.000000
0.011229
0.637556
0.346537
0.687739
0.412861
1.000000
0.011219
0.057117
0.015935
0.111076
0.079441
1.000000
0.011204
0.488001
0.001078
0.535681
0.050808
1.000000
0.011199
0.686664
0.378434
0.735576
0.443487
1.000000
0.011182
0.666358
0.857029
0.705535
0.914001
1.000000
0.011175
0.609677
0.152018
0.716242
0.284911
1.000000
0.011173
0.721612
0.829083
0.759770
0.885903
1.000000
0.011145
0.847847
0.794494
0.884962
0.849250
1.000000
0.011145
0.605285
0.483165
0.711494
0.635842
1.000000
0.011139
0.820753
0.651275
0.858138
0.704675
1.000000
0.011135
0.584006
0.387814
0.636513
0.451548
1.000000
0.011119
0.562980
0.254027
0.611551
0.313283
1.000000
0.011117
0.820336
0.761975
0.853854
0.813263
1.000000
0.011106
0.514867
0.190270
0.559671
0.246452
1.000000
0.011097
0.214721
0.681051
0.262500
0.743325
1.000000
0.011092
0.293896
0.853805
0.329578
0.910131
1.000000
0.011076
0.316414
0.721794
0.358555
0.781677
1.000000
0.011064
0.699394
0.858916
0.736841
0.915189
1.000000
0.011050
0.504660
0.593515
0.713419
0.882832
1.000000
0.011021
0.034398
0.579714
0.084844
0.658490
1.000000
0.011016
0.368961
0.823856
0.403923
0.876563
1.000000
0.010960
0.514121
0.253133
0.561728
0.315252
1.000000
0.010914
0.231086
0.346742
0.451048
0.628797
1.000000
0.010911
0.211245
0.211906
0.262634
0.274660
1.000000
0.010862
0.838611
0.596969
0.878650
0.650367
1.000000
0.010857
0.813240
0.023449
0.859027
0.083754
1.000000
0.010835
0.844733
0.851848
0.884752
0.912857
1.000000
0.010824
0.317055
0.383795
0.361079
0.438533
1.000000
0.010809
0.337569
0.221594
0.384582
0.274589
1.000000
0.010805
0.541510
0.430426
0.760560
0.728003
1.000000
0.010795
0.139517
0.253233
0.186803
0.315526
1.000000
0.010792
0.555575
0.516854
0.607491
0.586757
1.000000
0.010778
0.631764
0.641248
0.688064
0.720357
1.000000
0.010738
0.319043
0.855074
0.355368
0.914448
1.000000
0.010730
0.705467
0.373583
0.820795
0.512927
1.000000
0.010721
0.160656
0.417993
0.266130
0.554452
1.000000
0.010714
0.214384
0.560914
0.258373
0.619710
1.000000
0.010701
0.368216
0.785652
0.405060
0.841897
1.000000
0.010701
0.012726
0.365669
0.114168
0.519452
1.000000
0.010680
0.564697
0.222033
0.609108
0.273471
1.000000
0.010677
0.890849
0.753214
0.929882
0.817697
1.000000
0.010675
0.168441
0.891963
0.204123
0.941574
1.000000
0.010666
0.231443
0.515121
0.433403
0.781569
1.000000
0.010661
0.838936
0.457037
0.881971
0.513046
1.000000
0.010641
0.436556
0.638905
0.488952
0.713803
1.000000
0.010631
0.797235
0.483635
0.889096
0.610547
1.000000
0.010622
0.820481
0.561384
0.860364
0.610021
1.000000
0.010610
0.602593
0.545379
0.806719
0.847175
1.000000
0.010600
0.842938
0.003308
0.882982
0.046650
1.000000
0.010597
0.765367
0.000332
0.810021
0.050340
1.000000
0.010583
0.288167
0.214699
0.339153
0.274147
1.000000
0.010559
0.617589
0.224876
0.658848
0.273567
1.000000
0.010553
0.721724
0.123451
0.757179
0.177763
1.000000
0.010549
0.910902
0.417343
0.958630
0.480133
1.000000
0.010494
0.838910
0.488515
0.881186
0.542019
1.000000
0.010487
0.604866
0.675524
0.662125
0.749344
1.000000
0.010472
0.667102
0.751918
0.757005
0.893321
1.000000
0.010434
0.265167
0.052522
0.692680
0.518595
1.000000
0.010433
0.864825
0.002708
0.906669
0.047793
1.000000
0.010429
0.821097
0.723547
0.855543
0.773702
1.000000
0.010408
0.739828
0.382286
0.786635
0.440487
1.000000
0.010406
0.386732
-0.000260
0.437300
0.051071
1.000000
0.010406
0.138062
0.385491
0.184451
0.444640
1.000000
0.010391
0.213146
0.253133
0.261423
0.316926
1.000000
0.010382
0.434935
-0.004159
0.534164
0.094326
1.000000
0.010377
0.464358
0.218381
0.511276
0.274068
1.000000
0.010373
0.465170
0.144799
0.516640
0.212452
1.000000
0.010334
0.797901
0.888293
0.834813
0.945833
1.000000
0.010316
0.801674
0.592458
0.837358
0.638934
1.000000
0.010290
0.523903
0.539510
0.588336
0.622633
1.000000
0.010271
0.392910
0.416544
0.446579
0.484596
1.000000
0.010203
0.865805
0.558662
0.905956
0.609151
1.000000
0.010203
0.564827
0.715974
0.608403
0.774500
1.000000
0.010201
0.888912
0.621013
0.930473
0.684637
1.000000
0.010194
0.187699
0.311385
0.237964
0.378319
1.000000
0.010164
0.770912
0.684268
0.860587
0.822602
1.000000
0.010159
0.892532
0.557225
0.933015
0.612954
1.000000
0.010154
0.289971
0.347361
0.340101
0.407982
1.000000
0.010132
0.790286
0.001504
0.834564
0.049297
1.000000
0.010131
0.039310
0.285686
0.088009
0.354136
1.000000
0.010115
0.820709
0.692340
0.856131
0.741471
1.000000
0.010113
0.340225
0.381844
0.387587
0.441024
1.000000
0.010104
0.768101
0.829920
0.860732
0.954630
1.000000
0.010097
0.061350
0.683928
0.107060
0.745331
1.000000
0.010097
0.787721
0.012296
0.878567
0.142975
1.000000
0.010090
0.216674
0.414975
0.323543
0.543796
1.000000
0.010088
0.914984
0.157387
0.956623
0.209914
1.000000
0.010081
0.467739
0.957580
0.504326
0.998390
1.000000
0.010028
0.641882
0.225129
0.682830
0.274205
1.000000
0.010021
0.587150
0.288285
0.642888
0.355853
1.000000
0.010014
0.541107
0.192391
0.583015
0.245462
1.000000
0.010001
0.769442
0.092873
0.809360
0.147411
