1.000000
0.747526
0.378829
0.273852
0.561884
0.582269
1.000000
0.080229
-0.019589
0.629293
0.306406
1.075008
1.000000
0.049276
0.116341
-0.002358
0.315108
0.161539
1.000000
0.038457
0.539978
0.348721
0.594128
0.426633
1.000000
0.037789
-0.002553
-0.000189
0.071747
0.149860
1.000000
0.034566
0.802405
0.912291
0.856399
0.989109
1.000000
0.034290
0.853957
0.120692
0.900540
0.181844
1.000000
0.033671
0.055380
0.617675
0.157628
0.738211
1.000000
0.033123
0.803352
-0.008042
0.959427
0.194497
1.000000
0.031549
0.278620
0.331003
0.626633
0.885584
1.000000
0.031127
0.869636
0.921695
0.916984
0.988770
1.000000
0.031114
0.940008
0.949840
0.987156
1.000494
1.000000
0.030224
0.049362
0.766313
0.165383
0.906738
1.000000
0.027891
0.964196
0.147864
0.996582
0.205265
1.000000
0.026841
0.030894
0.666573
0.145653
0.813240
1.000000
0.026029
0.765982
0.944225
0.814740
0.999061
1.000000
0.025428
0.909506
0.950819
0.954945
0.999322
1.000000
0.024216
0.471297
0.281703
0.593170
0.464905
1.000000
0.023480
0.007088
0.916136
0.061847
0.986509
1.000000
0.023408
0.965966
0.022169
0.999204
0.083843
1.000000
0.023243
0.963080
0.921962
0.998948
0.986391
1.000000
0.022788
0.071642
0.021387
0.190296
0.155763
1.000000
0.022707
0.967333
0.089651
0.996731
0.149979
1.000000
0.022549
0.158993
0.074606
0.221109
0.149436
1.000000
0.022070
0.838928
0.948222
0.888373
1.002530
1.000000
0.021801
0.742330
0.771933
0.993665
1.014291
1.000000
0.021525
0.635435
0.215549
0.996152
0.876611
1.000000
0.020936
0.590605
0.224801
0.718528
0.365321
1.000000
0.020922
0.900890
0.885590
0.990668
0.997757
1.000000
0.020864
0.011248
0.790107
0.059681
0.849798
1.000000
0.020634
0.961323
0.782122
0.997033
0.849143
1.000000
0.020594
0.869846
0.894163
0.909208
0.952388
1.000000
0.020170
-0.002481
0.695780
0.069504
0.807105
1.000000
0.020052
0.121382
0.748248
0.221128
0.887973
1.000000
0.019966
0.361519
0.323450
0.472974
0.506777
1.000000
0.019817
0.008319
0.100799
0.054353
0.174765
1.000000
0.019723
0.679750
0.039392
0.954280
0.322719
1.000000
0.019701
0.205909
-0.003977
0.269795
0.060403
1.000000
0.019666
0.125163
0.619253
0.224428
0.745977
1.000000
0.019501
0.103544
0.096376
0.232770
0.239885
1.000000
0.019212
0.739527
0.261280
0.861883
0.409088
1.000000
0.019054
0.838670
0.004296
0.885359
0.052139
1.000000
0.018976
0.917997
0.735606
0.997200
0.880175
1.000000
0.018882
0.003450
0.765168
0.098544
0.891359
1.000000
0.018813
0.967006
0.056421
0.997342
0.116420
1.000000
0.018477
0.387022
0.375804
0.437779
0.450912
1.000000
0.018477
0.965343
0.885852
0.998930
0.947999
1.000000
0.018401
0.962196
0.287892
0.998903
0.346125
1.000000
0.018161
0.968016
0.219195
1.001452
0.276160
1.000000
0.018161
0.895797
0.282466
0.992217
0.401974
1.000000
0.018030
0.001070
0.230797
0.065380
0.351281
1.000000
0.017956
0.112123
0.718956
0.161569
0.782564
1.000000
0.017948
0.006096
0.831098
0.137479
0.986241
1.000000
0.017587
0.014827
0.682297
0.061818
0.749066
1.000000
0.017567
0.088966
-0.000279
0.140098
0.057600
1.000000
0.017460
0.001034
-0.003198
0.043432
0.065263
1.000000
0.017341
0.002002
0.549084
0.036368
0.616131
1.000000
0.017332
0.963814
0.651412
0.997431
0.717109
1.000000
0.017146
0.833696
0.262970
0.941379
0.386629
1.000000
0.017119
0.086145
0.106764
0.136929
0.174040
1.000000
0.017098
0.160115
-0.004096
0.220593
0.056963
1.000000
0.017034
0.436038
0.423236
0.570168
0.649191
1.000000
0.016979
0.001136
0.888999
0.039743
0.953246
1.000000
0.016930
0.843693
0.892292
0.882219
0.949151
1.000000
0.016929
0.965713
0.180798
1.000458
0.242782
1.000000
0.016786
0.428845
0.191003
0.796187
0.725912
1.000000
0.016768
0.859503
0.062582
0.901012
0.118171
1.000000
0.016708
0.011724
0.584385
0.055413
0.650298
1.000000
0.016689
0.085260
0.755742
0.139554
0.825516
1.000000
0.016640
0.913242
0.638720
0.999614
0.799883
1.000000
0.016618
0.181997
0.011293
0.250323
0.096561
1.000000
0.016558
0.000808
0.814930
0.039981
0.873941
1.000000
0.016475
-0.000344
0.622547
0.075998
0.736364
1.000000
0.016434
0.000174
0.756796
0.039086
0.817782
1.000000
0.016431
0.138645
0.685268
0.233381
0.817992
1.000000
0.016304
0.915799
0.149332
0.998855
0.271418
1.000000
0.016216
0.060410
0.816497
0.118969
0.884091
1.000000
0.016187
0.859938
0.029852
0.904302
0.085656
1.000000
0.016143
0.554296
0.269465
0.661391
0.427575
1.000000
0.016026
0.316139
0.225381
0.414567
0.368362
1.000000
0.015886
0.599036
0.208581
0.842136
0.488493
1.000000
0.015870
0.933081
0.818788
1.004610
0.945748
1.000000
0.015820
0.035391
0.711811
0.085718
0.774495
1.000000
0.015802
0.968321
0.551734
0.999275
0.611288
1.000000
0.015724
0.717713
0.958026
0.757362
1.000885
1.000000
0.015673
0.058032
0.214662
0.161877
0.354427
1.000000
0.015624
0.869016
0.622453
0.904714
0.674613
1.000000
0.015578
0.506728
0.223666
0.625980
0.385968
1.000000
0.015546
0.057836
0.670997
0.115209
0.748154
1.000000
0.015506
0.966164
0.718905
0.999258
0.783239
1.000000
0.015476
0.861844
0.286387
0.917476
0.351383
1.000000
0.015394
0.872799
0.654170
0.907063
0.706195
1.000000
0.015363
0.964087
0.317251
1.000331
0.379532
1.000000
0.015324
0.918003
0.654269
0.956897
0.715372
1.000000
0.015315
0.000674
0.613225
0.037278
0.678601
1.000000
0.015084
0.889436
0.003546
0.931834
0.049243
1.000000
0.015067
0.107562
0.674000
0.160268
0.746347
1.000000
0.015053
0.849030
0.674853
0.939255
0.818585
1.000000
0.015031
0.869620
0.863739
0.908229
0.919263
1.000000
0.014924
0.965456
0.353382
1.000638
0.411348
1.000000
0.014876
0.201321
0.071812
0.268689
0.149738
1.000000
0.014873
0.930129
0.238573
1.004729
0.343747
1.000000
0.014865
0.259491
0.119783
0.304040
0.178178
1.000000
0.014852
0.869449
0.837319
0.960102
0.962649
1.000000
0.014836
0.000816
0.648897
0.037598
0.712030
1.000000
0.014735
0.000497
0.721452
0.037654
0.780385
1.000000
0.014735
0.942323
0.808381
0.987710
0.879779
1.000000
0.014545
0.916326
0.028424
0.992067
0.154878
1.000000
0.014424
0.871074
0.825711
0.904771
0.877069
1.000000
0.014391
0.138279
0.677892
0.188740
0.750455
1.000000
0.014388
0.751602
0.921412
0.794849
0.984042
1.000000
0.014342
0.136567
0.751931
0.186893
0.820059
1.000000
0.014333
0.207972
0.043939
0.404911
0.286496
1.000000
0.014329
0.129541
0.014745
0.196330
0.097180
1.000000
0.014325
0.914088
0.130485
0.953455
0.178521
1.000000
0.014293
0.041304
0.642539
0.097811
0.722012
1.000000
0.014277
0.033668
0.755722
0.085534
0.819252
1.000000
0.014267
0.008723
0.557932
0.092788
0.686325
1.000000
0.014218
0.228044
0.012946
0.291853
0.096908
1.000000
0.014205
0.134401
0.816612
0.184581
0.881964
1.000000
0.014119
0.740846
0.898705
0.840997
1.003184
1.000000
0.014049
0.040375
0.146621
0.237877
0.437070
1.000000
0.014028
0.011358
0.852295
0.061198
0.917343
1.000000
0.013991
0.113630
0.953804
0.161229
1.001831
1.000000
0.013953
0.197936
0.678246
0.298645
0.817374
1.000000
0.013920
0.255851
-0.000905
0.309094
0.056491
1.000000
0.013915
0.950808
0.128380
0.990221
0.182477
1.000000
0.013852
0.059276
0.951327
0.109919
1.001703
1.000000
0.013846
0.138374
0.112590
0.193258
0.179384
1.000000
0.013817
0.892033
0.865730
0.930797
0.920479
1.000000
0.013713
0.600852
0.790036
0.707664
0.918342
1.000000
0.013683
0.002445
0.381381
0.035324
0.447192
1.000000
0.013658
0.912746
0.888670
0.952201
0.945954
1.000000
0.013639
0.835493
0.183352
0.936395
0.309920
1.000000
0.013635
0.909842
0.183398
0.954350
0.238644
1.000000
0.013635
0.065287
0.592587
0.112270
0.659566
1.000000
0.013618
0.049287
0.582997
0.247537
0.826654
1.000000
0.013586
0.916300
0.859078
0.956384
0.915557
1.000000
0.013556
0.485682
0.315555
0.537839
0.389403
1.000000
0.013470
0.899544
0.347676
0.993055
0.482111
1.000000
0.013469
0.924068
0.782431
0.964530
0.841617
1.000000
0.013454
0.765412
0.061600
0.889954
0.208281
1.000000
0.013442
0.885545
0.127410
0.929229
0.179454
1.000000
0.013430
0.001897
0.315857
0.036896
0.383475
1.000000
0.013421
0.899097
0.657022
0.934444
0.710506
1.000000
0.013396
0.610786
0.310436
0.662992
0.382845
1.000000
0.013387
0.420105
0.234091
0.544945
0.402853
1.000000
0.013365
0.966369
0.386386
1.000284
0.446623
1.000000
0.013347
0.888932
0.025266
0.932890
0.081438
1.000000
0.013298
0.161801
0.783863
0.205662
0.846683
1.000000
0.013296
0.827880
0.102307
0.920495
0.219609
1.000000
0.013286
0.605764
0.299463
0.721056
0.450449
1.000000
0.013260
0.651716
0.682333
0.746349
0.827720
1.000000
0.013208
0.865845
0.180337
0.908854
0.236120
1.000000
0.013143
0.067077
0.352768
0.162270
0.490776
1.000000
0.013122
0.913016
0.022265
0.957034
0.077228
1.000000
0.013098
0.388370
0.476061
0.502622
0.656826
1.000000
0.013071
0.838810
0.087085
0.892416
0.159231
1.000000
0.013044
0.001983
0.487540
0.033178
0.550256
1.000000
0.013032
0.854842
0.588275
0.938897
0.719665
1.000000
0.013032
0.518966
0.907159
0.619171
1.004823
1.000000
0.012959
0.658003
0.276376
0.792774
0.423558
1.000000
0.012937
0.160117
0.235119
0.263752
0.380798
1.000000
0.012923
0.744546
0.680166
0.834810
0.819969
1.000000
0.012827
0.970062
0.491576
1.000496
0.549427
1.000000
0.012794
0.870629
0.723348
0.904362
0.773765
1.000000
0.012779
0.967879
0.586747
0.999358
0.648387
1.000000
0.012728
0.002425
0.452520
0.032789
0.513673
1.000000
0.012699
0.790877
0.723292
0.827013
0.773969
1.000000
0.012694
0.359559
0.523256
0.788776
1.115400
1.000000
0.012646
0.366063
0.318508
0.415451
0.393970
1.000000
0.012612
0.304716
0.578268
0.412983
0.729151
1.000000
0.012601
0.776684
0.184773
0.888469
0.329194
1.000000
0.012469
0.435290
0.578698
0.548852
0.737166
1.000000
0.012433
0.457481
0.673312
0.560767
0.823612
1.000000
0.012413
0.080249
0.899524
0.180229
1.007295
1.000000
0.012408
0.387058
0.437366
0.442614
0.518542
1.000000
0.012390
0.133761
0.880239
0.242953
1.002438
1.000000
0.012385
0.290121
0.000293
0.336565
0.052322
1.000000
0.012368
0.388417
0.280939
0.440357
0.359180
1.000000
0.012365
0.942893
0.000882
0.986887
0.049835
1.000000
0.012354
0.003000
0.493261
0.073325
0.625492
1.000000
0.012345
0.105351
0.784920
0.162955
0.858474
1.000000
0.012331
0.766882
-0.001121
0.874309
0.112606
1.000000
0.012326
0.001429
0.223037
0.037201
0.288698
1.000000
0.012267
0.634679
0.912505
0.725818
1.005047
1.000000
0.012252
0.969402
0.454440
1.000620
0.513953
1.000000
0.012223
0.783337
0.257455
0.838460
0.324277
1.000000
0.012205
0.001381
0.123562
0.082100
0.292031
1.000000
0.012127
0.162774
0.714927
0.211677
0.783376
1.000000
0.012051
0.968771
0.421976
1.000680
0.478120
1.000000
0.011969
0.940901
0.676564
0.986735
0.747851
1.000000
0.011961
0.780640
0.311366
0.840313
0.389263
1.000000
0.011950
0.790331
0.116675
0.840823
0.181086
1.000000
0.011920
0.255528
0.623654
0.369566
0.768106
1.000000
0.011890
0.039453
-0.017407
0.140175
0.115888
1.000000
0.011874
0.270481
0.272288
0.367690
0.413665
1.000000
0.011858
0.838305
0.259496
0.887119
0.318032
1.000000
0.011857
0.920584
0.720253
0.958598
0.778906
1.000000
0.011842
0.884600
0.312528
0.935622
0.375779
1.000000
0.011823
0.872825
0.686912
0.906772
0.739478
1.000000
0.011795
0.213132
0.713851
0.261127
0.785693
1.000000
0.011793
0.359803
0.599801
0.468868
0.750942
1.000000
0.011742
0.441222
0.002517
0.482231
0.048787
1.000000
0.011710
0.437459
0.383620
0.486511
0.451537
1.000000
0.011686
0.435838
0.316017
0.488362
0.390860
1.000000
0.011626
0.229753
0.495733
0.434932
0.775905
1.000000
0.011564
0.114558
0.345412
0.214498
0.482167
1.000000
0.011556
0.173120
0.093179
0.297974
0.233434
1.000000
0.011511
0.690662
0.956679
0.733991
1.001273
1.000000
0.011509
0.665117
0.957499
0.707767
0.999701
1.000000
0.011503
0.895160
0.824992
0.929570
0.877620
1.000000
0.011503
0.219595
0.236072
0.326355
0.380977
1.000000
0.011491
0.090252
0.389153
0.130416
0.445030
1.000000
0.011465
0.787781
0.001758
0.839599
0.054646
1.000000
0.011394
0.921667
0.817174
0.959343
0.874366
1.000000
0.011381
0.840713
0.222144
0.883342
0.277185
1.000000
0.011378
0.943383
0.626048
0.987436
0.690883
1.000000
0.011311
0.499659
0.753496
0.596253
0.894482
1.000000
0.011273
0.137065
0.195306
0.337839
0.495162
1.000000
0.011255
0.907035
0.287545
0.960122
0.348146
1.000000
0.011249
0.285993
0.005431
0.385330
0.131284
1.000000
0.011239
0.537011
0.289082
0.586585
0.358065
1.000000
0.011234
0.914828
0.159506
0.953768
0.205500
1.000000
0.011230
0.791963
0.616679
0.972560
0.904743
1.000000
0.011216
0.111608
0.189834
0.225084
0.338701
1.000000
0.011207
0.039457
0.344040
0.226343
0.672391
1.000000
0.011200
0.659131
0.256006
0.713481
0.324528
1.000000
0.011178
0.640750
0.851298
0.680861
0.901885
1.000000
0.011175
0.895372
0.627283
0.932245
0.681649
1.000000
0.011172
0.569286
0.251976
0.620756
0.318939
1.000000
0.011158
0.182936
0.108248
0.236362
0.173164
1.000000
0.011148
0.438693
0.651196
0.487103
0.715009
1.000000
0.011063
0.767864
0.721086
0.807666
0.776924
1.000000
0.011046
0.871089
0.792328
0.904903
0.843711
1.000000
0.011044
0.000795
0.140970
0.035275
0.205696
1.000000
0.010986
0.164485
0.955098
0.209177
1.001194
1.000000
0.010971
0.809542
0.020710
0.865233
0.084806
1.000000
0.010956
0.313598
0.018470
0.364349
0.085347
1.000000
0.010951
0.938946
0.421057
1.007965
0.549737
1.000000
0.010941
0.409770
0.473815
0.462940
0.548044
1.000000
0.010926
0.185013
0.643242
0.233339
0.717816
1.000000
0.010886
0.063257
0.525360
0.158281
0.676431
1.000000
0.010884
0.850373
0.624428
0.884849
0.674141
1.000000
0.010881
-0.003926
0.417502
0.053149
0.542832
1.000000
0.010876
0.009874
0.522475
0.049010
0.586320
1.000000
0.010852
0.870582
0.759207
0.903998
0.809226
1.000000
0.010835
0.083396
0.842130
0.137439
0.909102
1.000000
0.010832
0.842061
0.180727
0.886454
0.239504
1.000000
0.010792
0.572062
0.871961
0.694222
0.992624
1.000000
0.010750
0.888759
-0.010055
0.975355
0.093503
1.000000
0.010745
0.708130
0.194151
0.829858
0.344454
1.000000
0.010734
0.769155
0.896043
0.811095
0.957340
1.000000
0.010726
0.881912
0.093731
0.974569
0.214457
1.000000
0.010704
0.008961
0.348503
0.049292
0.412882
1.000000
0.010678
0.486099
0.254409
0.538237
0.324226
1.000000
0.010663
0.913536
0.561799
0.994081
0.704887
1.000000
0.010655
0.555080
0.144147
0.685212
0.292080
1.000000
0.010635
0.070697
0.444948
0.160966
0.596309
1.000000
0.010631
0.913392
0.092163
0.950367
0.141461
1.000000
0.010612
0.412943
0.545270
0.464374
0.617909
1.000000
0.010599
0.944998
0.494255
1.007452
0.618074
1.000000
0.010597
0.887655
0.158759
0.928203
0.206488
1.000000
0.010588
0.123038
0.455977
0.329071
0.740103
1.000000
0.010582
0.816373
0.652427
0.851465
0.704730
1.000000
0.010575
0.865929
0.451882
0.906979
0.510447
1.000000
0.010559
0.871896
0.556917
0.907700
0.609594
1.000000
0.010523
0.337901
0.251312
0.385272
0.319664
1.000000
0.010520
0.563176
0.954973
0.609299
1.000906
1.000000
0.010520
0.812958
0.847516
0.906245
0.967426
1.000000
0.010496
0.846038
0.403874
0.938197
0.542812
1.000000
0.010467
0.745905
0.786513
0.837367
0.927842
1.000000
0.010436
0.606232
0.251494
0.666777
0.325199
1.000000
0.010410
0.221203
0.346789
0.322573
0.475027
1.000000
0.010367
0.528478
0.348188
0.617373
0.521340
1.000000
0.010362
0.116935
0.388223
0.156577
0.443104
1.000000
0.010353
0.847592
0.477242
0.935068
0.623075
1.000000
0.010306
0.819034
0.824582
0.852448
0.875449
1.000000
0.010289
0.711371
0.717168
0.752281
0.778738
1.000000
0.010289
0.116638
0.452909
0.157066
0.511293
1.000000
0.010274
-0.009152
0.459942
0.131750
0.719106
1.000000
0.010238
0.866121
0.388548
0.912321
0.448372
1.000000
0.010222
0.615189
0.957294
0.658249
1.000452
1.000000
0.010203
0.677250
0.742497
0.766258
0.883588
1.000000
0.010194
0.865607
0.220871
0.909639
0.275389
1.000000
0.010194
0.806474
0.350016
0.853065
0.411183
1.000000
0.010192
0.593766
0.694972
0.789391
0.958527
1.000000
0.010171
0.739000
0.256034
0.791400
0.322320
1.000000
0.010157
0.461254
0.284207
0.513912
0.358321
1.000000
0.010122
0.744878
0.720999
0.783907
0.776568
1.000000
0.010069
0.860943
0.350912
0.912053
0.414037
1.000000
0.010018
0.819322
0.865923
0.856078
0.923057
1.000000
0.010010
0.911807
0.219495
0.957431
0.275199
1.000000
0.010005
0.066535
0.557586
0.105450
0.616684
1.000000
0.010005
0.783363
0.719901
0.877934
0.857632
