1.000000
0.981509
0.337107
0.305098
0.554452
0.677286
1.000000
0.040199
-0.009059
0.637891
0.312582
1.080435
1.000000
0.030895
0.797002
-0.006530
0.966863
0.191341
1.000000
0.029285
0.033488
0.614262
0.136474
0.751578
1.000000
0.028154
0.158511
0.000388
0.302956
0.150074
1.000000
0.027541
0.047751
0.783062
0.155729
0.918975
1.000000
0.026937
0.937345
0.947459
0.985885
1.000193
1.000000
0.025773
0.966211
0.550722
0.998100
0.613255
1.000000
0.025679
0.493354
0.301096
0.599183
0.459909
1.000000
0.025237
0.613256
0.175289
0.956688
0.724138
1.000000
0.024413
0.889974
0.945277
0.936868
0.998949
1.000000
0.024324
0.965333
0.122144
0.998169
0.182389
1.000000
0.024178
-0.002493
0.684485
0.068082
0.795920
1.000000
0.024004
0.089863
0.030787
0.202518
0.169090
1.000000
0.023769
0.001017
0.919302
0.041910
0.987756
1.000000
0.023757
-0.005078
-0.008057
0.069411
0.156904
1.000000
0.022579
0.966511
0.619738
0.998523
0.682326
1.000000
0.022437
0.874834
0.556804
0.910275
0.611009
1.000000
0.022415
0.872283
0.920595
0.917019
0.985567
1.000000
0.022294
0.769733
0.904451
0.858377
1.002121
1.000000
0.022196
0.809934
0.947356
0.856166
1.000280
1.000000
0.022194
0.851290
0.115065
0.901328
0.179439
1.000000
0.022045
0.207274
-0.002185
0.268275
0.060598
1.000000
0.021956
-0.000374
0.623584
0.076849
0.740064
1.000000
0.021906
0.560926
0.253728
0.681774
0.403957
1.000000
0.021778
0.961260
0.921248
0.998517
0.988556
1.000000
0.021668
0.013033
0.634469
0.184332
0.873279
1.000000
0.021544
0.868145
0.393568
0.961543
0.538226
1.000000
0.021287
0.967566
0.453849
0.999229
0.514098
1.000000
0.021150
0.009713
0.886292
0.057640
0.954302
1.000000
0.020958
0.163642
-0.002761
0.220287
0.056347
1.000000
0.020917
0.415165
0.207027
0.539635
0.369323
1.000000
0.020799
0.789186
0.276927
0.909120
0.410564
1.000000
0.020765
0.965600
0.001673
0.999781
0.051470
1.000000
0.020720
0.722607
0.283398
0.850134
0.428631
1.000000
0.020561
0.093066
0.614943
0.196950
0.755403
1.000000
0.020464
0.944502
0.152225
0.986386
0.207843
1.000000
0.020449
0.868477
0.392163
0.911698
0.451640
1.000000
0.020178
0.964386
0.387238
0.999232
0.449488
1.000000
0.020157
0.968368
0.490040
0.999253
0.549095
1.000000
0.019966
0.918546
0.626974
0.995962
0.778650
1.000000
0.019944
0.895099
0.281497
0.994635
0.408565
1.000000
0.019662
0.752870
0.601072
1.001042
1.061122
1.000000
0.019542
0.961400
0.285093
0.999232
0.347059
1.000000
0.019471
0.924097
0.883484
0.997504
0.994375
1.000000
0.019447
0.128793
0.021066
0.425839
0.312936
1.000000
0.019305
0.713429
0.952696
0.758884
1.000893
1.000000
0.019084
0.967875
0.088277
0.998256
0.150300
1.000000
0.019015
0.926079
0.360204
1.003353
0.481689
1.000000
0.018791
0.363954
0.548241
0.748408
1.046944
1.000000
0.018698
0.108574
0.109978
0.228044
0.250424
1.000000
0.018569
0.966943
0.220316
1.001802
0.279330
1.000000
0.018360
0.010543
0.751653
0.055855
0.815049
1.000000
0.018325
0.059173
0.705611
0.111102
0.776968
1.000000
0.018236
0.000214
0.718084
0.036911
0.781194
1.000000
0.018236
0.012679
0.816804
0.061361
0.881768
1.000000
0.018235
0.004284
0.757914
0.097509
0.889295
1.000000
0.018211
0.310493
0.274291
0.450113
0.460466
1.000000
0.018076
0.148427
0.308170
0.499218
0.829788
1.000000
0.018043
0.436608
0.322993
0.489889
0.393036
1.000000
0.017976
0.867677
0.449241
0.907670
0.508611
1.000000
0.017924
0.929224
0.240326
1.004615
0.348798
1.000000
0.017850
0.909575
0.388964
0.955563
0.449907
1.000000
0.017812
0.000573
0.649210
0.037501
0.714932
1.000000
0.017722
0.402312
0.307689
0.534914
0.484958
1.000000
0.017657
0.964452
0.316137
1.000943
0.380988
1.000000
0.017643
0.963502
0.678842
0.997993
0.747953
1.000000
0.017613
0.860352
0.312139
0.914884
0.385379
1.000000
0.017574
0.909974
0.924301
0.959706
0.991464
1.000000
0.017534
0.013763
0.894535
0.115767
1.003258
1.000000
0.017531
0.238108
0.116497
0.288504
0.176129
1.000000
0.017511
0.912963
0.149303
0.998322
0.272728
1.000000
0.017492
0.965210
0.353869
1.000842
0.415155
1.000000
0.017388
0.964700
0.784609
0.998758
0.851914
1.000000
0.017334
0.765541
0.948820
0.812995
1.001008
1.000000
0.017235
0.842024
0.952947
0.885367
1.002437
1.000000
0.017209
0.871044
0.892290
0.908136
0.948895
1.000000
0.017177
0.846063
0.894893
0.942513
0.999330
1.000000
0.017154
0.165010
0.949809
0.211173
0.997839
1.000000
0.017129
0.111171
0.044416
0.164117
0.121199
1.000000
0.017122
0.091866
0.016360
0.142758
0.091212
1.000000
0.017092
0.850729
0.246140
0.961244
0.364015
1.000000
0.017030
0.063143
0.615983
0.114655
0.697139
1.000000
0.016953
0.161324
0.080395
0.214635
0.147566
1.000000
0.016848
0.962787
0.850792
0.998546
0.918469
1.000000
0.016847
0.543949
0.262123
0.781212
0.550616
1.000000
0.016822
0.852074
0.510590
0.931286
0.646017
1.000000
0.016816
0.783558
0.348398
0.977096
0.639063
1.000000
0.016777
0.011509
0.556467
0.096697
0.697191
1.000000
0.016705
0.888293
0.411134
0.930816
0.471958
1.000000
0.016652
0.098506
0.752458
0.200191
0.890920
1.000000
0.016613
0.658413
0.902625
0.758232
1.003978
1.000000
0.016494
0.740241
0.951030
0.786722
1.002330
1.000000
0.016479
0.923095
0.484313
0.997642
0.629411
1.000000
0.016382
0.841142
0.351292
0.887923
0.413005
1.000000
0.016316
0.539896
0.865469
0.676739
0.996306
1.000000
0.016252
0.872662
0.585413
0.906979
0.639159
1.000000
0.016216
0.227427
0.013363
0.289472
0.093535
1.000000
0.016172
0.002255
0.224568
0.067279
0.352425
1.000000
0.016165
0.835591
0.002516
0.886128
0.052995
1.000000
0.016133
0.712347
0.111300
0.927720
0.351939
1.000000
0.016114
0.111969
0.671913
0.162741
0.747375
1.000000
0.016092
0.868569
0.487848
0.907158
0.544027
1.000000
0.016076
0.964735
0.181252
1.001088
0.244655
1.000000
0.015979
0.052364
0.208620
0.161153
0.357095
1.000000
0.015938
0.521577
0.321078
0.570013
0.393852
1.000000
0.015931
0.939208
0.009606
1.002869
0.116229
1.000000
0.015889
0.848215
0.389260
0.889425
0.444599
1.000000
0.015837
0.932404
0.784820
1.002578
0.922277
1.000000
0.015835
0.083177
0.789100
0.137448
0.859679
1.000000
0.015808
0.138553
0.683539
0.600334
1.012972
1.000000
0.015794
0.255106
-0.000511
0.308962
0.056103
1.000000
0.015721
0.878564
0.433829
1.009233
0.722054
1.000000
0.015697
0.967305
0.054943
0.998546
0.117039
1.000000
0.015666
0.001451
0.549034
0.036139
0.613737
1.000000
0.015633
0.476466
0.914333
0.573551
1.006376
1.000000
0.015595
0.171256
0.886585
0.265966
0.999107
1.000000
0.015582
0.183980
0.041309
0.250401
0.123999
1.000000
0.015483
0.215714
0.953344
0.258748
0.999029
1.000000
0.015471
0.917782
0.653343
0.958492
0.720995
1.000000
0.015441
0.065556
0.755419
0.113364
0.821100
1.000000
0.015415
0.913843
0.449239
0.954460
0.507554
1.000000
0.015408
0.115918
0.717448
0.163366
0.783059
1.000000
0.015391
0.108281
0.880654
0.214345
0.997225
1.000000
0.015349
0.212265
0.069487
0.325954
0.204067
1.000000
0.015311
0.125027
-0.007711
0.231176
0.104649
1.000000
0.015211
0.509829
0.952373
0.562699
1.001835
1.000000
0.015183
0.411420
0.348154
0.463668
0.419014
1.000000
0.015141
0.013714
0.585168
0.058356
0.653435
1.000000
0.015079
0.112209
-0.000355
0.158841
0.056424
1.000000
0.015074
0.208698
0.073935
0.270346
0.147499
1.000000
0.015071
0.692011
0.839568
0.866857
1.024921
1.000000
0.015061
0.876560
0.641117
1.005323
0.914815
1.000000
0.015060
0.107916
0.620548
0.158513
0.694860
1.000000
0.015039
0.868707
0.622905
0.902593
0.675563
1.000000
0.015039
0.819643
0.342724
0.920555
0.470891
1.000000
0.014954
0.247453
0.343710
0.354002
0.497282
1.000000
0.014953
0.871692
0.651980
0.905358
0.705896
1.000000
0.014886
-0.002301
0.341105
0.057799
0.461828
1.000000
0.014849
0.942441
0.558636
1.004447
0.685588
1.000000
0.014757
0.908481
0.311174
0.958805
0.378337
1.000000
0.014675
0.939944
0.650510
0.986662
0.724835
1.000000
0.014672
0.489068
0.321676
0.538440
0.389855
1.000000
0.014615
0.000652
-0.002875
0.038824
0.063417
1.000000
0.014505
0.966988
0.715226
0.999504
0.781577
1.000000
0.014482
0.013138
0.852008
0.062011
0.917477
1.000000
0.014421
0.897829
0.654241
0.933970
0.711695
1.000000
0.014417
0.804621
0.346563
0.851648
0.409543
1.000000
0.014403
0.911078
0.183665
0.957693
0.239444
1.000000
0.014329
0.186610
0.117582
0.236452
0.177794
1.000000
0.014309
0.594729
0.322327
0.719017
0.477100
1.000000
0.014209
0.201899
0.677433
0.300697
0.832970
1.000000
0.014207
0.043371
0.436462
0.223744
0.751665
1.000000
0.014151
0.063999
0.815550
0.117749
0.882116
1.000000
0.014138
0.772907
-0.001257
0.891331
0.114257
1.000000
0.014049
0.443753
0.689572
0.653486
0.954668
1.000000
0.013971
0.849921
0.586846
0.927225
0.721011
1.000000
0.013959
0.060062
0.947733
0.112788
1.000265
1.000000
0.013903
0.046091
0.190151
0.249635
0.489190
1.000000
0.013884
0.288750
0.000407
0.337917
0.052224
1.000000
0.013801
0.516854
0.845925
0.568650
0.907967
1.000000
0.013792
0.171083
0.739031
0.272371
0.890078
1.000000
0.013748
0.037066
0.753771
0.085255
0.817234
1.000000
0.013738
0.062046
0.522641
0.161445
0.688344
1.000000
0.013621
0.000596
0.787953
0.036945
0.846229
1.000000
0.013577
0.459795
0.346183
0.509561
0.417501
1.000000
0.013574
0.499241
0.818522
0.605414
0.944501
1.000000
0.013516
0.915830
0.485847
0.953848
0.540783
1.000000
0.013460
0.163981
0.241743
0.273653
0.390296
1.000000
0.013449
0.537108
0.370419
0.584615
0.444984
1.000000
0.013425
-0.013427
0.342952
0.125127
0.635498
1.000000
0.013418
0.261937
0.605092
0.377691
0.775332
1.000000
0.013369
0.891019
0.446815
0.931063
0.506778
1.000000
0.013318
0.037561
0.791911
0.087212
0.851064
1.000000
0.013284
0.140003
0.116519
0.188838
0.178170
1.000000
0.013259
0.436637
0.536920
0.566112
0.717718
1.000000
0.013155
0.018706
0.251791
0.112830
0.402091
1.000000
0.013131
0.890835
0.892167
0.929999
0.952761
1.000000
0.013125
0.649055
0.722898
0.751633
0.890519
1.000000
0.013056
0.104664
0.814409
0.157012
0.881868
1.000000
0.013041
0.004019
0.493257
0.077705
0.633112
1.000000
0.012974
0.387388
0.320226
0.441000
0.392698
1.000000
0.012941
0.160950
0.621150
0.260119
0.760820
1.000000
0.012920
0.823608
0.445604
0.915720
0.583582
1.000000
0.012911
0.838367
0.284527
0.892992
0.352150
1.000000
0.012891
0.915777
0.159387
0.956878
0.207901
1.000000
0.012885
0.113180
0.953431
0.159152
1.000151
1.000000
0.012869
0.433008
0.048530
0.873447
0.503688
1.000000
0.012794
0.845302
0.890073
0.880864
0.945169
1.000000
0.012711
0.847172
0.452323
0.886264
0.507950
1.000000
0.012707
0.558191
0.311443
0.612034
0.388556
1.000000
0.012693
0.441868
0.002202
0.483109
0.048389
1.000000
0.012690
0.848027
0.678610
0.939309
0.828189
1.000000
0.012659
0.560641
0.952476
0.612537
1.001751
1.000000
0.012617
0.563218
0.379900
0.606539
0.444577
1.000000
0.012572
0.063234
0.340713
0.161376
0.477689
1.000000
0.012442
0.781854
0.311327
0.843170
0.393019
1.000000
0.012432
0.112268
0.114953
0.160905
0.180279
1.000000
0.012378
0.811837
0.380689
0.853378
0.437653
1.000000
0.012334
0.142529
0.924134
0.188346
0.986450
1.000000
0.012319
0.848515
0.111333
0.952479
0.230468
1.000000
0.012312
0.650520
0.275080
0.781990
0.423638
1.000000
0.012294
0.409772
0.787149
0.510550
0.922734
1.000000
0.012275
0.912291
0.129013
0.955563
0.181477
1.000000
0.012240
0.171991
0.190781
0.405864
0.469965
1.000000
0.012233
0.394147
0.142464
0.517398
0.294375
1.000000
0.012222
0.813019
0.891795
0.852223
0.952168
1.000000
0.012194
0.000838
0.488681
0.032565
0.549475
1.000000
0.012192
0.849109
0.489767
0.886665
0.542565
1.000000
0.012161
0.910110
0.354122
0.959189
0.419255
1.000000
0.012104
0.888913
0.002603
0.933458
0.049742
1.000000
0.012067
0.917542
0.587853
0.953874
0.643387
1.000000
0.012060
0.891303
0.584451
0.926275
0.637772
1.000000
0.012015
0.138314
0.682815
0.234531
0.825447
1.000000
0.011996
0.754860
0.061753
0.889114
0.204142
1.000000
0.011909
0.895502
0.626665
0.931104
0.681482
1.000000
0.011901
-0.000220
0.139328
0.064390
0.282513
1.000000
0.011882
0.609793
0.953308
0.660239
1.001685
1.000000
0.011844
0.313991
0.074903
0.421458
0.212902
1.000000
0.011747
0.083538
0.264223
0.198546
0.409993
1.000000
0.011737
0.582137
0.666957
0.791285
0.971479
1.000000
0.011721
0.467379
0.953525
0.513765
0.999927
1.000000
0.011718
0.044475
0.588076
0.089767
0.657119
1.000000
0.011713
0.434515
0.379232
0.486717
0.452883
1.000000
0.011691
0.551965
0.767980
0.672320
0.925244
1.000000
0.011688
0.754920
0.505022
0.856362
0.662169
1.000000
0.011683
0.890703
0.487674
0.929380
0.543769
1.000000
0.011667
0.232602
0.245693
0.347700
0.400375
1.000000
0.011633
0.114903
0.341007
0.220875
0.475567
1.000000
0.011582
0.136279
0.620786
0.186699
0.691151
1.000000
0.011567
0.001377
0.451046
0.032574
0.511700
1.000000
0.011556
0.857528
0.024090
0.905503
0.082703
1.000000
0.011551
0.269446
0.951448
0.309446
0.995443
1.000000
0.011517
0.190046
0.952415
0.236033
1.000083
1.000000
0.011512
0.949289
0.523354
0.989895
0.584617
1.000000
0.011499
0.136410
0.784265
0.181890
0.848607
1.000000
0.011467
0.067446
0.412515
0.164691
0.564172
1.000000
0.011447
0.502042
0.408850
0.727472
0.705396
1.000000
0.011441
0.087896
0.593978
0.135238
0.662606
1.000000
0.011428
0.313541
0.516707
0.432394
0.696171
1.000000
0.011425
0.914876
0.052519
0.995614
0.183843
1.000000
0.011331
0.466749
0.001019
0.508998
0.048041
1.000000
0.011301
0.382144
0.651465
0.494105
0.809109
1.000000
0.011291
0.878862
0.823930
0.968648
0.961801
1.000000
0.011250
0.165552
0.621948
0.209344
0.685234
1.000000
0.011241
0.313283
0.116065
0.362281
0.177149
1.000000
0.011240
0.141650
0.572839
0.344576
0.886055
1.000000
0.011239
0.362660
0.740670
0.462799
0.896764
1.000000
0.011234
0.915132
0.557827
0.952568
0.611978
1.000000
0.011224
0.312608
0.016791
0.366504
0.082942
1.000000
0.011199
0.487441
0.376547
0.536923
0.448760
1.000000
0.011183
0.631199
0.305259
0.686152
0.382775
1.000000
0.011168
0.153933
0.146816
0.271942
0.297274
1.000000
0.011157
0.135816
0.808362
0.235180
0.956216
1.000000
0.011152
0.011928
0.522132
0.052204
0.585787
1.000000
0.011140
-0.005852
0.410417
0.054625
0.539565
1.000000
0.011132
0.471924
0.753651
0.577222
0.891265
1.000000
0.011107
0.908778
0.218482
0.958953
0.278874
1.000000
0.011107
0.661331
0.950514
0.713217
1.001168
1.000000
0.011031
0.871233
0.822796
0.905408
0.877321
1.000000
0.011011
0.583565
0.919237
0.637001
0.982980
1.000000
0.010994
0.711163
0.471595
0.907164
0.807170
1.000000
0.010993
0.404291
0.050009
0.516161
0.214381
1.000000
0.010981
0.316648
0.419314
0.364297
0.484929
1.000000
0.010961
0.486607
0.193294
0.598649
0.351999
1.000000
0.010934
0.589918
0.005744
0.808548
0.258692
1.000000
0.010896
0.912710
0.000083
0.958913
0.048375
1.000000
0.010824
0.555017
0.850197
0.605182
0.908733
1.000000
0.010809
0.535625
0.082753
0.640933
0.217158
1.000000
0.010795
0.851064
0.625880
0.883925
0.675458
1.000000
0.010792
0.920641
0.784706
0.960033
0.847456
1.000000
0.010758
0.114952
0.554435
0.156199
0.615941
1.000000
0.010731
0.190211
0.337343
0.290162
0.478242
1.000000
0.010729
0.417159
0.957402
0.457000
1.000028
1.000000
0.010716
0.368441
0.904260
0.454517
1.006187
1.000000
0.010697
0.248440
-0.005805
0.351925
0.097359
1.000000
0.010692
0.081312
0.918742
0.135345
0.988106
1.000000
0.010602
0.944259
0.754792
0.987996
0.825647
1.000000
0.010601
0.215853
0.313731
0.261202
0.381803
1.000000
0.010599
0.760709
-0.001750
0.818733
0.055333
1.000000
0.010578
0.517094
0.154217
0.560103
0.207363
1.000000
0.010569
0.885113
0.121711
0.931476
0.178542
1.000000
0.010568
0.065265
0.555752
0.107291
0.619812
1.000000
0.010525
0.409579
0.281797
0.461662
0.356358
1.000000
0.010473
0.000805
0.314648
0.036232
0.384383
1.000000
0.010463
0.701881
0.675612
0.798130
0.829266
1.000000
0.010451
0.338279
0.449472
0.385703
0.516328
1.000000
0.010418
0.538585
0.000452
0.584275
0.049441
1.000000
0.010412
0.919448
0.855808
0.960255
0.916975
1.000000
0.010382
0.488227
0.117556
0.590928
0.250486
1.000000
0.010374
0.217032
0.713996
0.262045
0.784767
1.000000
0.010366
0.490967
-0.001256
0.535654
0.048563
1.000000
0.010351
0.818467
0.747087
0.913348
0.888429
1.000000
0.010335
0.389010
0.382330
0.440950
0.455539
1.000000
0.010327
0.000964
0.410884
0.033621
0.473398
1.000000
0.010310
0.414481
0.000749
0.458653
0.047706
1.000000
0.010302
0.252094
0.082557
0.302126
0.148790
1.000000
0.010269
0.109404
0.480962
0.211095
0.633374
1.000000
0.010266
0.664977
-0.000206
0.715768
0.052685
1.000000
0.010249
0.864483
0.185246
0.910830
0.243018
1.000000
0.010243
0.388596
0.000618
0.431951
0.048360
1.000000
0.010229
0.336078
0.001397
0.382123
0.049891
1.000000
0.010203
0.220370
0.786008
0.260316
0.846944
1.000000
0.010183
0.143646
0.789050
0.332770
1.021595
1.000000
0.010173
0.068083
0.378926
0.108612
0.438325
1.000000
0.010163
0.613651
0.853402
0.661085
0.911192
1.000000
0.010161
0.304675
0.661349
0.419074
0.833062
1.000000
0.010134
0.164740
0.819429
0.208702
0.880932
1.000000
0.010125
0.189740
0.645340
0.234109
0.715578
1.000000
0.010094
0.564634
0.255174
0.615754
0.326824
1.000000
0.010090
0.359371
-0.007343
0.450469
0.099057
1.000000
0.010079
0.888917
0.529445
0.926016
0.585921
1.000000
0.010076
-0.000375
0.068374
0.038803
0.150932
1.000000
0.010065
0.941200
0.707171
0.985883
0.778941
1.000000
0.010065
0.084433
0.841022
0.136548
0.908206
1.000000
0.010063
0.329491
0.554528
0.534288
0.868989
1.000000
0.010053
0.280426
0.020912
0.389219
0.157696
1.000000
0.010037
0.851910
0.524384
0.886784
0.575109
1.000000
0.010035
0.615738
0.802206
0.731039
0.952351
1.000000
0.010032
0.636416
0.073053
0.752420
0.211167
1.000000
0.010023
0.220252
0.819615
0.260048
0.879804
1.000000
0.010023
0.765787
0.712255
0.863743
0.862112
1.000000
0.010016
0.560086
0.156431
0.676193
0.311271
1.000000
0.010012
0.414829
-0.006305
0.503921
0.101316
