1.000000
0.408113
0.512613
0.387056
0.718557
0.600554
1.000000
0.076317
0.813786
0.144589
0.865460
0.219094
1.000000
0.057168
0.526204
0.334260
0.644083
0.471598
1.000000
0.051500
0.673384
0.285990
0.799183
0.421707
1.000000
0.050615
0.590799
0.320357
0.720073
0.481062
1.000000
0.049773
0.526986
0.381570
0.590566
0.454340
1.000000
0.045755
0.507762
0.493449
0.637679
0.635190
1.000000
0.041007
0.743624
0.280873
0.875616
0.406866
1.000000
0.038694
0.632718
0.383189
0.757642
0.535491
1.000000
0.038687
-0.003644
0.750039
0.248426
1.008719
1.000000
0.038612
0.634302
0.309256
0.686871
0.375682
1.000000
0.038370
0.262485
0.786414
0.299081
0.848803
1.000000
0.038209
0.650964
0.445924
0.712288
0.527115
1.000000
0.038118
0.607124
0.472928
0.673062
0.557051
1.000000
0.037532
0.631211
0.383325
0.690536
0.460510
1.000000
0.037068
0.407342
0.399239
0.811604
0.890849
1.000000
0.036551
0.934117
0.910605
0.997876
0.997248
1.000000
0.035998
0.736461
0.115571
0.914446
0.324899
1.000000
0.035600
0.082167
0.553373
0.271455
0.826664
1.000000
0.035049
0.580091
0.380424
0.642087
0.456239
1.000000
0.034932
0.815771
0.215304
0.861825
0.267757
1.000000
0.034574
0.553091
0.580971
0.672917
0.708888
1.000000
0.033738
0.001751
0.006436
0.083948
0.126547
1.000000
0.033416
0.714303
0.312256
0.773340
0.388925
1.000000
0.033259
0.153569
0.588711
0.258432
0.723008
1.000000
0.032039
0.658340
0.291432
0.706775
0.351894
1.000000
0.031094
0.556588
0.350270
0.617821
0.420474
1.000000
0.030693
0.191315
0.104084
0.294872
0.236070
1.000000
0.030432
0.475082
0.383800
0.596501
0.524429
1.000000
0.029894
0.793972
0.221560
0.838044
0.270539
1.000000
0.029635
0.467056
0.296389
0.572008
0.415491
1.000000
0.029344
0.015792
0.290719
0.114734
0.421252
1.000000
0.029271
0.558073
0.281915
0.666051
0.412314
1.000000
0.029063
0.613268
0.237373
0.717927
0.354774
1.000000
0.028565
0.124759
0.253658
0.230033
0.387880
1.000000
0.028370
0.604216
0.411861
0.667793
0.495760
1.000000
0.028331
0.658714
0.348551
0.712046
0.418407
1.000000
0.028203
0.236287
0.782874
0.304517
0.911053
1.000000
0.027747
0.001313
0.605581
0.061338
0.725171
1.000000
0.027395
0.416563
0.948604
0.460841
0.994840
1.000000
0.026896
0.685248
0.381640
0.740146
0.454523
1.000000
0.026896
0.547807
0.548266
0.618373
0.625806
1.000000
0.026785
0.804777
0.315248
0.865919
0.384089
1.000000
0.026453
0.604383
0.347560
0.664520
0.420146
1.000000
0.026386
0.563486
0.655198
0.669573
0.769846
1.000000
0.026092
0.447225
0.539558
0.556667
0.684957
1.000000
0.026058
0.535169
0.321120
0.590717
0.386752
1.000000
0.025849
0.475098
0.220809
0.671233
0.514446
1.000000
0.025686
0.050508
0.022458
0.167380
0.135263
1.000000
0.025581
0.609544
0.715248
0.655584
0.767285
1.000000
0.025249
0.107196
0.108989
0.220188
0.245503
1.000000
0.025244
0.855316
0.319326
0.908377
0.381793
1.000000
0.024963
0.768703
0.224117
0.809837
0.269824
1.000000
0.024945
0.860595
0.190397
0.908288
0.244787
1.000000
0.024919
0.369123
0.954541
0.408750
0.996985
1.000000
0.024917
0.560095
0.648459
0.614012
0.710095
1.000000
0.024901
0.188421
0.020084
0.238747
0.080047
1.000000
0.024773
0.008021
0.810749
0.119170
0.935640
1.000000
0.024419
0.691371
0.344160
0.746679
0.416404
1.000000
0.024346
0.768648
0.190886
0.811260
0.246191
1.000000
0.024325
0.133713
0.015468
0.189846
0.079215
1.000000
0.024308
0.263077
0.847304
0.297420
0.903420
1.000000
0.024243
0.536477
0.289656
0.585820
0.350348
1.000000
0.023977
0.212061
0.726137
0.255613
0.787949
1.000000
0.023716
0.242830
0.728998
0.279593
0.784968
1.000000
0.023705
0.015737
0.817683
0.067849
0.880438
1.000000
0.023502
0.722578
0.153054
0.823103
0.273665
1.000000
0.023365
0.698111
0.875054
0.790099
0.991519
1.000000
0.023344
0.250870
0.758428
0.287260
0.817593
1.000000
0.023323
0.401173
0.285828
0.508561
0.411204
1.000000
0.023323
0.415467
0.598232
0.517911
0.747955
1.000000
0.023272
0.880524
0.844522
0.994849
1.000797
1.000000
0.023186
0.695440
0.373750
0.810211
0.511710
1.000000
0.023183
0.827742
0.178169
0.880116
0.241462
1.000000
0.023124
0.191953
0.710119
0.276835
0.854218
1.000000
0.023052
0.000744
0.063987
0.063900
0.187060
1.000000
0.023050
0.119413
0.723848
0.163000
0.776750
1.000000
0.023021
0.318831
0.953860
0.358719
0.997667
1.000000
0.022994
0.392908
0.950524
0.437335
0.997134
1.000000
0.022938
0.264824
0.956195
0.305080
0.999080
1.000000
0.022928
0.933579
0.314499
0.985365
0.377036
1.000000
0.022927
0.008089
0.533754
0.094564
0.692031
1.000000
0.022891
-0.000829
0.954450
0.035029
0.999255
1.000000
0.022696
0.253266
0.817425
0.287713
0.876502
1.000000
0.022522
0.814676
0.253429
0.862299
0.307697
1.000000
0.022522
0.962790
0.642236
0.999438
0.722148
1.000000
0.022427
0.128262
0.020729
0.241396
0.135919
1.000000
0.022376
0.935376
0.167809
1.004241
0.273506
1.000000
0.022367
0.608049
0.618488
0.665954
0.684746
1.000000
0.022311
0.262564
0.744809
0.345793
0.884912
1.000000
0.022291
0.794919
0.229539
0.904255
0.355680
1.000000
0.022254
0.000379
0.918631
0.072142
1.001939
1.000000
0.022195
0.510127
0.238153
0.610217
0.362353
1.000000
0.022169
0.909447
0.262622
0.990838
0.365730
1.000000
0.022065
0.887262
0.226623
0.932793
0.276311
1.000000
0.021867
0.004511
0.214467
0.085476
0.353880
1.000000
0.021832
0.961266
0.712152
0.998967
0.789798
1.000000
0.021808
0.841991
0.905884
0.932595
1.004718
1.000000
0.021730
0.681319
0.480917
0.729373
0.543354
1.000000
0.021616
0.961779
0.777464
0.999398
0.854148
1.000000
0.021594
0.962105
0.484654
0.999685
0.558763
1.000000
0.021538
0.063915
0.254333
0.170067
0.388015
1.000000
0.021535
0.761706
0.344650
0.813150
0.408211
1.000000
0.021472
0.937650
0.814567
1.004409
0.950515
1.000000
0.021371
0.488052
0.320650
0.537546
0.382808
1.000000
0.021361
0.795550
0.181862
0.845786
0.245057
1.000000
0.021359
0.589880
0.485877
0.702383
0.627864
1.000000
0.021313
0.615964
0.291520
0.667613
0.356399
1.000000
0.021284
0.791664
0.257926
0.836110
0.310313
1.000000
0.021282
0.708066
0.447133
0.757444
0.515142
1.000000
0.021050
-0.003230
0.674160
0.063048
0.789669
1.000000
0.020818
0.960003
0.285833
0.998978
0.344537
1.000000
0.020762
-0.002370
0.143176
0.058782
0.262915
1.000000
0.020669
0.059702
0.814423
0.110863
0.873036
1.000000
0.020645
0.343242
0.955493
0.384496
0.998344
1.000000
0.020603
0.864426
0.949024
0.911112
1.000158
1.000000
0.020431
0.241304
0.953622
0.282267
0.997636
1.000000
0.020401
0.392044
0.527467
0.582959
0.817845
1.000000
0.020359
0.581505
0.442452
0.651708
0.528213
1.000000
0.020320
0.253857
0.115580
0.377633
0.248296
1.000000
0.020228
0.655831
0.510621
0.705096
0.573293
1.000000
0.020180
0.606417
0.546499
0.663280
0.614113
1.000000
0.020174
0.220803
0.860155
0.253710
0.912946
1.000000
0.020156
0.691278
0.290346
0.741222
0.353495
1.000000
0.020129
0.107189
0.607097
0.208218
0.743508
1.000000
0.020070
0.493264
0.570452
0.609777
0.709667
1.000000
0.020065
0.063075
0.170617
0.169630
0.319631
1.000000
0.020043
0.789144
0.292110
0.841177
0.356047
1.000000
0.020042
0.567176
0.719617
0.614692
0.771329
1.000000
0.019979
0.167900
0.722567
0.216159
0.782310
1.000000
0.019876
0.117893
0.678160
0.220917
0.824469
1.000000
0.019867
0.311268
0.279559
0.426729
0.406138
1.000000
0.019863
0.962360
0.218701
1.000239
0.279581
1.000000
0.019817
0.163337
0.781506
0.251690
0.921796
1.000000
0.019694
0.887459
0.317964
0.938651
0.376436
1.000000
0.019680
0.482255
0.516437
0.544915
0.597553
1.000000
0.019667
0.462787
0.956105
0.501688
0.997304
1.000000
0.019645
0.533917
0.445962
0.595206
0.520954
1.000000
0.019613
0.665775
0.954171
0.707360
0.999842
1.000000
0.019555
0.059079
0.087760
0.167162
0.217101
1.000000
0.019489
0.033351
0.695253
0.140026
0.834960
1.000000
0.019418
0.143222
0.177945
0.245656
0.319503
1.000000
0.019358
0.962756
0.348850
1.000029
0.410460
1.000000
0.019348
0.745787
0.906111
0.834534
1.007396
1.000000
0.019306
0.741631
0.192495
0.782851
0.245168
1.000000
0.019257
0.192944
0.953750
0.231530
0.996609
1.000000
0.019222
0.176336
0.268002
0.284926
0.401468
1.000000
0.019221
0.963540
0.186840
0.999769
0.246872
1.000000
0.019210
0.557183
0.408686
0.620764
0.487165
1.000000
0.019192
0.516601
0.358140
0.569106
0.422650
1.000000
0.019175
0.760161
0.289315
0.812754
0.355351
1.000000
0.019148
0.933542
0.099255
1.001289
0.207271
1.000000
0.019104
0.906039
0.321747
0.994143
0.442683
1.000000
0.019081
0.512685
0.535462
0.707825
0.803534
1.000000
0.019053
0.836347
0.350548
0.889558
0.409632
1.000000
0.018890
0.022296
0.872653
0.138271
0.993458
1.000000
0.018883
0.000997
0.183525
0.035563
0.246991
1.000000
0.018877
0.193826
0.743155
0.238709
0.808963
1.000000
0.018873
0.358518
0.607428
0.465063
0.766779
1.000000
0.018831
0.962003
0.881547
1.000345
0.950572
1.000000
0.018804
0.513911
0.647591
0.562373
0.713651
1.000000
0.018699
0.025942
0.597772
0.127656
0.748113
1.000000
0.018598
0.741190
0.225300
0.783278
0.272161
1.000000
0.018547
0.294258
0.956277
0.334534
1.000084
1.000000
0.018535
0.766311
0.954741
0.808588
1.002320
1.000000
0.018426
0.221080
0.824712
0.254569
0.877704
1.000000
0.018376
0.236348
0.019984
0.288504
0.082929
1.000000
0.018360
0.238862
0.922775
0.278207
0.977929
1.000000
0.018351
0.823507
0.605810
0.905648
0.749645
1.000000
0.018350
0.261102
-0.001314
0.315637
0.055628
1.000000
0.018309
0.221713
0.790870
0.257838
0.846778
1.000000
0.018277
0.817245
0.818857
0.854185
0.868888
1.000000
0.018227
0.964109
0.153275
0.999443
0.213207
1.000000
0.018214
0.266880
0.732368
0.303714
0.791690
1.000000
0.018214
0.319512
0.787918
0.355363
0.844777
1.000000
0.018202
0.136947
0.686997
0.184921
0.749580
1.000000
0.018197
0.665403
0.256216
0.711280
0.315819
1.000000
0.018189
0.382654
0.916085
0.464920
1.002470
1.000000
0.018149
0.141316
0.954750
0.181238
0.996095
1.000000
0.018086
0.932394
0.701028
1.002609
0.872959
1.000000
0.017981
0.012521
0.285540
0.058778
0.356277
1.000000
0.017949
0.049131
0.782608
0.157348
0.896495
1.000000
0.017944
0.963287
0.577838
1.000734
0.659777
1.000000
0.017917
0.639436
0.260886
0.684537
0.319816
1.000000
0.017917
0.581866
0.579759
0.640712
0.644097
1.000000
0.017892
0.231752
0.612316
0.278258
0.683032
1.000000
0.017888
0.189429
0.032540
0.297014
0.161644
1.000000
0.017839
0.760066
0.756149
0.997924
1.014556
1.000000
0.017770
0.765345
0.258813
0.810135
0.311395
1.000000
0.017729
0.600782
0.262359
0.923199
0.685463
1.000000
0.017690
0.632660
0.872912
0.733451
0.993380
1.000000
0.017678
0.801772
0.342321
0.907193
0.467713
1.000000
0.017635
0.001797
0.003110
0.044085
0.062446
1.000000
0.017595
0.494231
0.383607
0.548037
0.446615
1.000000
0.017595
0.468018
0.349144
0.511473
0.405011
1.000000
0.017594
0.244592
0.000793
0.355782
0.120036
1.000000
0.017592
0.088525
0.108316
0.286701
0.374071
1.000000
0.017563
0.613982
0.949999
0.657699
0.996728
1.000000
0.017539
0.016719
0.888667
0.067249
0.950513
1.000000
0.017538
0.828715
0.186853
0.922759
0.295515
1.000000
0.017488
0.435583
0.927977
0.478236
0.983364
1.000000
0.017483
0.872602
0.678650
0.953155
0.830882
1.000000
0.017415
0.764663
0.384594
0.809134
0.441161
1.000000
0.017395
0.210953
0.002916
0.258234
0.054511
1.000000
0.017348
0.413590
0.383773
0.521528
0.521050
1.000000
0.017342
0.218287
0.953580
0.256891
0.996551
1.000000
0.017325
0.761122
0.102010
0.855332
0.232709
1.000000
0.017310
0.714753
0.950826
0.760279
1.001875
1.000000
0.017271
0.565306
0.224028
0.607565
0.271810
1.000000
0.017224
0.582985
0.291313
0.638530
0.360936
1.000000
0.017201
0.815112
0.951668
0.861203
1.000767
1.000000
0.017178
0.735142
0.382282
0.785369
0.445563
1.000000
0.017037
0.000572
0.754887
0.034968
0.811662
1.000000
0.017029
0.814869
0.054597
0.858084
0.114081
1.000000
0.017022
0.718391
0.225153
0.757717
0.270322
1.000000
0.017019
0.490916
0.575585
0.542979
0.645819
1.000000
0.016992
0.791174
0.383609
0.835512
0.437986
1.000000
0.016990
0.563696
0.257012
0.608904
0.313990
1.000000
0.016987
0.889048
0.884132
0.931122
0.946484
1.000000
0.016923
0.840980
0.387069
0.886980
0.444381
1.000000
0.016911
0.066051
0.547277
0.173000
0.692646
1.000000
0.016906
0.406424
0.116019
0.531465
0.251883
1.000000
0.016892
0.166977
0.954217
0.207606
0.995961
1.000000
0.016868
0.069517
0.384604
0.453722
0.892477
1.000000
0.016799
0.060934
0.916310
0.111716
0.975239
1.000000
0.016784
0.200791
0.170714
0.311179
0.312895
1.000000
0.016747
0.525075
0.686509
0.622465
0.801775
1.000000
0.016743
0.242295
0.887096
0.274691
0.937411
1.000000
0.016739
0.916950
0.949960
0.963561
1.000423
1.000000
0.016709
0.887815
0.195750
0.932416
0.246121
1.000000
0.016708
0.212750
0.051903
0.261490
0.111902
1.000000
0.016705
0.000656
0.888474
0.037900
0.943577
1.000000
0.016700
0.759765
0.379460
0.872456
0.507472
1.000000
0.016686
0.935565
0.598467
1.003505
0.779137
1.000000
0.016641
0.633463
0.717653
0.679033
0.771356
1.000000
0.016558
0.887529
0.254661
0.934885
0.308477
1.000000
0.016551
0.576130
0.104679
0.793664
0.389316
1.000000
0.016546
0.085189
0.018328
0.141941
0.081724
1.000000
0.016546
0.318145
0.702139
0.418504
0.861662
1.000000
0.016491
0.967050
0.418696
1.001234
0.482752
1.000000
0.016479
0.270116
0.888628
0.362511
1.000948
1.000000
0.016424
0.195505
0.789345
0.234101
0.845135
1.000000
0.016420
0.289322
0.786107
0.325896
0.842433
1.000000
0.016409
0.222989
0.891914
0.253079
0.937027
1.000000
0.016408
0.083894
0.732998
0.187690
0.861153
1.000000
0.016404
0.111758
0.313886
0.162011
0.384496
1.000000
0.016349
0.662908
0.163353
0.763072
0.278447
1.000000
0.016342
0.000630
0.319208
0.038074
0.387990
1.000000
0.016322
0.813045
0.386496
0.860271
0.443087
1.000000
0.016313
0.168417
0.622304
0.349564
0.918813
1.000000
0.016312
0.164681
0.282720
0.219088
0.356935
1.000000
0.016287
0.133766
0.812603
0.292461
1.030896
1.000000
0.016260
0.908834
0.221767
0.961691
0.278838
1.000000
0.016221
0.415115
0.104270
0.615553
0.374545
1.000000
0.016194
0.001401
0.855506
0.038089
0.909835
1.000000
0.016084
0.669330
0.224559
0.710871
0.271498
1.000000
0.016066
0.692079
0.225653
0.733529
0.273411
1.000000
0.016048
0.815971
0.095073
0.858643
0.152077
1.000000
0.016041
0.162608
0.683940
0.216002
0.750631
1.000000
0.016026
0.791119
0.037393
0.880758
0.175782
1.000000
0.015968
0.795843
0.676801
0.881261
0.817439
1.000000
0.015925
0.319626
0.820049
0.354840
0.875224
1.000000
0.015896
0.822447
0.616355
0.862991
0.675656
1.000000
0.015881
0.237549
0.254517
0.350982
0.393577
1.000000
0.015845
0.506903
0.481121
0.570662
0.560328
1.000000
0.015817
0.009561
0.339700
0.062287
0.417068
1.000000
0.015727
0.738182
0.259381
0.784721
0.315794
1.000000
0.015658
0.719083
0.857763
0.761405
0.917595
1.000000
0.015655
0.242667
0.688885
0.281843
0.748870
1.000000
0.015637
0.764473
0.002558
0.809293
0.051369
1.000000
0.015610
0.000543
0.717151
0.035605
0.777918
1.000000
0.015602
0.847023
0.290867
0.957744
0.405023
1.000000
0.015592
0.436277
0.665270
0.531911
0.818710
1.000000
0.015586
0.170600
0.731859
0.539166
1.022138
1.000000
0.015538
0.260919
0.183168
0.309753
0.242818
1.000000
0.015528
0.492036
0.353110
0.540762
0.411426
1.000000
0.015490
0.798382
0.130902
0.847278
0.191252
1.000000
0.015450
0.827189
0.717206
0.910446
0.861286
1.000000
0.015429
0.871319
0.788218
0.909572
0.847565
1.000000
0.015418
0.223566
0.912447
0.304426
1.006474
1.000000
0.015405
0.173259
0.884966
0.256169
0.994772
1.000000
0.015399
0.064530
0.761625
0.110831
0.818003
1.000000
0.015384
0.389980
0.527600
0.497150
0.674778
1.000000
0.015356
0.912458
0.193905
0.958675
0.246360
1.000000
0.015347
0.693667
0.912416
0.737316
0.979165
1.000000
0.015345
0.066840
0.728434
0.111583
0.784082
1.000000
0.015298
0.691224
0.254513
0.735502
0.312060
1.000000
0.015293
0.142544
0.016381
0.522469
0.318568
1.000000
0.015291
0.439206
0.585456
0.488928
0.655786
1.000000
0.015287
0.000944
0.252697
0.034438
0.314724
1.000000
0.015274
0.001873
0.791461
0.038856
0.846938
1.000000
0.015273
0.769982
0.829273
0.803103
0.876507
1.000000
0.015258
0.874396
0.722175
0.909040
0.776121
1.000000
0.015245
0.256469
0.115164
0.312844
0.184219
1.000000
0.015217
0.088717
0.908248
0.177211
1.007759
1.000000
0.015191
0.507689
0.693245
0.725372
0.960404
1.000000
0.015189
0.426505
0.456385
0.532021
0.595471
1.000000
0.015163
0.112748
0.818946
0.155560
0.870477
1.000000
0.015162
0.765771
0.855470
0.802417
0.908603
1.000000
0.015152
0.739755
0.952705
0.786929
1.003222
1.000000
0.015142
0.769769
0.091891
0.810233
0.142846
1.000000
0.015128
0.818193
0.829407
0.911724
0.954737
1.000000
0.015080
0.064723
0.952978
0.110914
0.998173
1.000000
0.015070
0.360489
0.235109
0.471747
0.374475
1.000000
0.015057
0.589316
0.255148
0.634676
0.311810
1.000000
0.015026
0.769941
0.151446
0.813301
0.211580
1.000000
0.015004
0.869716
0.859100
0.909147
0.917891
1.000000
0.014970
0.165280
0.188015
0.213509
0.252878
1.000000
0.014921
0.136607
0.638040
0.190758
0.712117
1.000000
0.014887
0.544918
0.725583
0.587358
0.773707
1.000000
0.014873
0.292703
0.805326
0.383992
0.956565
1.000000
0.014870
0.542580
0.195704
0.583706
0.243613
1.000000
0.014866
0.857997
0.234965
0.965999
0.342624
1.000000
0.014862
0.285088
0.015484
0.342328
0.082473
1.000000
0.014825
0.922642
0.425125
0.998632
0.578771
1.000000
0.014822
0.519774
0.957632
0.558387
0.997962
1.000000
0.014702
0.095393
0.726597
0.138759
0.780316
1.000000
0.014697
0.616069
0.255363
0.661734
0.313758
1.000000
0.014695
0.196384
0.824114
0.234535
0.880238
1.000000
0.014622
0.916390
0.882373
0.957207
0.943868
1.000000
0.014617
0.917499
0.782184
0.958986
0.849172
1.000000
0.014615
0.316582
0.754303
0.356035
0.815668
1.000000
0.014595
0.616570
0.224524
0.657855
0.270980
1.000000
0.014565
0.798502
0.557680
0.882893
0.685106
1.000000
0.014556
0.443979
0.520105
0.492564
0.585659
1.000000
0.014538
0.061255
0.649167
0.105451
0.710730
1.000000
0.014522
0.011990
0.211846
0.054566
0.278243
1.000000
0.014483
0.537789
0.259947
0.582767
0.316870
1.000000
0.014482
0.794665
0.760082
0.876871
0.881183
1.000000
0.014456
0.083596
0.334510
0.186452
0.465582
1.000000
0.014440
0.139517
0.755228
0.181202
0.810953
1.000000
0.014436
0.580531
0.708560
0.681771
0.837018
1.000000
0.014430
0.417461
0.613573
0.463632
0.682778
1.000000
0.014410
0.480103
0.148776
0.582907
0.270381
1.000000
0.014397
0.829919
0.292751
0.889602
0.358038
1.000000
0.014342
0.488199
0.455028
0.539166
0.518601
1.000000
0.014267
0.464824
0.292676
0.512044
0.356665
1.000000
0.014267
0.517691
0.685381
0.560126
0.740926
1.000000
0.014263
0.114855
0.176990
0.161646
0.242373
1.000000
0.014224
0.563221
0.193043
0.667754
0.310607
1.000000
0.014160
0.920012
0.717924
0.958757
0.779867
1.000000
0.014156
0.873649
0.774551
0.958485
0.915870
1.000000
0.014128
0.639593
0.952749
0.684918
1.000403
1.000000
0.014102
0.691485
0.952629
0.735155
1.002033
1.000000
0.014072
0.684109
0.820723
0.868360
1.016204
1.000000
0.013996
0.311681
0.182893
0.363629
0.244601
1.000000
0.013984
0.361260
0.314664
0.411747
0.382069
1.000000
0.013972
0.358867
0.322427
0.472898
0.466343
1.000000
0.013918
0.537648
0.746735
0.644144
0.888660
1.000000
0.013896
0.789825
0.002773
0.833631
0.049606
1.000000
0.013892
0.574628
0.897664
0.664935
0.999137
1.000000
0.013890
0.012069
0.545665
0.060896
0.625291
1.000000
0.013877
0.943860
0.457436
0.988491
0.526077
1.000000
0.013877
0.085447
0.346785
0.137960
0.416214
1.000000
0.013873
0.719813
0.194507
0.759248
0.246315
1.000000
0.013843
0.291101
0.727725
0.328361
0.785774
1.000000
0.013820
0.431909
0.914846
0.518251
1.006866
1.000000
0.013804
0.540379
0.221854
0.583276
0.271481
1.000000
0.013799
0.035085
0.575425
0.083903
0.651122
1.000000
0.013792
0.743290
0.127561
0.781787
0.181101
1.000000
0.013747
0.863567
0.576092
0.951602
0.735378
1.000000
0.013739
0.797614
0.823401
0.832350
0.871153
1.000000
0.013726
0.210601
0.089774
0.263768
0.160013
1.000000
0.013723
0.893099
0.821532
0.929700
0.876834
1.000000
0.013704
0.815870
0.004291
0.858569
0.050598
1.000000
0.013688
0.654337
0.502429
0.760423
0.639264
1.000000
0.013676
0.885640
0.350568
0.935758
0.409149
1.000000
0.013670
0.120358
0.615249
0.170278
0.687212
1.000000
0.013668
0.135092
0.124240
0.184277
0.187597
1.000000
0.013658
0.461268
0.614654
0.511505
0.685620
1.000000
0.013657
0.515387
0.192310
0.559244
0.244515
1.000000
0.013648
0.163607
0.795616
0.203375
0.849265
1.000000
0.013611
0.263447
0.617152
0.363060
0.763371
1.000000
0.013602
0.390742
0.586424
0.438642
0.655249
1.000000
0.013586
0.493770
0.959589
0.533044
1.000278
1.000000
0.013583
0.746157
0.830363
0.784067
0.883129
1.000000
0.013576
0.307920
-0.001505
0.366081
0.055001
1.000000
0.013562
0.320628
0.893753
0.416520
1.000525
1.000000
0.013550
0.033742
0.355573
0.227135
0.683313
1.000000
0.013540
0.089079
0.282988
0.140116
0.349844
1.000000
0.013536
0.934701
0.501323
1.003043
0.664578
1.000000
0.013515
0.936575
-0.002740
0.999989
0.078820
1.000000
0.013510
0.875053
0.754858
0.910713
0.814001
1.000000
0.013487
0.814850
0.853518
0.856355
0.911171
1.000000
0.013412
0.089740
0.583285
0.135300
0.647032
1.000000
0.013412
0.631069
0.590342
0.683805
0.654121
1.000000
0.013400
0.629783
0.648215
0.683435
0.711305
1.000000
0.013381
0.199575
0.893228
0.233090
0.941489
1.000000
0.013371
0.919859
0.648648
0.957308
0.714913
1.000000
0.013350
0.162153
0.047506
0.211263
0.106666
1.000000
0.013350
0.212758
0.176314
0.266418
0.245463
1.000000
0.013350
0.112426
0.256827
0.160729
0.322430
1.000000
0.013339
0.793519
0.917286
0.839076
0.982451
1.000000
0.013326
0.064968
0.111782
0.113331
0.182168
1.000000
0.013323
0.159408
0.006313
0.210569
0.057080
1.000000
0.013315
0.737522
0.447196
0.782966
0.511002
1.000000
0.013302
0.410478
0.741635
0.505830
0.889540
1.000000
0.013294
0.374817
0.820346
0.556234
1.024765
1.000000
0.013278
0.618655
0.553547
0.724035
0.689057
1.000000
0.013262
0.822325
0.650804
0.859834
0.706208
1.000000
0.013248
0.465265
0.486975
0.516439
0.556715
1.000000
0.013247
0.699033
0.798790
0.786496
0.924147
1.000000
0.013247
0.617822
0.788288
0.658366
0.841840
1.000000
0.013242
0.918135
0.818237
0.955685
0.879938
1.000000
0.013236
0.814997
0.887647
0.859524
0.949759
1.000000
0.013230
0.001695
0.583797
0.040874
0.659922
1.000000
0.013229
0.318427
0.720589
0.357773
0.781733
1.000000
0.013224
0.141262
0.590860
0.195668
0.664872
1.000000
0.013202
0.259774
0.050292
0.314377
0.113546
1.000000
0.013200
0.855711
0.152465
0.903823
0.211909
1.000000
0.013104
0.263494
0.881463
0.297370
0.934712
1.000000
0.013103
0.061048
0.315803
0.112067
0.390590
1.000000
0.013092
0.746630
0.007067
0.837808
0.126487
1.000000
0.013062
0.516180
0.221567
0.559513
0.272019
1.000000
0.013057
0.855655
0.260545
1.006588
0.511906
1.000000
0.013056
0.539773
0.690633
0.587286
0.744600
1.000000
0.013048
0.474797
0.007459
0.688163
0.226217
1.000000
0.013047
0.290950
0.821865
0.326638
0.877283
1.000000
0.013038
0.322671
-0.010031
0.441374
0.092270
1.000000
0.013038
0.094345
0.618187
0.140307
0.682982
1.000000
0.013038
0.519369
0.790121
0.556118
0.841016
1.000000
0.013032
0.466458
0.385110
0.512684
0.445956
1.000000
0.013012
0.366018
0.411241
0.469010
0.543297
1.000000
0.013011
0.667152
0.858048
0.706710
0.914499
1.000000
0.012956
0.721298
0.827699
0.759452
0.881356
1.000000
0.012953
0.696890
0.861099
0.734711
0.916945
1.000000
0.012926
0.642389
0.226282
0.683758
0.272861
1.000000
0.012920
0.810223
0.413966
0.907721
0.546218
1.000000
0.012917
0.591364
0.226063
0.634445
0.273461
1.000000
0.012915
0.656668
0.547960
0.707718
0.609845
1.000000
0.012909
0.157969
0.484560
0.265190
0.638854
1.000000
0.012886
0.842554
0.004142
0.882942
0.047183
1.000000
0.012867
0.463431
0.183930
0.512862
0.244478
1.000000
0.012864
0.064053
0.180309
0.108376
0.244230
1.000000
0.012815
0.614363
0.749935
0.657656
0.801996
1.000000
0.012808
0.522964
0.723053
0.561083
0.773721
1.000000
0.012798
0.568326
0.954566
0.608316
0.997221
1.000000
0.012789
0.140904
0.798559
0.181652
0.853043
1.000000
0.012782
0.410340
0.312494
0.460574
0.382271
1.000000
0.012774
0.437715
0.289274
0.486662
0.355343
1.000000
0.012768
0.497170
0.789237
0.590344
0.919670
1.000000
0.012727
0.364885
0.646446
0.411131
0.719401
1.000000
0.012715
0.112511
0.003655
0.166746
0.056615
1.000000
0.012704
0.441257
0.349575
0.486475
0.408203
1.000000
0.012694
0.268574
-0.016229
0.503874
0.170242
1.000000
0.012687
0.470526
0.825866
0.504395
0.873883
1.000000
0.012647
0.388687
0.181223
0.436771
0.239611
1.000000
0.012633
0.444004
0.643387
0.489391
0.709991
1.000000
0.012632
0.418611
0.863514
0.456169
0.914891
1.000000
0.012618
0.489127
0.613020
0.542319
0.684069
1.000000
0.012580
0.767268
0.054460
0.810054
0.108489
1.000000
0.012575
0.038722
0.952445
0.086666
0.998667
1.000000
0.012570
0.685525
0.514355
0.730960
0.575092
1.000000
0.012569
0.012746
0.408893
0.109737
0.575591
1.000000
0.012549
0.163550
0.118314
0.213641
0.185256
1.000000
0.012533
0.032056
0.642555
0.080834
0.710422
1.000000
0.012512
0.541547
0.954923
0.583069
0.998638
1.000000
0.012483
0.821400
0.722505
0.855615
0.772583
1.000000
0.012480
0.721915
0.126750
0.758402
0.177796
1.000000
0.012470
0.049348
0.216307
0.235886
0.487489
1.000000
0.012464
0.555734
0.473968
0.620545
0.558226
1.000000
0.012436
0.389956
0.649001
0.433351
0.716002
1.000000
0.012428
0.498074
0.792103
0.532782
0.841054
1.000000
0.012385
0.947326
0.677344
0.992876
0.758104
1.000000
0.012368
0.085198
0.804296
0.132897
0.860716
1.000000
0.012360
0.595378
0.788959
0.633683
0.838675
1.000000
0.012353
0.066196
0.254326
0.113374
0.321103
1.000000
0.012326
0.342735
0.791350
0.379062
0.844085
1.000000
0.012317
0.319894
0.890372
0.353892
0.944893
1.000000
0.012290
0.293465
0.854661
0.327721
0.908002
1.000000
0.012281
0.700355
0.090652
0.789722
0.218569
1.000000
0.012244
0.319240
0.857142
0.353587
0.912392
1.000000
0.012243
0.843347
0.052673
0.996705
0.294644
1.000000
0.012243
0.226588
0.174302
0.437638
0.442989
1.000000
0.012222
0.418531
0.891421
0.455986
0.943385
1.000000
0.012210
0.602569
0.781579
0.706294
0.928875
1.000000
0.012184
0.692558
0.198189
0.731883
0.248792
1.000000
0.012162
0.339783
0.355705
0.567489
0.659717
1.000000
0.012145
0.264864
0.688582
0.304938
0.748444
1.000000
0.012127
0.309809
0.119624
0.365600
0.186120
1.000000
0.012122
0.339121
0.145351
0.451842
0.276740
1.000000
0.012089
0.313475
0.313314
0.366296
0.380120
1.000000
0.012073
0.343302
0.718269
0.383338
0.777983
1.000000
0.012065
0.794596
0.857857
0.831052
0.909225
1.000000
0.012045
0.242869
0.841996
0.323940
0.979922
1.000000
0.012021
0.037420
0.722785
0.084011
0.780536
1.000000
0.012002
0.819725
0.762730
0.853056
0.815137
1.000000
0.011997
0.198973
0.858875
0.235523
0.913217
1.000000
0.011972
0.102093
0.815159
0.198104
0.943843
1.000000
0.011965
0.566355
0.788726
0.606673
0.840071
1.000000
0.011960
0.091644
0.955758
0.135880
0.999376
1.000000
0.011942
0.212713
0.686490
0.258417
0.750574
1.000000
0.011933
0.367954
0.782081
0.467114
0.921659
1.000000
0.011912
0.540133
0.750163
0.584606
0.804010
1.000000
0.011906
0.819144
0.103365
0.916930
0.224864
1.000000
0.011869
0.851589
0.605633
0.995863
0.920817
1.000000
0.011862
0.373810
0.861695
0.407031
0.911233
1.000000
0.011853
0.398361
0.864747
0.432932
0.913347
1.000000
0.011812
0.065046
0.218564
0.109140
0.282165
1.000000
0.011809
0.441720
0.863904
0.477488
0.913450
1.000000
0.011809
0.639360
0.755203
0.682388
0.808548
1.000000
0.011799
0.140376
0.309955
0.193568
0.379079
1.000000
0.011779
0.400049
0.890220
0.435241
0.940094
1.000000
0.011773
0.417548
0.719877
0.457619
0.778894
1.000000
0.011763
0.368991
0.717186
0.408719
0.778418
1.000000
0.011758
0.039990
0.184042
0.080489
0.243195
1.000000
0.011704
0.222317
0.590517
0.316694
0.717423
1.000000
0.011670
0.701733
0.470369
0.809334
0.611475
1.000000
0.011668
0.611486
0.471904
0.799896
0.763075
1.000000
0.011657
0.443056
0.719937
0.483469
0.776476
1.000000
0.011599
0.670211
0.887523
0.707683
0.943100
1.000000
0.011588
0.512461
0.154801
0.557434
0.210706
1.000000
0.011582
0.868765
0.652487
0.907565
0.714649
1.000000
0.011567
0.465233
0.419933
0.511318
0.480900
1.000000
0.011559
0.887880
0.158665
0.932122
0.211581
1.000000
0.011535
0.512840
0.088842
0.619062
0.214655
1.000000
0.011517
0.089506
0.758962
0.133984
0.814219
1.000000
0.011509
0.417301
0.685533
0.459158
0.748264
1.000000
0.011488
0.143560
0.215572
0.191011
0.277900
1.000000
0.011488
0.844773
0.824034
0.881197
0.875638
1.000000
0.011483
0.441706
0.384410
0.486617
0.444316
1.000000
0.011483
0.819537
0.559636
0.859901
0.611141
1.000000
0.011478
0.299061
0.604716
0.491295
0.904702
1.000000
0.011472
0.465477
0.218801
0.510523
0.271924
1.000000
0.011467
0.872216
0.691063
0.907874
0.745703
1.000000
0.011457
0.215672
0.559121
0.257857
0.621048
1.000000
0.011446
0.657560
0.690644
0.701363
0.743125
1.000000
0.011430
0.863941
0.003092
0.906012
0.046861
1.000000
0.011422
-0.005663
0.379172
0.063228
0.499137
1.000000
0.011420
0.821760
0.691430
0.857213
0.742591
1.000000
0.011420
0.156363
0.331665
0.266789
0.467457
1.000000
0.011401
0.121461
0.864105
0.157665
0.912539
1.000000
0.011386
0.210943
0.310849
0.260407
0.379981
1.000000
0.011383
0.057649
0.446710
0.155344
0.599731
1.000000
0.011379
0.518546
0.823811
0.555938
0.876534
1.000000
0.011349
0.917805
0.582578
0.956363
0.647909
1.000000
0.011340
0.491471
0.260631
0.536322
0.315152
1.000000
0.011339
0.470286
0.793653
0.504596
0.842948
1.000000
0.011329
0.867847
0.475397
0.963317
0.629729
1.000000
0.011317
0.393967
0.720631
0.432403
0.778135
1.000000
0.011285
0.037218
0.286480
0.086995
0.355591
1.000000
0.011275
0.464012
0.147519
0.516837
0.213867
1.000000
0.011270
0.641972
0.784768
0.684630
0.840832
1.000000
0.011270
0.063560
0.686928
0.106415
0.744675
1.000000
0.011241
0.211783
0.636177
0.262172
0.710451
1.000000
0.011224
0.813185
0.485821
0.905169
0.622967
1.000000
0.011195
0.615322
0.120350
0.721718
0.248552
1.000000
0.011163
0.746300
0.054208
0.785536
0.108541
1.000000
0.011163
0.419978
0.829059
0.455455
0.877147
1.000000
0.011145
0.938669
0.379239
0.987949
0.447982
1.000000
0.011109
0.916987
0.453430
0.959762
0.515939
1.000000
0.011095
0.845324
0.795175
0.882540
0.848466
1.000000
0.011059
0.641029
0.854170
0.683118
0.911493
1.000000
0.011046
0.764775
0.883261
0.804401
0.944580
1.000000
0.011046
0.931476
0.031737
1.002088
0.147392
1.000000
0.011029
0.032850
0.004227
0.083896
0.059171
1.000000
0.011011
-0.000477
0.376304
0.036188
0.446212
1.000000
0.011011
0.799627
0.590515
0.835535
0.640513
1.000000
0.011006
0.816073
0.418731
0.862047
0.475615
1.000000
0.011003
0.491282
0.683671
0.537696
0.743175
1.000000
0.011002
0.120413
0.274334
0.331424
0.578686
1.000000
0.010983
0.440605
0.220161
0.486373
0.275377
1.000000
0.010980
0.720161
0.718610
0.812984
0.857411
1.000000
0.010971
0.638758
0.006381
0.732633
0.112964
1.000000
0.010968
0.535779
0.614212
0.593447
0.682798
1.000000
0.010956
0.183226
0.594611
0.238273
0.668107
1.000000
0.010956
0.521601
0.755378
0.560451
0.807850
1.000000
0.010954
0.140418
0.255727
0.188497
0.320193
1.000000
0.010943
0.120718
0.924074
0.160495
0.976483
1.000000
0.010906
0.440574
0.449745
0.490661
0.516126
1.000000
0.010899
0.445789
0.791904
0.481737
0.842241
1.000000
0.010882
0.845000
0.853342
0.885056
0.910618
1.000000
0.010876
0.282112
0.180170
0.394662
0.318113
1.000000
0.010846
0.523004
0.907443
0.609379
1.004829
1.000000
0.010832
0.373424
0.890975
0.405701
0.939636
1.000000
0.010829
0.659865
0.719780
0.701298
0.773187
1.000000
0.010822
0.546046
0.005287
0.650980
0.112467
1.000000
0.010777
0.695880
0.007886
0.785240
0.116068
1.000000
0.010774
0.909903
0.381448
0.959839
0.447357
1.000000
0.010773
0.563866
0.747055
0.609988
0.801028
1.000000
0.010771
0.540865
0.786382
0.581205
0.838338
1.000000
0.010765
0.320594
0.650519
0.361915
0.716990
1.000000
0.010758
0.116066
0.216319
0.161815
0.278593
1.000000
0.010743
0.714875
0.544931
0.811118
0.682887
1.000000
0.010741
0.664199
0.754291
0.755779
0.888285
1.000000
0.010734
0.465113
0.892700
0.497598
0.940684
1.000000
0.010670
0.744202
0.092602
0.782956
0.146199
1.000000
0.010657
0.521686
0.856257
0.555940
0.907497
1.000000
0.010630
0.817958
0.453445
0.860957
0.512576
1.000000
0.010606
0.917798
0.515995
0.959276
0.584004
1.000000
0.010590
0.096464
0.691835
0.139090
0.747202
1.000000
0.010578
0.561703
0.155519
0.609119
0.210666
1.000000
0.010568
0.441682
0.894053
0.477251
0.945046
1.000000
0.010564
0.315105
0.217406
0.364048
0.274286
1.000000
0.010542
0.437132
0.000795
0.486795
0.051745
1.000000
0.010522
0.336597
0.291243
0.387101
0.356640
1.000000
0.010511
0.001297
0.518100
0.037524
0.589198
1.000000
0.010500
0.719353
0.056091
0.757042
0.106085
1.000000
0.010491
0.235050
0.484486
0.333665
0.620974
1.000000
0.010477
0.791609
0.419935
0.836070
0.475182
1.000000
0.010472
0.721668
0.155383
0.759379
0.208181
1.000000
0.010467
0.794917
0.887933
0.834511
0.945784
1.000000
0.010444
0.060880
0.551667
0.105049
0.618308
1.000000
0.010435
0.732673
0.535732
0.911078
0.834863
1.000000
0.010401
0.467715
0.682568
0.509785
0.742817
1.000000
0.010389
0.237480
0.335971
0.347214
0.464269
1.000000
0.010355
0.464561
0.260912
0.509270
0.318527
1.000000
0.010348
0.618281
0.854111
0.658840
0.911306
1.000000
0.010330
0.417970
0.752871
0.456626
0.808915
1.000000
0.010321
0.369273
0.751279
0.407960
0.809606
1.000000
0.010320
0.364363
0.258463
0.409607
0.315817
1.000000
0.010292
0.468336
0.859262
0.501257
0.908408
1.000000
0.010287
0.000744
0.483464
0.036031
0.548380
1.000000
0.010287
0.497542
0.825262
0.532605
0.874910
1.000000
0.010278
0.417215
0.554407
0.463711
0.620438
1.000000
0.010252
0.496314
0.759617
0.534484
0.810604
1.000000
0.010235
0.115926
0.447192
0.217796
0.594826
1.000000
0.010234
0.848898
0.719365
0.883360
0.770587
1.000000
0.010226
0.369400
0.790708
0.404939
0.843814
1.000000
0.010210
0.660371
0.680701
0.751695
0.815545
1.000000
0.010199
0.209814
0.424685
0.317562
0.555243
1.000000
0.010194
0.370846
0.826448
0.404993
0.876290
1.000000
0.010189
0.341688
0.753496
0.382382
0.813525
1.000000
0.010187
0.032870
0.680446
0.081043
0.747169
1.000000
0.010166
0.494069
0.720551
0.533365
0.771890
1.000000
0.010145
0.265317
0.259595
0.311115
0.319315
1.000000
0.010139
0.694789
0.126831
0.731336
0.177346
1.000000
0.010136
0.344760
0.823125
0.380737
0.874489
1.000000
0.010127
0.838835
0.593941
0.878354
0.650596
1.000000
0.010127
0.695914
0.826830
0.733529
0.879700
1.000000
0.010120
0.444441
0.827003
0.481219
0.876079
1.000000
0.010110
0.790238
0.023678
0.836923
0.084956
1.000000
0.010083
0.617517
0.824150
0.659020
0.880051
1.000000
0.010080
0.419703
0.790852
0.455350
0.842347
1.000000
0.010044
0.342406
0.679806
0.387062
0.748789
1.000000
0.010037
0.793613
0.452155
0.834782
0.507779
1.000000
0.010019
0.414939
0.219967
0.461002
0.273143
1.000000
0.010018
0.770699
0.590045
0.806623
0.642823
1.000000
0.010012
0.891384
0.689102
0.928773
0.748219
