1.000000
0.966422
0.335712
0.262327
0.518257
0.565154
1.000000
0.034338
0.166624
-0.008606
0.304435
0.138881
1.000000
0.033803
-0.009629
0.656905
0.282472
1.077491
1.000000
0.033380
0.734396
0.273827
0.857976
0.415739
1.000000
0.032651
0.058558
0.618840
0.160502
0.744668
1.000000
0.032033
0.802659
-0.005530
0.967130
0.191912
1.000000
0.030935
0.051874
0.761611
0.153502
0.905545
1.000000
0.026870
0.931013
0.910369
0.996670
0.998946
1.000000
0.026027
0.515948
0.781916
0.557343
0.840184
1.000000
0.025692
0.186529
-0.000109
0.247161
0.058797
1.000000
0.025292
0.751311
0.247583
0.993612
0.730886
1.000000
0.024049
0.967571
0.552948
0.998360
0.613187
1.000000
0.023955
0.965530
0.122056
0.997963
0.181610
1.000000
0.023940
0.078236
0.669592
0.177581
0.815678
1.000000
0.023429
0.876434
0.559517
0.909986
0.611211
1.000000
0.023228
0.007659
0.915628
0.059302
0.984375
1.000000
0.023041
0.022123
0.653234
0.127891
0.798838
1.000000
0.022548
-0.005360
-0.008434
0.072178
0.154605
1.000000
0.022457
0.967412
0.620796
0.998307
0.681417
1.000000
0.022436
0.119043
0.031988
0.243519
0.171246
1.000000
0.022131
0.964999
0.020777
0.999458
0.084500
1.000000
0.021598
-0.000673
0.943021
0.037573
0.995854
1.000000
0.021540
0.886821
0.397094
0.931020
0.453735
1.000000
0.021509
0.772372
0.903736
0.857698
1.001642
1.000000
0.021365
0.890283
0.946903
0.936491
0.999549
1.000000
0.021212
0.867850
0.395119
0.959748
0.532044
1.000000
0.021150
0.967407
0.087610
0.997531
0.148941
1.000000
0.020980
0.851681
0.271581
1.003562
0.499696
1.000000
0.020827
-0.002668
0.688806
0.067431
0.798561
1.000000
0.020743
0.438455
0.283048
0.560732
0.461259
1.000000
0.020739
0.227359
-0.001034
0.288386
0.060823
1.000000
0.020700
0.128315
0.677923
0.605605
1.007009
1.000000
0.020667
0.964906
0.387142
0.999571
0.448617
1.000000
0.020620
0.967429
0.453854
0.999328
0.512795
1.000000
0.020179
0.925996
0.358966
1.003654
0.476924
1.000000
0.020089
0.810414
0.949153
0.855267
1.000259
1.000000
0.019998
0.968684
0.490953
0.999577
0.548376
1.000000
0.019947
0.872377
0.920618
0.916020
0.983774
1.000000
0.019844
0.852866
0.115515
0.901845
0.178977
1.000000
0.019717
0.873116
0.834895
0.991444
1.006413
1.000000
0.019656
0.967773
0.585341
0.998382
0.647337
1.000000
0.019463
0.944794
0.153373
0.986435
0.208203
1.000000
0.019379
0.922166
0.286033
1.003840
0.398220
1.000000
0.019375
0.166060
0.952835
0.210207
0.999169
1.000000
0.019362
0.144683
0.014550
0.420760
0.292614
1.000000
0.019344
0.002602
0.221706
0.071610
0.346648
1.000000
0.019279
0.064907
0.816704
0.116115
0.882814
1.000000
0.019227
-0.000119
0.626268
0.077928
0.739108
1.000000
0.019208
0.964588
0.651115
0.998058
0.718679
1.000000
0.019179
0.579353
0.884597
0.693516
0.993856
1.000000
0.018860
0.115286
0.718019
0.163707
0.784153
1.000000
0.018640
0.104330
0.748679
0.205888
0.889226
1.000000
0.018527
0.964950
0.353152
1.000839
0.414582
1.000000
0.018512
0.266095
0.343257
0.625912
0.897613
1.000000
0.018410
0.959930
0.286393
0.999197
0.349104
1.000000
0.018352
0.463958
0.950264
0.508970
0.998695
1.000000
0.018342
0.829527
0.262150
0.945672
0.387523
1.000000
0.018339
0.966320
0.421042
0.999193
0.478191
1.000000
0.018329
0.917623
0.641477
0.997094
0.804915
1.000000
0.018285
0.313637
0.232537
0.437140
0.413061
1.000000
0.018244
0.508078
0.344701
0.554336
0.419884
1.000000
0.018185
0.859669
0.312189
0.917238
0.386086
1.000000
0.017989
0.559757
0.269167
0.672592
0.417844
1.000000
0.017923
0.867925
0.448954
0.907955
0.507840
1.000000
0.017778
0.061187
0.710848
0.113292
0.780747
1.000000
0.017738
0.907975
0.388922
0.954598
0.448932
1.000000
0.017547
0.935043
0.420502
1.004388
0.544282
1.000000
0.017479
0.023548
0.853446
0.142953
0.996720
1.000000
0.017435
0.666809
0.576544
0.971765
1.056854
1.000000
0.017365
0.715016
0.955089
0.757487
1.000072
1.000000
0.017306
0.922909
0.486132
0.997702
0.629717
1.000000
0.017295
0.868853
0.487774
0.906726
0.541580
1.000000
0.017263
0.065719
0.754210
0.113012
0.818808
1.000000
0.017240
0.236091
0.115760
0.288316
0.176512
1.000000
0.017240
0.766563
0.948715
0.812866
0.999773
1.000000
0.017145
0.906123
0.196657
0.999642
0.325074
1.000000
0.017038
0.966833
0.219927
1.001876
0.278181
1.000000
0.017026
0.001958
0.890317
0.038612
0.953697
1.000000
0.016853
0.611848
0.951208
0.661061
0.997798
1.000000
0.016800
0.867660
0.413040
0.912101
0.473080
1.000000
0.016797
0.846421
0.392312
0.888590
0.446604
1.000000
0.016784
0.854127
0.515424
0.930503
0.649922
1.000000
0.016746
0.410325
0.256067
0.464789
0.328477
1.000000
0.016583
0.913339
0.450296
0.954409
0.506076
1.000000
0.016536
0.966597
0.754011
0.998664
0.817576
1.000000
0.016475
0.136830
0.016775
0.194709
0.089528
1.000000
0.016427
0.842693
0.954609
0.885200
1.002716
1.000000
0.016379
0.111001
0.669218
0.164385
0.746403
1.000000
0.016338
0.507518
0.279615
0.613378
0.435573
1.000000
0.016326
-0.000756
0.009483
0.041169
0.097539
1.000000
0.016297
0.015027
0.617541
0.060471
0.686764
1.000000
0.016278
0.498058
0.743045
0.582643
0.864364
1.000000
0.016252
0.906154
0.308376
0.959787
0.378998
1.000000
0.016237
0.013579
0.789217
0.058075
0.847435
1.000000
0.016237
0.466501
0.906459
0.560902
1.003507
1.000000
0.016208
0.915522
0.009820
0.993780
0.128097
1.000000
0.016194
0.683252
0.879411
0.788632
0.998137
1.000000
0.016136
0.038418
0.344086
0.234687
0.677339
1.000000
0.016128
0.839021
0.349984
0.888478
0.412899
1.000000
0.016102
-0.002466
0.343455
0.056526
0.463976
1.000000
0.016083
0.109592
0.782718
0.160026
0.852921
1.000000
0.016080
0.198228
0.678478
0.300803
0.821525
1.000000
0.016069
0.616486
0.269834
0.742196
0.411715
1.000000
0.015965
0.836856
0.002708
0.886723
0.052908
1.000000
0.015963
0.873676
0.655507
0.905261
0.705908
1.000000
0.015939
0.001098
0.650667
0.037664
0.713153
1.000000
0.015935
0.048894
0.204791
0.160158
0.353856
1.000000
0.015910
0.070096
0.020140
0.179181
0.153182
1.000000
0.015886
0.715576
0.117398
0.926587
0.353265
1.000000
0.015844
0.917822
0.654891
0.956167
0.716672
1.000000
0.015834
0.818072
0.347075
0.917259
0.468632
1.000000
0.015747
0.109614
0.112443
0.226012
0.248737
1.000000
0.015732
0.064933
0.587986
0.266181
0.842847
1.000000
0.015695
0.514269
0.954298
0.559784
0.999743
1.000000
0.015695
0.090764
0.016417
0.142579
0.089138
1.000000
0.015681
0.164147
0.270270
0.267811
0.407093
1.000000
0.015652
0.013042
0.560458
0.099587
0.691993
1.000000
0.015638
0.082576
0.788132
0.134202
0.857625
1.000000
0.015638
0.010877
0.752115
0.056166
0.813908
1.000000
0.015623
0.112442
-0.000642
0.160313
0.054780
1.000000
0.015602
0.063373
0.592358
0.110548
0.662644
1.000000
0.015585
0.104381
0.876553
0.211709
0.999959
1.000000
0.015560
0.141383
0.687266
0.242443
0.824791
1.000000
0.015560
0.001620
0.550166
0.035955
0.613775
1.000000
0.015538
0.013593
0.855962
0.059085
0.917942
1.000000
0.015532
0.942219
0.676995
0.986756
0.749996
1.000000
0.015475
0.124947
0.625369
0.232632
0.754818
1.000000
0.015420
0.182637
0.036715
0.251890
0.123277
1.000000
0.015416
0.001005
0.820109
0.036786
0.876550
1.000000
0.015398
0.440785
0.679153
0.536698
0.811515
1.000000
0.015371
0.000063
0.719405
0.036597
0.780782
1.000000
0.015363
0.967322
0.717056
0.999326
0.782476
1.000000
0.015272
0.917454
0.770150
0.999270
0.939468
1.000000
0.015256
0.142049
0.954389
0.185819
0.999888
1.000000
0.015200
0.964601
0.181365
1.000869
0.243368
1.000000
0.015197
0.965970
0.817295
0.999133
0.885137
1.000000
0.015026
0.206680
0.072445
0.269770
0.147409
1.000000
0.014998
0.161741
0.079334
0.217310
0.146539
1.000000
0.014952
0.022695
0.407663
0.380932
0.899113
1.000000
0.014917
0.623492
0.614451
0.729566
0.769555
1.000000
0.014823
0.898248
0.657387
0.932422
0.710761
1.000000
0.014819
0.158831
0.141646
0.272848
0.288182
1.000000
0.014809
0.871324
0.623644
0.902918
0.673679
1.000000
0.014802
0.801525
0.344707
0.852021
0.410874
1.000000
0.014798
0.163634
0.118107
0.212495
0.177274
1.000000
0.014782
0.915024
0.486724
0.953472
0.539558
1.000000
0.014741
0.462642
0.717600
0.505423
0.776735
1.000000
0.014731
0.275416
0.607911
0.398260
0.761445
1.000000
0.014675
0.655431
0.675858
0.746174
0.831112
1.000000
0.014615
0.215829
0.954132
0.256841
0.998743
1.000000
0.014611
0.000029
0.684514
0.037645
0.746615
1.000000
0.014595
0.212808
0.680489
0.265185
0.758769
1.000000
0.014545
0.743599
0.952065
0.787661
1.001484
1.000000
0.014516
0.420302
0.955727
0.458503
0.998791
1.000000
0.014509
0.337013
0.372801
0.388253
0.450481
1.000000
0.014439
0.872608
0.532207
0.906525
0.585389
1.000000
0.014431
0.001756
0.451691
0.032763
0.512522
1.000000
0.014368
0.004665
0.755788
0.098203
0.888619
1.000000
0.014306
0.963238
0.882250
0.998640
0.949865
1.000000
0.014297
0.878731
0.436152
1.011384
0.735952
1.000000
0.014293
0.525344
0.296625
0.919881
0.915526
1.000000
0.014277
0.088331
0.952861
0.135643
1.000939
1.000000
0.014253
0.011867
0.315001
0.054449
0.381492
1.000000
0.014241
0.407570
0.602907
0.514393
0.739874
1.000000
0.014232
0.225261
0.034317
0.291461
0.121045
1.000000
0.014229
0.890236
0.447486
0.930476
0.505499
1.000000
0.014200
0.039801
0.791325
0.088401
0.849162
1.000000
0.014147
0.911545
0.184559
0.958382
0.238669
1.000000
0.014077
0.334823
0.313064
0.391643
0.398549
1.000000
0.014071
0.503982
0.884905
0.629377
0.997777
1.000000
0.014063
0.175212
0.912616
0.257970
1.005820
1.000000
0.014056
0.509940
0.226502
0.737618
0.509555
1.000000
0.014042
0.001143
0.584189
0.037131
0.647616
1.000000
0.014033
0.590223
0.920650
0.642655
0.981617
1.000000
0.014003
-0.001518
0.527870
0.062191
0.646481
1.000000
0.013946
0.776126
-0.001325
0.892576
0.112631
1.000000
0.013924
0.917729
0.097699
0.994315
0.213826
1.000000
0.013911
0.358220
0.485660
0.481727
0.656761
1.000000
0.013851
0.214770
0.243689
0.318277
0.391929
1.000000
0.013798
0.474909
0.812732
0.573698
0.946411
1.000000
0.013795
0.061562
0.950198
0.111365
1.001167
1.000000
0.013782
0.852728
0.641943
0.937353
0.789963
1.000000
0.013744
0.810842
0.380946
0.854007
0.439099
1.000000
0.013671
0.288280
-0.000147
0.337897
0.052483
1.000000
0.013621
0.661972
0.951332
0.709985
0.998334
1.000000
0.013575
0.340414
0.437652
0.394817
0.518111
1.000000
0.013564
0.615760
0.848604
0.659361
0.901228
1.000000
0.013485
0.870716
0.891256
0.906971
0.946250
1.000000
0.013485
0.214170
0.068498
0.325550
0.202072
1.000000
0.013458
0.433548
0.672801
0.632340
0.948851
1.000000
0.013400
0.564529
0.954386
0.612779
0.999705
1.000000
0.013387
0.038068
0.754253
0.086870
0.816377
1.000000
0.013368
0.111202
0.044733
0.163866
0.117670
1.000000
0.013354
0.063661
0.339983
0.164012
0.481527
1.000000
0.013336
0.891695
0.583678
0.925104
0.635007
1.000000
0.013299
0.538315
0.954447
0.587138
1.000823
1.000000
0.013298
0.516954
0.847692
0.558297
0.904157
1.000000
0.013279
0.080510
0.091665
0.293823
0.393517
1.000000
0.013265
0.421504
0.715465
0.464418
0.775472
1.000000
0.013248
0.891052
0.488029
0.929248
0.541268
1.000000
0.013203
0.942588
-0.000112
0.987731
0.050045
1.000000
0.013170
0.376156
0.152445
0.493563
0.305694
1.000000
0.013158
0.633549
0.918506
0.687026
0.982079
1.000000
0.013140
0.000080
0.146354
0.068094
0.284739
1.000000
0.013128
0.890202
0.190169
0.933777
0.241476
1.000000
0.013116
-0.005242
0.412833
0.053802
0.538513
1.000000
0.013094
0.112650
0.238133
0.223801
0.388176
1.000000
0.013066
0.690128
0.713639
0.736196
0.782857
1.000000
0.013051
0.854185
0.064529
1.001019
0.297389
1.000000
0.013012
0.083232
0.843139
0.132482
0.908987
1.000000
0.013009
0.001262
0.487197
0.032738
0.548206
1.000000
0.012988
0.486678
0.951630
0.535848
1.000753
1.000000
0.012979
0.907722
0.350530
0.958394
0.416779
1.000000
0.012862
0.286333
0.156051
0.393618
0.307421
1.000000
0.012854
0.736715
0.836096
0.904009
1.027215
1.000000
0.012849
0.563501
0.784194
0.669824
0.914602
1.000000
0.012838
0.943251
0.561760
1.004916
0.688335
1.000000
0.012835
0.689116
0.952424
0.735674
1.000201
1.000000
0.012818
0.310181
0.073643
0.417455
0.210152
1.000000
0.012817
0.471558
0.789221
0.508858
0.841213
1.000000
0.012760
0.042460
0.637922
0.101496
0.725109
1.000000
0.012693
0.847791
0.452372
0.886218
0.507335
1.000000
0.012666
0.826131
0.445104
0.915249
0.580824
1.000000
0.012610
0.840034
0.916196
0.885211
0.981350
1.000000
0.012578
0.849931
0.490006
0.886311
0.540990
1.000000
0.012544
0.172063
0.735296
0.271657
0.885214
1.000000
0.012521
0.359244
0.471047
0.413708
0.546327
1.000000
0.012496
0.441981
0.001913
0.483561
0.049372
1.000000
0.012476
0.490054
0.445412
0.535565
0.511236
1.000000
0.012413
0.661978
0.339445
0.774736
0.475972
1.000000
0.012373
0.417583
0.746058
0.514089
0.876891
1.000000
0.012337
0.243698
-0.007097
0.351781
0.098776
1.000000
0.012236
0.370166
0.668725
0.472916
0.813814
1.000000
0.012208
0.133965
0.747952
0.182965
0.815332
1.000000
0.012139
0.389270
0.795146
0.477086
0.924740
1.000000
0.012122
0.062661
0.482817
0.160839
0.638340
1.000000
0.012115
0.888532
0.002982
0.932517
0.050027
1.000000
0.012101
0.511006
0.416321
0.727450
0.718098
1.000000
0.012068
0.222409
0.188016
0.400736
0.461138
1.000000
0.012067
0.896397
0.627430
0.930411
0.679898
1.000000
0.012061
0.373112
0.906686
0.459804
1.007538
1.000000
0.012045
0.001060
0.412577
0.034075
0.475433
1.000000
0.011999
0.118880
0.338292
0.222906
0.477927
1.000000
0.011993
0.837536
0.284241
0.894642
0.352514
1.000000
0.011963
0.566250
0.579681
0.673760
0.732542
1.000000
0.011916
0.912652
0.128225
0.955576
0.180339
1.000000
0.011866
0.857810
0.024293
0.905311
0.082939
1.000000
0.011844
0.949518
0.523677
0.989164
0.582149
1.000000
0.011825
0.112348
0.591763
0.159384
0.660386
1.000000
0.011822
0.821552
0.099347
0.922754
0.219932
1.000000
0.011716
-0.011666
0.269134
0.125521
0.534362
1.000000
0.011710
0.308071
0.345810
0.416908
0.529365
1.000000
0.011708
0.492730
0.852210
0.534871
0.908129
1.000000
0.011667
0.467773
0.853793
0.507072
0.910338
1.000000
0.011655
0.606578
0.478752
0.812816
0.809555
1.000000
0.011629
0.564773
0.314477
0.614936
0.387427
1.000000
0.011625
0.190305
0.649037
0.239317
0.720723
1.000000
0.011622
0.110928
0.920777
0.158562
0.986335
1.000000
0.011620
0.934595
0.260449
0.988739
0.327459
1.000000
0.011609
0.757161
0.533677
0.851637
0.690430
1.000000
0.011604
0.916001
0.160755
0.956623
0.207980
1.000000
0.011596
0.134219
0.621692
0.185455
0.693197
1.000000
0.011525
0.312776
0.017709
0.366839
0.085219
1.000000
0.011504
0.948124
0.053102
0.988812
0.113116
1.000000
0.011461
0.110150
0.849070
0.155763
0.911968
1.000000
0.011399
0.814982
0.892814
0.852036
0.949392
1.000000
0.011378
0.682780
0.741830
0.770023
0.889803
1.000000
0.011371
0.754401
0.060855
0.889952
0.202188
1.000000
0.011366
0.685740
0.379698
0.735610
0.443203
1.000000
0.011332
0.134593
0.798786
0.234606
0.955523
1.000000
0.011329
0.897009
0.545344
0.976958
0.693317
1.000000
0.011306
0.692087
0.784850
0.735173
0.846223
1.000000
0.011296
0.307213
0.548244
0.427542
0.699525
1.000000
0.011257
0.157353
0.238766
0.487240
0.714943
1.000000
0.011231
0.635488
0.830449
0.676949
0.882869
1.000000
0.011224
0.115801
0.554240
0.157114
0.615926
1.000000
0.011209
0.212921
0.556813
0.440838
0.849052
1.000000
0.011168
0.913316
0.559158
0.949858
0.610842
1.000000
0.011158
0.320871
0.343510
0.370259
0.416697
1.000000
0.011143
0.625863
0.274031
0.846919
0.550167
1.000000
0.011132
0.916497
0.588928
0.951595
0.642068
1.000000
0.011122
0.625147
0.778064
0.730185
0.921931
1.000000
0.011094
0.457623
0.144942
0.567421
0.292170
1.000000
0.011086
0.011624
0.523030
0.051430
0.585099
1.000000
0.011041
0.865374
0.185297
0.911359
0.242202
1.000000
0.011029
0.639790
0.383730
0.687067
0.447145
1.000000
0.011029
0.402728
0.076719
0.518124
0.226721
1.000000
0.011005
0.819181
0.718909
0.913946
0.861948
1.000000
0.010993
0.162504
0.716510
0.210828
0.784220
1.000000
0.010971
0.709738
0.673268
0.801801
0.820159
1.000000
0.010955
0.113465
0.118048
0.160990
0.179193
1.000000
0.010951
0.874333
0.686532
0.906659
0.738130
1.000000
0.010934
0.886322
0.122388
0.931420
0.178196
1.000000
0.010926
0.280379
0.019096
0.392361
0.156271
1.000000
0.010923
-0.002292
0.829102
0.079237
0.951339
1.000000
0.010916
0.443115
0.923603
0.487561
0.986564
1.000000
0.010913
0.000814
0.219491
0.039663
0.289643
1.000000
0.010908
0.086460
0.881859
0.134816
0.949663
1.000000
0.010906
0.364183
0.545057
0.415643
0.615287
1.000000
0.010901
0.940400
0.846604
0.987963
0.920155
1.000000
0.010896
0.416232
0.394847
0.543154
0.600829
1.000000
0.010894
0.137169
0.817694
0.182790
0.879101
1.000000
0.010874
0.384632
0.278098
0.444178
0.360216
1.000000
0.010872
0.911924
0.020764
0.957782
0.078609
1.000000
0.010861
0.486583
0.652133
0.586470
0.805841
1.000000
0.010851
0.218753
0.785200
0.260597
0.848078
1.000000
0.010851
0.609599
0.370891
0.720378
0.515958
1.000000
0.010817
0.872120
0.823095
0.905476
0.877105
1.000000
0.010817
0.691968
0.534857
0.793123
0.691955
1.000000
0.010812
0.430612
0.277281
0.488176
0.356361
1.000000
0.010804
0.767774
0.711452
0.863058
0.861551
1.000000
0.010800
0.191413
0.953558
0.235401
0.999725
1.000000
0.010775
-0.000591
0.278198
0.038033
0.348668
1.000000
0.010766
0.038606
0.851629
0.090799
0.915887
1.000000
0.010734
0.908933
0.219403
0.959961
0.279499
1.000000
0.010711
0.358836
0.251545
0.416784
0.331974
1.000000
0.010692
0.845854
0.889983
0.880758
0.943510
1.000000
0.010669
0.566299
0.852168
0.611763
0.905370
1.000000
0.010636
0.470168
0.821639
0.508036
0.875676
1.000000
0.010590
0.637052
0.640327
0.689299
0.714985
1.000000
0.010580
0.359754
-0.006580
0.450166
0.101844
1.000000
0.010527
0.785502
0.478903
0.877787
0.628028
1.000000
0.010510
0.465512
0.000198
0.508759
0.048951
1.000000
0.010507
0.869536
0.862179
0.905427
0.917169
1.000000
0.010487
0.440384
0.651094
0.487781
0.709890
1.000000
0.010486
0.084432
0.410239
0.186360
0.555206
1.000000
0.010484
0.478591
0.525006
0.584376
0.695218
1.000000
0.010448
0.861120
0.258607
0.919458
0.327384
1.000000
0.010432
0.394905
0.956457
0.434817
1.000311
1.000000
0.010429
0.758616
0.409464
0.862063
0.551456
1.000000
0.010420
0.020415
0.401537
0.105075
0.552885
1.000000
0.010415
0.000258
0.108854
0.038276
0.184149
1.000000
0.010411
0.942655
0.779387
0.987231
0.849665
1.000000
0.010406
0.088947
0.118359
0.134949
0.179976
1.000000
0.010403
0.336975
0.001604
0.382931
0.050623
1.000000
0.010399
0.853384
0.526845
0.885778
0.574219
1.000000
0.010375
0.540545
0.853802
0.582722
0.905310
1.000000
0.010363
0.381736
0.228965
0.513197
0.390234
1.000000
0.010358
0.736004
0.376447
0.789055
0.444503
1.000000
0.010355
0.116331
0.520989
0.157937
0.582366
1.000000
0.010353
0.214406
0.602671
0.328518
0.747029
1.000000
0.010350
0.164797
0.782322
0.211756
0.849265
1.000000
0.010346
0.515227
0.722964
0.558058
0.785385
1.000000
0.010337
0.097117
0.567730
0.202200
0.705875
1.000000
0.010329
0.160565
0.645855
0.209313
0.719277
1.000000
0.010327
0.891510
0.891271
0.930189
0.950759
1.000000
0.010289
0.709711
0.367052
0.824476
0.511472
1.000000
0.010255
0.559413
0.477360
0.663349
0.635579
1.000000
0.010250
0.487192
0.287017
0.537176
0.357956
1.000000
0.010218
0.188046
0.316038
0.232591
0.380624
1.000000
0.010215
0.791723
0.451723
0.833717
0.509331
1.000000
0.010200
0.873636
0.723342
0.906780
0.774846
1.000000
0.010150
0.447072
0.792893
0.481970
0.840512
1.000000
0.010145
0.312343
0.253466
0.364620
0.328429
1.000000
0.010133
0.067885
0.379907
0.108520
0.441052
1.000000
0.010131
0.008126
0.064964
0.104566
0.226793
1.000000
0.010111
0.467489
0.755232
0.506272
0.810055
1.000000
0.010097
0.496266
0.812418
0.540379
0.872232
1.000000
0.010096
0.920141
0.783422
0.958840
0.846094
1.000000
0.010083
0.784400
-0.000160
0.841353
0.055208
1.000000
0.010067
0.537970
0.318873
0.584543
0.386862
1.000000
0.010003
0.388895
0.651791
0.436576
0.714943
