1.000000
0.994441
0.358746
0.244610
0.580887
0.644457
1.000000
0.078882
-0.023780
0.631031
0.311364
1.090931
1.000000
0.037884
0.117299
-0.001552
0.324331
0.167895
1.000000
0.033584
0.223312
0.345973
0.597029
0.908533
1.000000
0.032556
-0.000788
0.001825
0.071768
0.152882
1.000000
0.031801
0.048103
0.786086
0.163060
0.921722
1.000000
0.031051
0.798006
0.914341
0.859406
0.990593
1.000000
0.029489
0.937839
0.948802
0.986566
1.000623
1.000000
0.028636
0.013595
0.792938
0.058122
0.849463
1.000000
0.028040
0.062265
0.614738
0.161662
0.737766
1.000000
0.027809
-0.000120
0.945594
0.037494
0.995823
1.000000
0.027617
0.866491
0.944847
0.915397
0.997735
1.000000
0.027505
0.017396
0.675917
0.121234
0.810003
1.000000
0.027272
0.469311
0.209177
0.591380
0.379716
1.000000
0.026475
0.009279
0.919057
0.061520
0.984343
1.000000
0.026457
0.373213
0.526810
0.855682
1.124410
1.000000
0.023919
0.765239
0.944476
0.819377
0.999390
1.000000
0.023492
0.964468
0.148688
0.997184
0.205826
1.000000
0.023387
0.907906
0.949878
0.956681
0.999661
1.000000
0.023240
0.066579
0.618351
0.115255
0.691874
1.000000
0.022896
0.827630
0.910613
0.935609
0.999055
1.000000
0.022885
0.075713
0.010082
0.185106
0.138591
1.000000
0.022635
0.006950
0.769746
0.094973
0.886525
1.000000
0.022553
0.001047
0.757964
0.037179
0.816403
1.000000
0.022274
0.962008
0.786109
0.996757
0.849724
1.000000
0.022160
0.078890
0.679307
0.180585
0.819274
1.000000
0.021902
0.001995
0.814600
0.040206
0.871827
1.000000
0.021704
0.962728
0.922865
0.999240
0.987406
1.000000
0.021274
0.013327
0.611318
0.104054
0.739767
1.000000
0.021108
0.858300
0.851895
0.992766
1.008791
1.000000
0.020784
0.742853
0.261630
0.861887
0.415070
1.000000
0.020625
0.484144
0.307704
0.596822
0.467911
1.000000
0.020458
0.591276
0.247140
0.707263
0.388048
1.000000
0.020114
0.964217
0.652551
0.996936
0.716317
1.000000
0.020094
0.802270
-0.013742
0.959501
0.194141
1.000000
0.020020
0.836397
0.948814
0.889381
1.002819
1.000000
0.019889
0.527528
0.342708
0.583849
0.420886
1.000000
0.019667
0.108160
0.815294
0.161103
0.883224
1.000000
0.019631
0.158494
0.075910
0.221310
0.149657
1.000000
0.019596
0.967165
0.623299
0.998025
0.682680
1.000000
0.019569
0.013859
0.682584
0.058821
0.748469
1.000000
0.019523
0.007962
0.099147
0.052993
0.172473
1.000000
0.019415
0.967169
0.021943
0.999792
0.081200
1.000000
0.019306
0.001356
0.721859
0.036139
0.779875
1.000000
0.019234
0.016461
0.894039
0.116988
1.002850
1.000000
0.019147
0.206643
-0.002586
0.266841
0.058292
1.000000
0.019144
0.001914
0.892388
0.037932
0.951187
1.000000
0.019001
0.911453
0.641464
0.993346
0.794031
1.000000
0.018941
0.854825
0.122788
0.900773
0.183535
1.000000
0.018757
0.160415
-0.003589
0.219800
0.055982
1.000000
0.018628
0.059422
0.949390
0.110191
1.000502
1.000000
0.018577
0.088595
0.000219
0.139053
0.058191
1.000000
0.018443
0.968687
0.552151
0.999129
0.611950
1.000000
0.018413
0.918841
0.654817
0.955855
0.712646
1.000000
0.018376
0.112837
0.674671
0.164090
0.745791
1.000000
0.018215
0.965556
0.886510
0.998940
0.947040
1.000000
0.017834
0.968887
0.718008
0.999377
0.779076
1.000000
0.017800
0.723839
0.087166
0.924141
0.348541
1.000000
0.017763
0.062264
0.816272
0.115249
0.879703
1.000000
0.017746
0.061646
0.714655
0.111323
0.779077
1.000000
0.017734
0.894875
0.288238
0.994479
0.417731
1.000000
0.017730
0.006539
-0.003325
0.058159
0.065403
1.000000
0.017701
0.872641
0.658773
0.902706
0.706374
1.000000
0.017670
0.001918
0.547483
0.035824
0.615760
1.000000
0.017471
0.181849
0.013413
0.248007
0.095114
1.000000
0.017435
0.101414
0.094296
0.235198
0.237575
1.000000
0.017342
0.716282
0.956037
0.759225
1.000772
1.000000
0.017297
0.115236
0.714069
0.163906
0.777641
1.000000
0.017293
0.011672
0.584857
0.054439
0.651733
1.000000
0.017189
0.083827
0.790624
0.140047
0.858188
1.000000
0.017032
0.649792
0.200269
0.985289
0.847738
1.000000
0.017015
0.062948
0.758891
0.112741
0.821989
1.000000
0.016898
0.013481
0.850180
0.060251
0.912384
1.000000
0.016883
0.933575
0.782911
1.001073
0.900812
1.000000
0.016876
0.867058
0.895783
0.909469
0.953562
1.000000
0.016861
0.062721
0.674764
0.112336
0.745698
1.000000
0.016830
0.035586
0.758976
0.083450
0.818727
1.000000
0.016816
0.001245
0.649623
0.035957
0.711943
1.000000
0.016671
0.969083
0.090721
0.998304
0.150357
1.000000
0.016603
0.831441
0.261677
0.939250
0.393336
1.000000
0.016569
0.007877
0.220468
0.084942
0.352568
1.000000
0.016450
0.035843
0.714931
0.084122
0.776228
1.000000
0.016333
0.968191
0.586318
0.998883
0.647634
1.000000
0.016194
0.105924
0.621377
0.156304
0.693985
1.000000
0.016158
0.747622
0.923835
0.796740
0.987526
1.000000
0.016134
0.901529
0.379887
0.993981
0.524647
1.000000
0.016081
0.088789
0.716773
0.138124
0.780765
1.000000
0.016019
0.660932
0.953945
0.709723
1.001342
1.000000
0.016010
0.310543
0.035238
0.414287
0.179712
1.000000
0.015971
0.001424
0.614165
0.036304
0.678348
1.000000
0.015914
0.085681
0.106980
0.136991
0.172836
1.000000
0.015773
0.631778
0.912375
0.726890
1.003250
1.000000
0.015738
0.967578
0.218454
1.001659
0.276976
1.000000
0.015711
0.653226
0.778817
0.977849
1.026344
1.000000
0.015603
0.964016
0.287019
1.000227
0.346737
1.000000
0.015572
0.263556
0.007341
0.470050
0.271593
1.000000
0.015166
0.131260
0.016043
0.195994
0.096788
1.000000
0.014930
0.873219
0.557568
0.905890
0.608079
1.000000
0.014761
0.968636
0.454498
1.000268
0.515106
1.000000
0.014675
0.861180
0.284582
0.916485
0.351696
1.000000
0.014563
0.497084
0.189076
0.730755
0.453795
1.000000
0.014505
0.035595
0.818027
0.086819
0.877867
1.000000
0.014476
0.969649
0.490250
1.000303
0.548976
1.000000
0.014423
0.966492
0.386354
1.000470
0.447416
1.000000
0.014416
0.964976
0.318913
1.001132
0.382355
1.000000
0.014411
0.002525
0.380435
0.035812
0.445798
1.000000
0.014387
0.057747
0.212836
0.162082
0.348233
1.000000
0.014377
0.965867
0.181087
1.000962
0.243915
1.000000
0.014303
0.837749
0.003347
0.885536
0.052282
1.000000
0.014273
0.127033
0.720308
0.227641
0.857936
1.000000
0.014183
0.901071
0.659255
0.934745
0.710248
1.000000
0.014131
0.968699
0.055955
0.998719
0.115539
1.000000
0.014110
0.041050
0.537349
0.215549
0.784062
1.000000
0.014067
0.290636
-0.005374
0.383281
0.099860
1.000000
0.013849
0.239039
0.116243
0.287461
0.173958
1.000000
0.013739
0.440066
0.000204
0.482553
0.049602
1.000000
0.013733
0.002064
0.252478
0.040354
0.319862
1.000000
0.013679
0.257667
-0.000324
0.309566
0.054695
1.000000
0.013676
0.840094
0.893572
0.881750
0.949992
1.000000
0.013651
0.062335
0.858591
0.182885
0.996154
1.000000
0.013555
0.687709
0.953851
0.736817
1.001794
1.000000
0.013528
0.525940
0.129769
0.652653
0.287560
1.000000
0.013499
0.871006
0.528006
0.904341
0.579040
1.000000
0.013485
0.202366
0.075279
0.266342
0.148862
1.000000
0.013475
0.871514
0.591442
0.902615
0.640860
1.000000
0.013467
0.519228
0.957811
0.558120
0.999082
1.000000
0.013463
0.864991
0.388043
0.910982
0.448625
1.000000
0.013454
0.313397
0.001734
0.361751
0.055139
1.000000
0.013430
0.230932
0.015297
0.289693
0.093035
1.000000
0.013392
0.865119
0.179968
0.907934
0.236303
1.000000
0.013341
0.866373
0.453439
0.905635
0.510626
1.000000
0.013338
-0.000782
0.281410
0.062992
0.401409
1.000000
0.013321
0.968655
0.423032
1.000592
0.479334
1.000000
0.013302
-0.001823
0.824216
0.081108
0.942574
1.000000
0.013284
0.613977
0.953831
0.661899
1.000247
1.000000
0.013278
0.870571
0.826709
0.905770
0.876517
1.000000
0.013200
0.113161
0.954841
0.159177
1.001869
1.000000
0.013194
0.111254
0.755771
0.160920
0.821807
1.000000
0.013185
0.779658
0.312071
0.840331
0.393036
1.000000
0.013092
0.001959
0.317404
0.036301
0.383317
1.000000
0.013080
0.861200
0.350489
0.911188
0.414497
1.000000
0.013050
0.916794
0.151290
0.999922
0.272163
1.000000
0.013023
0.941609
0.677629
0.984901
0.744988
1.000000
0.013008
0.867883
0.859827
0.909852
0.915155
1.000000
0.013006
0.001827
0.489354
0.032934
0.551981
1.000000
0.013003
0.870097
0.626704
0.900862
0.675187
1.000000
0.012953
0.889020
0.002586
0.931695
0.047633
1.000000
0.012925
0.568198
0.908247
0.668240
1.006391
1.000000
0.012920
0.378412
0.001618
0.484162
0.143004
1.000000
0.012904
0.025036
0.379465
0.384584
0.903416
1.000000
0.012879
0.873057
0.688892
0.903188
0.736337
1.000000
0.012847
0.132403
0.647777
0.183193
0.721578
1.000000
0.012734
0.035723
0.146935
0.234145
0.433449
1.000000
0.012733
0.943879
0.760139
0.986476
0.828899
1.000000
0.012719
0.003300
0.493847
0.073030
0.628652
1.000000
0.012682
0.137808
0.113304
0.193771
0.178798
1.000000
0.012604
0.850717
0.674668
0.938361
0.816083
1.000000
0.012576
0.086202
0.842375
0.137969
0.907646
1.000000
0.012567
0.088239
0.598135
0.132903
0.661190
1.000000
0.012469
0.431050
0.052081
0.534755
0.206075
1.000000
0.012467
0.851059
0.551786
0.926734
0.684609
1.000000
0.012367
0.804527
0.181227
0.915162
0.322529
1.000000
0.012329
0.002261
0.453148
0.032462
0.513603
1.000000
0.012244
0.522020
0.917048
0.561847
0.971793
1.000000
0.012139
0.941178
0.848878
0.986714
0.914657
1.000000
0.012128
0.846144
0.403221
0.935939
0.543275
1.000000
0.012109
0.942081
0.626876
0.984699
0.689919
1.000000
0.012097
0.252849
0.045059
0.303183
0.115393
1.000000
0.012053
0.520404
0.903124
0.613845
1.006208
1.000000
0.012042
0.484401
0.342860
0.545994
0.424892
1.000000
0.012037
0.086183
0.953968
0.135158
1.002300
1.000000
0.012015
0.546973
0.023498
0.951170
0.480692
1.000000
0.011972
-0.014211
0.351639
0.122594
0.636930
1.000000
0.011963
0.439340
-0.010380
0.527316
0.100763
1.000000
0.011939
0.931122
0.237023
1.005454
0.344644
1.000000
0.011923
0.046483
0.591537
0.089269
0.654385
1.000000
0.011906
0.935822
0.349674
0.989281
0.418546
1.000000
0.011893
0.919716
0.562521
0.992953
0.701387
1.000000
0.011892
0.916384
0.855979
0.958455
0.913021
1.000000
0.011890
0.783182
0.258225
0.836835
0.326070
1.000000
0.011882
0.566087
0.956101
0.608871
0.999906
1.000000
0.011863
0.126539
0.623703
0.229191
0.751342
1.000000
0.011844
0.690182
0.893463
0.807925
1.002424
1.000000
0.011830
0.808821
0.090192
0.907607
0.218984
1.000000
0.011758
0.359080
0.218243
0.490680
0.408042
1.000000
0.011734
0.721985
0.749706
0.814834
0.882073
1.000000
0.011723
0.946198
0.495097
1.006824
0.619208
1.000000
0.011719
0.121355
0.081721
0.343813
0.358766
1.000000
0.011713
0.883539
0.314649
0.935861
0.382310
1.000000
0.011681
0.819634
0.336696
0.921401
0.468800
1.000000
0.011673
0.839603
0.316006
0.890964
0.385302
1.000000
0.011672
0.196673
0.653613
0.299826
0.786403
1.000000
0.011667
0.766471
0.894873
0.815364
0.957854
1.000000
0.011643
-0.002751
0.138285
0.063081
0.275942
1.000000
0.011636
0.867877
0.489823
0.904836
0.543310
1.000000
0.011627
0.043529
0.062530
0.151905
0.206816
1.000000
0.011620
0.510291
0.284449
0.563585
0.362879
1.000000
0.011604
0.213824
0.069989
0.326063
0.204169
1.000000
0.011598
0.009649
0.521951
0.048807
0.586352
1.000000
0.011596
0.793501
0.724273
0.827052
0.771789
1.000000
0.011570
0.852543
0.657837
0.881921
0.702816
1.000000
0.011569
0.760612
0.679593
0.852266
0.822185
1.000000
0.011541
0.639048
0.861443
0.681980
0.913034
1.000000
0.011535
0.843662
0.864550
0.882754
0.917087
1.000000
0.011511
0.363448
-0.000263
0.407584
0.050125
1.000000
0.011503
0.923840
0.787871
0.963156
0.843828
1.000000
0.011456
0.872401
0.721273
0.904208
0.769651
1.000000
0.011422
0.522999
0.859839
0.558421
0.909174
1.000000
0.011406
0.880754
0.602939
0.961519
0.738642
1.000000
0.011405
0.838669
0.259495
0.888981
0.320811
1.000000
0.011405
0.058631
0.883385
0.108970
0.950570
1.000000
0.011373
0.415180
0.000037
0.459928
0.049788
1.000000
0.011370
0.913655
0.450248
0.954639
0.508340
1.000000
0.011323
0.870766
0.794128
0.904953
0.842924
1.000000
0.011298
0.465389
-0.000894
0.507379
0.048047
1.000000
0.011275
0.009058
0.350664
0.049167
0.413391
1.000000
0.011262
0.916955
0.027591
0.993636
0.155305
1.000000
0.011231
0.919589
0.716445
0.955340
0.773484
1.000000
0.011217
0.950568
0.130956
0.990197
0.183787
1.000000
0.011173
0.804623
0.347199
0.852476
0.410954
1.000000
0.011173
0.658946
0.744900
0.753932
0.885656
1.000000
0.011158
0.117265
0.554850
0.155768
0.613456
1.000000
0.011148
0.858350
0.026535
0.903788
0.082582
1.000000
0.011148
0.914003
0.890233
0.954069
0.946388
1.000000
0.011144
0.908326
0.385412
0.955103
0.446605
1.000000
0.011088
0.821579
0.656289
0.850823
0.701868
1.000000
0.011059
0.000796
0.142217
0.034217
0.205276
1.000000
0.011036
0.555392
0.318692
0.603554
0.387871
1.000000
0.011026
0.389949
0.000300
0.433280
0.050120
1.000000
0.011018
0.164362
0.235474
0.272628
0.377127
1.000000
0.010923
0.066182
0.484462
0.160698
0.636430
1.000000
0.010921
0.944045
0.714446
0.985493
0.779024
1.000000
0.010896
0.891893
0.860593
0.932914
0.915716
1.000000
0.010884
0.647781
0.270837
0.783575
0.418175
1.000000
0.010851
0.768485
0.790608
0.808468
0.842529
1.000000
0.010819
0.081625
0.267025
0.185713
0.405165
1.000000
0.010815
0.480860
0.247035
0.538425
0.328600
1.000000
0.010797
0.065829
0.348612
0.163394
0.486697
1.000000
0.010748
0.827773
0.480451
0.911049
0.617283
1.000000
0.010741
0.840870
0.220366
0.884542
0.277268
1.000000
0.010739
0.447386
0.012577
0.626922
0.287032
1.000000
0.010726
0.540823
0.955752
0.584099
1.000535
1.000000
0.010724
0.739791
0.257499
0.789884
0.322571
1.000000
0.010709
0.889466
0.185670
0.932040
0.238843
1.000000
0.010704
0.457007
0.276055
0.512011
0.354812
1.000000
0.010694
0.921550
0.817748
0.959484
0.873722
1.000000
0.010663
0.152910
0.144929
0.275210
0.290388
1.000000
0.010662
0.816706
0.796470
0.912868
0.919845
1.000000
0.010641
0.313686
0.078465
0.363526
0.149062
1.000000
0.010535
0.818802
0.827469
0.853803
0.875265
1.000000
0.010519
0.811260
0.380708
0.853903
0.438255
1.000000
0.010486
0.710191
0.197932
0.827016
0.352116
1.000000
0.010484
0.888175
0.024147
0.933139
0.079212
1.000000
0.010468
0.853855
0.055031
1.000498
0.291807
1.000000
0.010437
0.797426
0.654329
0.829449
0.702286
1.000000
0.010436
0.564763
0.918800
0.610218
0.976519
1.000000
0.010414
0.118011
0.522736
0.156716
0.582069
1.000000
0.010398
-0.004377
0.418147
0.053453
0.545096
1.000000
0.010386
0.608314
0.254990
0.669489
0.333829
1.000000
0.010321
0.067332
0.558439
0.106002
0.619184
1.000000
0.010250
0.793187
0.792845
0.829642
0.841292
1.000000
0.010217
0.895674
0.825669
0.931515
0.878157
1.000000
0.010215
0.491993
0.958418
0.532595
1.000752
1.000000
0.010199
0.943962
-0.001093
0.987121
0.045476
1.000000
0.010182
0.312272
0.116775
0.358421
0.177027
1.000000
0.010156
0.609461
0.299992
0.667474
0.382707
1.000000
0.010152
0.364694
0.117455
0.411072
0.183478
1.000000
0.010093
0.794419
0.632044
0.975263
0.913173
1.000000
0.010088
0.103198
0.070965
0.165677
0.151051
1.000000
0.010079
0.738137
0.313155
0.797913
0.390398
1.000000
0.010060
0.588400
0.921650
0.636844
0.980121
1.000000
0.010033
0.197049
0.209575
0.421322
0.493824
