1.000000
0.943663
0.399140
0.320988
0.537666
0.536480
1.000000
0.095547
0.815689
0.140766
0.863756
0.219949
1.000000
0.042379
0.932682
0.914837
0.996560
0.997630
1.000000
0.037992
-0.000461
0.757965
0.246907
1.004689
1.000000
0.034224
0.264318
0.759861
0.300409
0.816840
1.000000
0.033410
0.186955
0.021185
0.235788
0.077048
1.000000
0.031514
0.010317
0.012797
0.064024
0.079615
1.000000
0.029495
0.200475
0.113343
0.295794
0.227581
1.000000
0.028771
0.153851
0.585697
0.256922
0.710024
1.000000
0.028710
0.082363
0.547642
0.270131
0.814404
1.000000
0.028676
0.019128
0.784658
0.129069
0.897975
1.000000
0.028401
0.784075
0.124504
0.876047
0.263233
1.000000
0.028376
0.391767
0.373729
0.445247
0.456563
1.000000
0.027890
0.933593
0.167559
1.001521
0.280907
1.000000
0.027658
0.863747
0.910034
0.915395
0.984363
1.000000
0.027654
0.239313
0.918437
0.276338
0.974467
1.000000
0.027382
0.002790
0.600159
0.064648
0.728072
1.000000
0.027284
0.037993
0.816268
0.096203
0.879456
1.000000
0.027100
0.962102
0.510505
0.999598
0.588377
1.000000
0.026667
0.081841
0.100641
0.200598
0.229974
1.000000
0.026322
0.008590
0.876790
0.113316
0.989350
1.000000
0.026092
0.242277
0.952225
0.280903
0.996673
1.000000
0.026029
0.963592
0.747543
0.998311
0.818249
1.000000
0.024745
0.765283
0.280807
0.880087
0.404385
1.000000
0.024718
0.817700
0.210697
0.862135
0.270652
1.000000
0.024685
0.828214
0.315946
0.889208
0.382972
1.000000
0.024661
0.241888
0.894203
0.272177
0.942279
1.000000
0.024645
0.447766
0.425514
0.563549
0.611585
1.000000
0.024640
0.008484
0.667452
0.110948
0.821593
1.000000
0.024485
0.886076
0.885148
0.930721
0.951743
1.000000
0.024298
0.540740
0.283966
0.653993
0.420666
1.000000
0.024266
0.965292
0.812836
0.999937
0.881998
1.000000
0.024261
0.245680
0.730230
0.281586
0.783380
1.000000
0.024119
0.912596
0.218548
0.995678
0.335585
1.000000
0.024075
0.885898
0.948315
0.934498
1.000896
1.000000
0.024049
0.963438
0.155842
0.999161
0.219309
1.000000
0.023953
0.869950
0.851166
0.990611
1.003443
1.000000
0.023934
0.115333
0.724187
0.163204
0.781888
1.000000
0.023832
0.137257
0.018117
0.190561
0.076310
1.000000
0.023609
0.367790
0.954379
0.406179
0.997172
1.000000
0.023524
0.265699
0.955826
0.303006
0.997710
1.000000
0.023360
0.229930
0.752143
0.303106
0.873964
1.000000
0.023140
0.014604
0.292835
0.114799
0.421121
1.000000
0.023052
0.113463
0.145653
0.164627
0.211632
1.000000
0.023052
0.013235
0.946814
0.063251
0.997015
1.000000
0.023042
0.267950
0.816237
0.301059
0.871917
1.000000
0.022753
0.817365
0.950489
0.861449
0.999518
1.000000
0.022578
0.593455
0.262758
0.702746
0.396175
1.000000
0.022539
0.251003
0.784142
0.285279
0.839933
1.000000
0.022468
0.616288
0.951005
0.657191
0.995365
1.000000
0.022446
0.017844
0.186237
0.055116
0.238575
1.000000
0.022371
0.158916
0.276885
0.266537
0.404893
1.000000
0.022284
0.457625
0.320443
0.514870
0.394226
1.000000
0.022074
0.963273
0.849400
1.000950
0.918936
1.000000
0.022021
0.060408
0.695539
0.167172
0.830149
1.000000
0.021947
0.767917
0.956186
0.806898
1.001175
1.000000
0.021847
0.509782
0.322019
0.560409
0.392935
1.000000
0.021802
0.267096
0.730748
0.302547
0.785451
1.000000
0.021769
0.136821
0.691828
0.232526
0.827447
1.000000
0.021619
0.726443
0.156092
0.905080
0.392428
1.000000
0.021602
0.063282
0.913601
0.114263
0.974992
1.000000
0.021335
0.965185
0.457074
1.000681
0.527718
1.000000
0.021294
0.839607
0.384161
0.887581
0.442192
1.000000
0.021293
0.936523
0.822735
1.003943
0.953376
1.000000
0.021269
0.141009
0.952511
0.180971
0.994958
1.000000
0.021078
0.191050
0.953850
0.229200
0.996837
1.000000
0.021025
0.868381
0.859281
0.909543
0.922617
1.000000
0.020968
0.812026
0.384571
0.860267
0.441539
1.000000
0.020898
0.103099
0.603976
0.203137
0.737824
1.000000
0.020841
0.841230
0.949523
0.889017
1.001267
1.000000
0.020725
0.915934
0.883565
0.956445
0.945665
1.000000
0.020669
0.216960
0.753018
0.257316
0.812525
1.000000
0.020622
0.015778
0.889933
0.066553
0.953902
1.000000
0.020594
0.966564
0.686897
0.999623
0.754081
1.000000
0.020574
0.958376
0.248929
0.999588
0.317438
1.000000
0.020561
0.004015
0.222943
0.087736
0.353714
1.000000
0.020528
0.888549
0.222065
0.935698
0.279310
1.000000
0.020399
0.801837
0.340496
0.906217
0.462619
1.000000
0.020330
0.646418
0.439728
0.974857
0.943946
1.000000
0.020326
0.869869
0.820614
0.907178
0.874270
1.000000
0.020308
0.856544
0.350118
0.906874
0.409754
1.000000
0.020267
0.735580
0.315113
0.785755
0.382243
1.000000
0.020225
0.318723
0.955413
0.357500
0.999158
1.000000
0.020215
0.026613
0.565708
0.123745
0.722836
1.000000
0.020211
0.822735
0.611469
0.910512
0.752907
1.000000
0.020211
0.344204
0.954240
0.384163
0.998274
1.000000
0.020155
0.863294
0.186929
0.907722
0.244787
1.000000
0.020125
0.934552
0.097407
1.002186
0.216320
1.000000
0.020114
0.506716
0.374740
0.556627
0.456542
1.000000
0.020101
0.961219
0.316951
1.000021
0.381609
1.000000
0.020097
0.932084
0.280817
0.988328
0.348844
1.000000
0.020092
0.768562
0.187205
0.808853
0.248756
1.000000
0.020079
0.789441
0.346017
0.841494
0.409119
1.000000
0.019997
0.209532
0.004721
0.256910
0.052834
1.000000
0.019903
0.054304
0.048507
0.173741
0.172024
1.000000
0.019893
0.910297
0.314268
0.962219
0.375314
1.000000
0.019810
0.754925
0.753998
0.996755
1.008244
1.000000
0.019800
0.416549
0.958219
0.454809
0.998634
1.000000
0.019764
-0.000224
0.083102
0.064550
0.190888
1.000000
0.019747
0.166448
0.950997
0.207168
0.993842
1.000000
0.019738
0.190494
0.724105
0.235944
0.784962
1.000000
0.019714
0.246650
0.114299
0.374553
0.245542
1.000000
0.019647
0.967071
0.649344
1.000400
0.717552
1.000000
0.019551
0.317818
0.279842
0.421643
0.421464
1.000000
0.019547
0.823426
0.834319
0.915632
0.962359
1.000000
0.019545
0.221171
0.914537
0.299777
1.005423
1.000000
0.019515
0.164649
0.723110
0.212381
0.782395
1.000000
0.019489
0.745363
0.900963
0.834734
1.008048
1.000000
0.019458
0.081352
0.282543
0.190971
0.414897
1.000000
0.019440
0.915685
0.191533
0.961333
0.249133
1.000000
0.019383
0.267178
0.773644
0.356207
0.914710
1.000000
0.019309
0.794933
0.954319
0.836875
1.002522
1.000000
0.019300
0.714451
0.302656
0.823196
0.428761
1.000000
0.019182
0.816145
0.246251
0.863332
0.306612
1.000000
0.019153
0.923258
0.426298
0.997787
0.575771
1.000000
0.019036
0.806880
0.901044
0.897456
1.003352
1.000000
0.018972
0.294306
0.957383
0.332741
1.000634
1.000000
0.018962
0.964406
0.577070
1.000672
0.652889
1.000000
0.018933
0.060637
0.210647
0.166583
0.344932
1.000000
0.018925
0.830536
0.173605
0.878872
0.241173
1.000000
0.018925
0.218579
0.954330
0.256906
0.997461
1.000000
0.018899
0.013714
0.155504
0.051806
0.211429
1.000000
0.018882
0.211390
0.096596
0.265223
0.163989
1.000000
0.018848
0.817620
0.821396
0.854733
0.873372
1.000000
0.018779
0.210943
0.056610
0.260159
0.115016
1.000000
0.018746
0.916518
0.948145
0.963946
1.000505
1.000000
0.018733
0.869364
0.676213
0.954911
0.825408
1.000000
0.018657
0.243699
0.697869
0.324551
0.825920
1.000000
0.018657
0.391644
0.955679
0.431992
0.998543
1.000000
0.018641
0.239878
0.641100
0.283373
0.711509
1.000000
0.018585
0.205351
0.607520
0.297872
0.739477
1.000000
0.018577
0.937840
-0.004821
1.000553
0.082053
1.000000
0.018527
0.890283
0.193376
0.933805
0.247119
1.000000
0.018407
0.178340
0.645306
0.366762
0.920878
1.000000
0.018376
0.236757
0.019560
0.289127
0.078864
1.000000
0.018355
0.929859
0.691018
1.000839
0.847286
1.000000
0.018342
0.658022
0.262535
0.768780
0.399184
1.000000
0.018329
0.267525
0.858266
0.298772
0.908721
1.000000
0.018319
0.503766
0.239189
0.707046
0.493560
1.000000
0.018317
0.262453
0.923837
0.300870
0.979717
1.000000
0.018306
0.388548
0.320782
0.444234
0.401257
1.000000
0.018280
0.260936
0.001277
0.314526
0.053995
1.000000
0.018206
0.891999
0.823458
0.929026
0.877657
1.000000
0.018203
0.666106
0.956607
0.705476
0.999647
1.000000
0.018166
0.247262
0.867252
0.278253
0.917895
1.000000
0.018136
0.163839
0.890018
0.246764
0.996578
1.000000
0.018103
0.001757
0.820192
0.041989
0.876967
1.000000
0.018086
0.210675
0.248811
0.322830
0.388328
1.000000
0.018046
0.725488
0.139879
0.818927
0.276067
1.000000
0.018044
0.065707
0.086807
0.278664
0.335193
1.000000
0.018034
0.136724
0.683773
0.187113
0.748790
1.000000
0.018030
0.508981
0.231760
0.617433
0.364761
1.000000
0.018010
0.125672
0.026907
0.237245
0.140713
1.000000
0.018002
0.535988
0.320279
0.587415
0.385262
1.000000
0.017985
0.000189
0.753573
0.035719
0.812947
1.000000
0.017973
-0.003875
0.825632
0.091225
0.939456
1.000000
0.017969
0.190609
0.041093
0.292765
0.159565
1.000000
0.017944
0.250475
0.817297
0.282654
0.871210
1.000000
0.017915
0.718404
0.908523
0.763956
0.977445
1.000000
0.017883
0.370869
0.384368
0.417788
0.450666
1.000000
0.017782
0.765265
0.317249
0.815058
0.384453
1.000000
0.017747
0.741514
0.189538
0.780711
0.247926
1.000000
0.017706
0.360852
0.305544
0.471047
0.470030
1.000000
0.017697
0.905417
0.317107
0.994553
0.442122
1.000000
0.017691
0.064801
0.951539
0.111766
0.998381
1.000000
0.017683
0.113738
0.820611
0.157596
0.873955
1.000000
0.017635
0.001745
0.921073
0.041902
0.981678
1.000000
0.017630
0.224455
0.831487
0.299529
0.958279
1.000000
0.017531
0.138364
0.756402
0.182466
0.813268
1.000000
0.017523
0.817783
0.619505
0.857311
0.674813
1.000000
0.017492
0.468591
0.960466
0.504473
0.998734
1.000000
0.017392
0.084375
-0.003356
0.187428
0.089864
1.000000
0.017384
0.161033
0.006750
0.213158
0.056897
1.000000
0.017263
0.007426
0.141560
0.088405
0.263459
1.000000
0.017262
0.853862
0.120639
0.950096
0.248850
1.000000
0.017254
0.828471
0.720863
0.913523
0.857216
1.000000
0.017196
0.595449
0.951801
0.635135
0.996158
1.000000
0.017164
0.763903
0.914407
0.806220
0.979994
1.000000
0.017154
0.520670
0.956677
0.558358
0.997069
1.000000
0.017123
0.946466
0.613081
1.007545
0.761947
1.000000
0.017106
0.258128
0.180485
0.311672
0.242074
1.000000
0.017075
0.916398
0.786783
0.955536
0.848856
1.000000
0.017044
0.820233
0.654197
0.857935
0.707706
1.000000
0.017002
0.064224
0.724792
0.112292
0.785698
1.000000
0.016999
0.916624
0.822729
0.953010
0.880911
1.000000
0.016999
0.793773
0.216942
0.837400
0.273404
1.000000
0.016987
-0.000108
0.217663
0.033302
0.273919
1.000000
0.016922
0.118231
0.884616
0.157120
0.936416
1.000000
0.016921
0.818630
0.592072
0.856050
0.643252
1.000000
0.016899
0.967238
0.418964
1.001234
0.481898
1.000000
0.016891
0.126562
0.143855
0.235753
0.266901
1.000000
0.016890
0.217505
0.433794
0.592285
0.953342
1.000000
0.016864
0.000335
0.290247
0.036661
0.353494
1.000000
0.016808
0.871737
0.757161
0.909568
0.816245
1.000000
0.016777
0.717965
0.950930
0.759173
1.000231
1.000000
0.016734
0.715728
0.653429
0.753948
0.708805
1.000000
0.016651
0.870783
0.721576
0.908204
0.776678
1.000000
0.016648
0.141969
0.214165
0.248479
0.349297
1.000000
0.016621
0.114406
0.904306
0.198066
1.002322
1.000000
0.016603
0.061079
0.758004
0.110562
0.819267
1.000000
0.016543
0.619406
0.042789
0.959344
0.503268
1.000000
0.016494
0.809415
0.419869
0.904101
0.547244
1.000000
0.016482
0.815826
0.057539
0.858705
0.119316
1.000000
0.016430
0.071178
0.796507
0.185331
0.921817
1.000000
0.016430
0.918910
0.517973
0.959653
0.582542
1.000000
0.016387
0.948121
0.721625
0.989755
0.788959
1.000000
0.016364
0.859177
0.151859
0.903070
0.213499
1.000000
0.016359
0.965421
0.383995
1.000886
0.449023
1.000000
0.016352
0.919773
0.721378
0.957459
0.779480
1.000000
0.016316
0.863590
0.547924
0.952209
0.692511
1.000000
0.016312
0.717442
0.218984
0.816500
0.353536
1.000000
0.016249
0.557137
0.671325
0.658929
0.800002
1.000000
0.016242
0.040698
0.186994
0.081154
0.239297
1.000000
0.016222
0.318121
0.786918
0.354529
0.844401
1.000000
0.016219
0.889902
0.158022
0.932016
0.214621
1.000000
0.016209
0.001345
0.053703
0.039301
0.120051
1.000000
0.016186
0.014567
0.849056
0.064481
0.911970
1.000000
0.016161
0.357500
0.684109
0.811514
1.008290
1.000000
0.016128
0.817969
0.888321
0.860517
0.952115
1.000000
0.016090
0.157290
0.783595
0.247698
0.923138
1.000000
0.016073
0.245984
0.682187
0.284522
0.740232
1.000000
0.016069
0.297490
0.672924
0.397354
0.825028
1.000000
0.016067
0.240790
0.191930
0.442001
0.464815
1.000000
0.016032
0.212297
0.175299
0.267127
0.241853
1.000000
0.016011
0.847361
0.286644
0.961208
0.403674
1.000000
0.016010
0.016461
0.796704
0.068444
0.856450
1.000000
0.016003
0.308728
0.182544
0.363491
0.245372
1.000000
0.015992
0.817012
0.853538
0.857433
0.913611
1.000000
0.015874
0.085382
0.816884
0.132850
0.871048
1.000000
0.015870
0.463622
0.293238
0.578523
0.452642
1.000000
0.015846
0.137984
0.171235
0.343430
0.436003
1.000000
0.015819
0.763803
0.384158
0.870762
0.506618
1.000000
0.015801
0.869428
0.788616
0.954385
0.925426
1.000000
0.015763
0.268778
0.883517
0.363230
1.003498
1.000000
0.015762
0.089228
0.756785
0.136476
0.815076
1.000000
0.015659
0.243380
0.005060
0.357788
0.122475
1.000000
0.015641
0.317558
0.774286
0.412053
0.923014
1.000000
0.015631
0.632227
0.309436
0.681382
0.377151
1.000000
0.015585
0.741919
0.953538
0.784616
1.001717
1.000000
0.015513
0.116897
0.643005
0.169398
0.711816
1.000000
0.015489
0.161485
0.189221
0.209469
0.247935
1.000000
0.015483
0.221022
0.823072
0.254150
0.874135
1.000000
0.015472
0.797114
0.680201
0.883828
0.814982
1.000000
0.015468
0.890095
0.288251
0.940486
0.346404
1.000000
0.015440
0.112813
0.003395
0.166131
0.054234
1.000000
0.015413
0.000978
0.254253
0.034038
0.313601
1.000000
0.015405
0.263312
0.231049
0.373594
0.364993
1.000000
0.015343
0.811418
0.289951
0.867143
0.358857
1.000000
0.015301
0.820752
0.690605
0.857353
0.741267
1.000000
0.015294
0.293739
0.726628
0.330008
0.780132
1.000000
0.015294
0.000602
0.669321
0.037759
0.741561
1.000000
0.015290
0.406488
0.134465
0.532514
0.272610
1.000000
0.015290
0.221349
0.786946
0.257998
0.843087
1.000000
0.015239
0.570777
0.954777
0.608144
0.995856
1.000000
0.015232
0.109146
0.348833
0.159252
0.413251
1.000000
0.015225
0.820625
0.555862
0.860041
0.605627
1.000000
0.015188
-0.008256
0.104404
0.140217
0.337306
1.000000
0.015180
0.891193
0.720192
0.930793
0.776879
1.000000
0.015169
0.050196
0.339498
0.156754
0.476457
1.000000
0.015156
0.863519
0.217728
0.910946
0.275705
1.000000
0.015141
0.224423
0.866322
0.256055
0.916792
1.000000
0.015131
0.640229
0.953350
0.682942
0.998711
1.000000
0.015125
0.093199
0.891654
0.136176
0.947428
1.000000
0.015095
0.134561
0.030778
0.338433
0.238549
1.000000
0.015029
0.657810
0.338790
0.770191
0.477561
1.000000
0.015019
0.638943
0.647237
0.686891
0.711928
1.000000
0.014995
0.774233
0.613433
0.864998
0.744007
1.000000
0.014974
0.854251
0.345428
0.963519
0.475678
1.000000
0.014971
0.000277
0.716426
0.036251
0.779111
1.000000
0.014960
0.063624
0.183481
0.109721
0.243517
1.000000
0.014960
0.617819
0.910112
0.700680
1.003131
1.000000
0.014951
0.562729
0.344172
0.617543
0.413683
1.000000
0.014862
0.838554
0.418326
0.884896
0.476447
1.000000
0.014852
0.543333
0.955690
0.582458
0.997629
1.000000
0.014828
0.723261
0.857785
0.762925
0.919256
1.000000
0.014775
0.870370
0.689524
0.907906
0.744228
1.000000
0.014775
0.808097
0.037695
0.901165
0.184878
1.000000
0.014765
0.442743
0.958987
0.481646
0.999399
1.000000
0.014751
0.321684
0.911761
0.405453
1.005445
1.000000
0.014732
0.590229
0.719598
0.634305
0.771839
1.000000
0.014715
0.792262
0.251447
0.837029
0.309933
1.000000
0.014708
0.906075
0.501885
0.986226
0.647033
1.000000
0.014701
0.272091
0.303538
0.371781
0.437328
1.000000
0.014679
0.128204
0.123678
0.182512
0.189763
1.000000
0.014677
0.560428
0.586836
0.666232
0.737747
1.000000
0.014675
0.916301
0.155859
0.958028
0.214146
1.000000
0.014665
0.086150
0.019039
0.137275
0.075292
1.000000
0.014664
0.868701
0.653929
0.908553
0.714571
1.000000
0.014649
0.864069
0.104849
1.004118
0.359315
1.000000
0.014649
0.796342
0.175513
0.843890
0.244834
1.000000
0.014621
0.798692
0.823555
0.833829
0.873786
1.000000
0.014594
0.317681
0.718276
0.358010
0.778577
1.000000
0.014582
0.678946
0.879214
0.769959
0.994584
1.000000
0.014574
0.916573
0.583093
0.954876
0.645696
1.000000
0.014508
0.324777
0.372508
0.427517
0.521485
1.000000
0.014489
0.527073
0.369847
0.631818
0.525038
1.000000
0.014483
0.140330
0.588790
0.199549
0.668091
1.000000
0.014430
0.797490
0.553655
0.883210
0.677920
1.000000
0.014424
0.888112
0.788765
0.928495
0.848427
1.000000
0.014411
0.815741
0.097528
0.858060
0.159536
1.000000
0.014395
0.177030
0.819864
0.341669
1.024524
1.000000
0.014391
0.090682
0.648875
0.139560
0.713502
1.000000
0.014381
0.487223
0.290637
0.538878
0.357755
1.000000
0.014335
0.004911
0.495074
0.088353
0.666143
1.000000
0.014316
0.290671
0.787090
0.326866
0.841781
1.000000
0.014280
0.796601
0.858159
0.832203
0.911411
1.000000
0.014277
0.033287
0.913200
0.087400
0.974565
1.000000
0.014254
0.186354
0.166160
0.291022
0.302624
1.000000
0.014250
0.770476
0.126667
0.810548
0.184522
1.000000
0.014150
0.058479
0.645423
0.106190
0.713226
1.000000
0.014127
0.251137
0.116343
0.313504
0.188959
1.000000
0.014093
0.819042
0.761977
0.853293
0.813959
1.000000
0.014084
0.799457
0.594631
0.833861
0.642061
1.000000
0.014077
0.091096
0.954813
0.135780
0.999710
1.000000
0.014074
0.285866
0.016181
0.341996
0.081846
1.000000
0.014057
0.820235
0.723058
0.855772
0.773754
1.000000
0.013991
0.008275
0.025970
0.110004
0.139498
1.000000
0.013934
0.009256
0.340428
0.062955
0.416092
1.000000
0.013934
0.087670
0.284058
0.136751
0.347004
1.000000
0.013927
0.270764
0.612925
0.368517
0.751989
1.000000
0.013922
0.087272
0.318026
0.138328
0.385043
1.000000
0.013886
0.308317
-0.000513
0.365665
0.055119
1.000000
0.013820
0.827200
0.216845
0.926472
0.345079
1.000000
0.013814
0.319216
0.822646
0.356031
0.879696
1.000000
0.013761
0.036033
0.720186
0.085094
0.782002
1.000000
0.013724
0.694104
0.826101
0.875330
1.017564
1.000000
0.013718
0.408490
0.120707
0.614166
0.398372
1.000000
0.013692
0.745396
0.125426
0.782394
0.181881
1.000000
0.013680
0.388702
0.439044
0.441710
0.518026
1.000000
0.013609
0.482737
0.436170
0.541215
0.518217
1.000000
0.013608
0.919074
0.752896
0.955773
0.813648
1.000000
0.013607
0.767268
0.252791
0.810814
0.311200
1.000000
0.013602
0.316692
0.753064
0.356409
0.813108
1.000000
0.013592
0.738373
0.878705
0.782612
0.948748
1.000000
0.013564
0.367288
0.916567
0.452160
1.006545
1.000000
0.013559
0.947622
0.777851
0.991999
0.850738
1.000000
0.013540
0.197341
0.897701
0.230304
0.945912
1.000000
0.013499
0.916122
0.121634
0.958993
0.182382
1.000000
0.013463
0.798430
0.887683
0.835757
0.946191
1.000000
0.013463
0.161465
0.121716
0.207545
0.182366
1.000000
0.013421
0.796266
0.763872
0.877980
0.884023
1.000000
0.013418
0.262435
0.888250
0.295033
0.938487
1.000000
0.013414
0.818495
0.456033
0.861130
0.512790
1.000000
0.013389
0.915440
0.651460
0.951967
0.712431
1.000000
0.013389
0.763622
0.856639
0.799882
0.912019
1.000000
0.013384
0.356434
0.601966
0.467947
0.756011
1.000000
0.013378
0.663494
0.617153
0.747840
0.744702
1.000000
0.013375
0.858787
0.290280
0.910190
0.352211
1.000000
0.013375
0.369491
0.825066
0.403588
0.877812
1.000000
0.013356
0.916843
0.453835
0.959196
0.515517
1.000000
0.013339
0.001347
0.582539
0.041829
0.664963
1.000000
0.013302
0.503254
0.543516
0.556003
0.618956
1.000000
0.013302
0.379906
0.231151
0.491978
0.388961
1.000000
0.013298
0.259425
0.052053
0.316133
0.114265
1.000000
0.013280
0.069510
0.115600
0.115988
0.181881
1.000000
0.013268
0.165480
0.051104
0.211606
0.105036
1.000000
0.013264
0.712855
0.279605
0.923840
0.529613
1.000000
0.013251
0.885126
0.350132
0.936309
0.410105
1.000000
0.013248
0.892750
0.605447
0.972877
0.771871
1.000000
0.013244
0.524293
0.716297
0.559702
0.761949
1.000000
0.013208
0.791006
0.421350
0.835978
0.474907
1.000000
0.013190
0.892181
0.556784
0.933319
0.612713
1.000000
0.013179
0.439147
0.582884
0.488807
0.651939
1.000000
0.013164
0.195887
0.787060
0.234042
0.844220
1.000000
0.013162
0.117329
0.358276
0.335661
0.670987
1.000000
0.013152
0.865582
0.620887
0.907116
0.682363
1.000000
0.013134
0.890414
0.687593
0.929942
0.747355
1.000000
0.013078
0.891962
0.587046
0.932569
0.647008
1.000000
0.013070
0.862994
0.444844
0.959102
0.587741
1.000000
0.013068
0.813733
0.025161
0.859247
0.085034
1.000000
0.013041
0.575872
0.881878
0.663366
0.993310
1.000000
0.013024
0.472671
0.520308
0.578365
0.664728
1.000000
0.013020
0.120784
0.918535
0.162339
0.975288
1.000000
0.013012
0.740266
0.254107
0.783937
0.313425
1.000000
0.012893
0.065774
0.254058
0.112227
0.317261
1.000000
0.012879
0.308009
0.119445
0.364415
0.186039
1.000000
0.012874
0.188672
0.189235
0.239046
0.250433
1.000000
0.012861
0.058847
0.515014
0.165065
0.674053
1.000000
0.012856
0.346362
0.790886
0.381159
0.843416
1.000000
0.012856
0.716833
0.685694
0.754535
0.740514
1.000000
0.012852
0.863349
0.248923
0.913539
0.309731
1.000000
0.012833
0.210989
0.210992
0.262366
0.272209
1.000000
0.012833
0.409588
0.398460
0.471251
0.486899
1.000000
0.012826
0.521698
0.923060
0.561323
0.979634
1.000000
0.012815
0.583732
0.314596
0.639789
0.389713
1.000000
0.012812
0.847284
0.795234
0.885739
0.848361
1.000000
0.012811
0.163120
0.309915
0.219702
0.382481
1.000000
0.012794
0.370912
0.792132
0.404314
0.844581
1.000000
0.012789
0.693526
0.317960
0.739482
0.383356
1.000000
0.012786
0.845547
0.825617
0.883018
0.878909
1.000000
0.012771
0.358664
0.741951
0.455349
0.886537
1.000000
0.012751
0.890127
0.620139
0.931301
0.684362
1.000000
0.012711
0.038213
0.584774
0.415128
1.105989
1.000000
0.012705
0.036042
0.579309
0.083889
0.657395
1.000000
0.012704
0.909702
0.380981
0.961038
0.447762
1.000000
0.012702
0.431489
0.431514
0.492410
0.516692
1.000000
0.012678
0.768812
0.385853
0.811675
0.441823
1.000000
0.012670
0.845344
0.854066
0.885487
0.913557
1.000000
0.012659
0.769229
0.829581
0.802662
0.879507
1.000000
0.012616
0.343971
0.717143
0.383571
0.776422
1.000000
0.012610
0.637010
0.718879
0.680892
0.774839
1.000000
0.012583
0.815869
0.001977
0.858275
0.048580
1.000000
0.012578
0.138947
0.798429
0.180822
0.853823
1.000000
0.012569
0.213474
0.344069
0.322087
0.474457
1.000000
0.012556
0.036309
0.221569
0.234105
0.492280
1.000000
0.012537
0.669317
0.856448
0.704895
0.909047
1.000000
0.012513
0.135944
0.178839
0.188380
0.240862
1.000000
0.012503
0.503452
0.907652
0.581470
1.004154
1.000000
0.012489
0.410434
0.524488
0.526807
0.678677
1.000000
0.012455
0.442333
0.673459
0.539968
0.809305
1.000000
0.012455
0.289068
0.756711
0.328082
0.813563
1.000000
0.012436
0.810914
0.488172
0.900538
0.614862
1.000000
0.012426
0.765754
0.011639
0.856832
0.148030
1.000000
0.012388
0.471657
0.011437
0.680961
0.235160
1.000000
0.012384
0.717683
0.648440
0.807817
0.783665
1.000000
0.012380
0.854142
-0.003595
0.988576
0.188819
1.000000
0.012333
0.369541
0.857133
0.402380
0.909135
1.000000
0.012323
0.425669
0.258589
0.765696
0.829891
1.000000
0.012320
0.796880
0.620881
0.835183
0.673542
1.000000
0.012297
0.114528
0.256500
0.158850
0.314808
1.000000
0.012290
0.088981
0.582435
0.137367
0.650264
1.000000
0.012286
0.765261
0.001432
0.809143
0.050879
1.000000
0.012242
0.494913
0.959095
0.533144
0.999495
1.000000
0.012234
0.238897
0.597298
0.282112
0.659749
1.000000
0.012192
0.532286
0.379881
0.584014
0.449672
1.000000
0.012189
0.844398
0.653719
0.883094
0.709419
1.000000
0.012175
0.891459
0.489475
0.934009
0.548706
1.000000
0.012167
0.187370
0.688427
0.235314
0.753483
1.000000
0.012166
0.670631
0.121911
0.762384
0.257690
1.000000
0.012156
0.864539
0.556993
0.904938
0.608237
1.000000
0.012145
0.892952
0.523289
0.933737
0.581111
1.000000
0.012117
0.113281
0.342238
0.224263
0.480323
1.000000
0.012090
0.064487
0.216329
0.109765
0.275950
1.000000
0.012062
0.841554
0.002318
0.881970
0.045885
1.000000
0.012051
0.456232
0.470404
0.518754
0.554725
1.000000
0.012051
0.195153
0.823425
0.232201
0.879054
1.000000
0.012045
0.320313
0.853773
0.356414
0.909986
1.000000
0.012037
0.428363
0.347232
0.494734
0.437416
1.000000
0.012031
0.369398
0.718872
0.409390
0.779440
1.000000
0.012027
0.490507
0.789069
0.673619
1.019933
1.000000
0.012007
0.439486
0.510866
0.491469
0.585505
1.000000
0.012002
0.055842
0.016161
0.109226
0.074775
1.000000
0.012001
0.162669
0.793611
0.203985
0.850142
1.000000
0.011990
0.293177
0.822200
0.329891
0.877869
1.000000
0.011960
0.842665
0.888205
0.890068
0.956863
1.000000
0.011944
0.540688
0.690996
0.585305
0.743758
1.000000
0.011940
0.547714
0.559210
0.740676
0.850326
1.000000
0.011925
0.659563
0.289830
0.704386
0.350491
1.000000
0.011903
0.621720
0.856246
0.656830
0.907017
1.000000
0.011898
0.624298
0.639878
0.712115
0.774409
1.000000
0.011887
0.770605
0.652899
0.806658
0.705907
1.000000
0.011877
0.665225
0.349344
0.710929
0.412289
1.000000
0.011844
0.559883
0.289580
0.614989
0.360753
1.000000
0.011823
0.411199
0.472070
0.465353
0.550666
1.000000
0.011809
0.437150
0.287930
0.490557
0.357196
1.000000
0.011806
0.092748
0.688667
0.138568
0.749126
1.000000
0.011777
0.346758
0.855014
0.381289
0.907116
1.000000
0.011772
0.238011
0.312770
0.286164
0.376818
1.000000
0.011769
0.722584
0.220196
0.758792
0.270302
1.000000
0.011758
0.915450
0.689341
0.951809
0.749033
1.000000
0.011751
0.246004
0.559647
0.450751
0.842630
1.000000
0.011723
0.342713
0.351138
0.389245
0.413096
1.000000
0.011710
0.819462
0.488237
0.861324
0.542691
1.000000
0.011702
0.392838
0.721822
0.431309
0.777977
1.000000
0.011678
0.917201
0.619705
0.952527
0.680127
1.000000
0.011662
0.769194
0.090662
0.808011
0.146207
1.000000
0.011655
0.830539
0.541606
0.986421
0.870262
1.000000
0.011636
0.160352
0.155824
0.206586
0.213704
1.000000
0.011629
0.267201
0.381691
0.370062
0.517883
1.000000
0.011615
0.565845
0.090981
0.777249
0.379385
1.000000
0.011614
0.840963
0.619369
0.883405
0.680257
1.000000
0.011599
0.692486
0.256553
0.732690
0.312389
1.000000
0.011591
0.699563
0.858391
0.734356
0.912767
1.000000
0.011541
0.794820
0.454448
0.834780
0.507243
1.000000
0.011538
0.694058
0.954973
0.734582
1.002101
1.000000
0.011533
0.847998
0.720943
0.884145
0.772614
1.000000
0.011515
0.241151
0.347329
0.438788
0.627797
1.000000
0.011504
0.790025
0.000995
0.833455
0.048876
1.000000
0.011504
0.118712
0.212179
0.162301
0.268634
1.000000
0.011493
0.911409
0.416872
0.959351
0.481087
1.000000
0.011473
0.889117
0.124999
0.934518
0.185234
1.000000
0.011451
0.372441
0.405745
0.483331
0.579681
1.000000
0.011438
0.414774
0.896560
0.505731
1.004751
1.000000
0.011425
0.318553
0.680418
0.361945
0.745241
1.000000
0.011404
0.866310
0.591276
0.906240
0.648273
1.000000
0.011386
0.865949
0.002263
0.908025
0.047714
1.000000
0.011371
0.837502
0.527808
0.877898
0.580846
1.000000
0.011371
0.635243
0.345031
0.683485
0.410399
1.000000
0.011371
0.745027
0.832703
0.783223
0.888097
1.000000
0.011312
0.595173
0.788379
0.631489
0.838218
1.000000
0.011311
0.722033
0.829322
0.758772
0.884251
1.000000
0.011306
0.862595
0.090300
0.904767
0.150778
1.000000
0.011251
0.718538
0.722442
0.754704
0.774729
1.000000
0.011250
0.508715
0.150854
0.617699
0.282256
1.000000
0.011229
0.263406
0.213718
0.312919
0.272601
1.000000
0.011219
0.294944
0.855447
0.330074
0.908881
1.000000
0.011211
0.303635
-0.006744
0.415419
0.091483
1.000000
0.011175
0.507980
0.675286
0.598417
0.790340
1.000000
0.011171
0.138306
0.864689
0.176043
0.916898
1.000000
0.011160
0.840108
0.590804
0.880011
0.645032
1.000000
0.011157
0.158824
0.381659
0.269150
0.518054
1.000000
0.011132
0.213606
0.350099
0.261891
0.409389
1.000000
0.011127
0.713716
0.406660
0.819780
0.541437
1.000000
0.011091
0.862796
0.454223
0.905402
0.511396
1.000000
0.011054
0.847177
0.691747
0.884414
0.744346
1.000000
0.011049
0.344018
0.386727
0.387340
0.445562
1.000000
0.011044
0.298869
0.149821
0.415770
0.279114
1.000000
0.011025
0.266059
0.259264
0.312457
0.319021
1.000000
0.011021
0.742485
0.385887
0.787360
0.444265
1.000000
0.011000
0.523441
0.790730
0.556870
0.837021
1.000000
0.010975
0.609377
0.115030
0.716024
0.257741
1.000000
0.010971
0.965782
0.085534
0.999688
0.149459
1.000000
0.010968
0.209737
0.412956
0.318512
0.551478
1.000000
0.010956
0.592356
0.750840
0.633902
0.804627
1.000000
0.010941
0.773068
0.623016
0.809334
0.676159
1.000000
0.010926
0.704573
0.805869
0.786543
0.930405
1.000000
0.010925
0.419455
0.784516
0.508104
0.915264
1.000000
0.010918
0.141246
0.213878
0.188684
0.270127
1.000000
0.010906
0.010055
0.546473
0.059418
0.630460
1.000000
0.010901
0.863886
0.487835
0.906105
0.544409
1.000000
0.010898
0.849479
0.759107
0.885851
0.814268
1.000000
0.010894
0.208940
0.486604
0.311124
0.632941
1.000000
0.010886
0.712342
0.342788
0.763968
0.410127
1.000000
0.010881
0.617410
0.789678
0.655066
0.841686
1.000000
0.010872
0.638274
0.386103
0.683436
0.448207
1.000000
0.010872
0.693263
0.191006
0.729377
0.245157
1.000000
0.010858
0.313348
0.311911
0.362595
0.381279
1.000000
0.010854
0.796522
0.652994
0.832998
0.703918
1.000000
0.010852
0.394653
0.792251
0.428232
0.840960
1.000000
0.010852
0.463270
0.540323
0.520974
0.617916
1.000000
0.010843
0.767770
0.056206
0.808405
0.112815
1.000000
0.010837
0.768066
0.758765
0.802034
0.810218
1.000000
0.010811
0.513935
0.254747
0.561539
0.320082
1.000000
0.010798
0.741486
0.654325
0.779108
0.706556
1.000000
0.010785
0.563314
0.737289
0.667069
0.882171
1.000000
0.010770
0.116021
0.491100
0.222032
0.654240
1.000000
0.010738
0.609608
0.690513
0.655261
0.746145
1.000000
0.010736
0.056604
0.407056
0.159169
0.563207
1.000000
0.010665
0.370549
0.888623
0.401801
0.936518
1.000000
0.010663
0.499344
0.744444
0.592878
0.880054
1.000000
0.010648
0.339683
0.649499
0.385078
0.717855
1.000000
0.010619
0.890028
0.453593
0.934770
0.513414
1.000000
0.010612
0.642753
0.788079
0.682228
0.840142
1.000000
0.010605
0.743834
0.003188
0.783370
0.049671
1.000000
0.010589
0.264169
0.312719
0.312737
0.378293
1.000000
0.010580
0.635752
0.809098
0.731072
0.951437
1.000000
0.010568
0.716913
0.288576
0.764091
0.353171
1.000000
0.010568
0.217755
0.684867
0.260539
0.744119
1.000000
0.010563
0.694585
0.721185
0.778109
0.854479
1.000000
0.010558
0.773174
0.592440
0.807875
0.643417
1.000000
0.010527
0.571379
0.861745
0.604169
0.910348
1.000000
0.010520
0.212437
0.284168
0.264226
0.351453
1.000000
0.010519
0.522114
0.860909
0.554324
0.908794
1.000000
0.010504
0.694693
0.591430
0.732334
0.646506
1.000000
0.010501
0.841348
-0.006367
0.924999
0.092301
1.000000
0.010499
0.644024
0.853848
0.681986
0.906665
1.000000
0.010488
0.469260
0.929122
0.505805
0.980719
1.000000
0.010477
0.840974
0.025911
0.883180
0.082728
1.000000
0.010472
0.641342
0.757107
0.682254
0.811241
1.000000
0.010448
0.717698
0.255981
0.759276
0.312702
1.000000
0.010442
0.092040
0.176375
0.141436
0.240586
1.000000
0.010405
0.090696
0.216526
0.135346
0.275271
1.000000
0.010384
0.319061
0.518515
0.426678
0.671974
1.000000
0.010372
0.636729
0.681678
0.682839
0.741923
1.000000
0.010346
0.417143
0.723052
0.454815
0.778116
1.000000
0.010343
0.367244
0.184697
0.418762
0.242756
1.000000
0.010340
0.793224
0.056265
0.835949
0.117452
1.000000
0.010322
0.558603
0.186308
0.669197
0.325006
1.000000
0.010313
0.717175
0.590265
0.755232
0.646031
1.000000
0.010309
0.577687
0.398067
0.684846
0.542013
1.000000
0.010267
0.636709
0.261836
0.682124
0.322554
1.000000
0.010262
0.696156
0.721802
0.731832
0.774264
1.000000
0.010260
0.393168
0.860539
0.425197
0.908812
1.000000
0.010220
0.381994
0.818919
0.568082
1.034522
1.000000
0.010205
0.561651
0.256665
0.610539
0.318090
1.000000
0.010189
0.697925
0.827372
0.732067
0.878679
1.000000
0.010185
0.658360
0.624622
0.700110
0.687020
1.000000
0.010185
0.061512
0.683222
0.107797
0.746930
1.000000
0.010180
0.412594
0.544986
0.462940
0.617540
1.000000
0.010171
0.889213
0.001456
0.931874
0.048554
1.000000
0.010166
0.216921
0.559339
0.259414
0.619978
1.000000
0.010160
0.259492
-0.017177
0.498793
0.177723
1.000000
0.010155
0.587881
0.657959
0.638049
0.718312
1.000000
0.010148
0.167321
0.894610
0.201861
0.942970
1.000000
0.010147
0.564512
0.715710
0.610299
0.767670
1.000000
0.010122
0.344343
0.753846
0.383736
0.812609
1.000000
0.010117
0.862752
0.055831
0.905536
0.117651
1.000000
0.010111
0.747338
0.055665
0.784256
0.112268
1.000000
0.010093
0.084772
0.375212
0.137351
0.445411
1.000000
0.010059
0.662564
0.720733
0.701244
0.775723
1.000000
0.010055
0.039655
0.215676
0.084455
0.274844
1.000000
0.010051
0.718949
0.550086
0.810813
0.681643
1.000000
0.010037
0.694402
0.222340
0.731221
0.273153
1.000000
0.010028
0.067767
0.151078
0.112629
0.211324
1.000000
0.010021
0.481223
0.504665
0.544958
0.596093
1.000000
0.010012
0.696373
0.686376
0.732769
0.739751
1.000000
0.010007
0.062750
0.849197
0.108437
0.908456
