1.000000
0.943208
0.487930
0.315705
0.677759
0.668631
1.000000
0.083055
0.309394
0.360013
0.715070
0.938125
1.000000
0.049552
0.016505
0.441239
0.469075
1.014074
1.000000
0.043715
0.728233
0.527874
0.999119
1.129612
1.000000
0.035906
0.461211
0.378038
0.515797
0.463479
1.000000
0.030259
0.536038
0.342049
0.933211
0.949553
1.000000
0.028710
0.003553
0.835205
0.123998
0.994829
1.000000
0.028632
0.640174
0.440318
0.685086
0.517508
1.000000
0.028255
0.011548
0.476488
0.061881
0.548665
1.000000
0.028177
0.457557
0.326638
0.566362
0.504843
1.000000
0.028007
0.590579
0.375213
0.697319
0.562400
1.000000
0.027489
-0.002967
0.403960
0.184945
0.650321
1.000000
0.022641
0.639044
0.391223
0.684226
0.462909
1.000000
0.022306
0.821324
0.952556
0.862963
0.994913
1.000000
0.022006
0.964617
0.950896
0.997949
0.996559
1.000000
0.021428
0.714407
0.421426
0.812063
0.559949
1.000000
0.020317
0.864024
0.951047
0.906110
0.994229
1.000000
0.019858
0.003507
0.433917
0.105085
0.566493
1.000000
0.019772
0.612627
0.314644
0.658982
0.389083
1.000000
0.019635
0.087705
0.952116
0.131261
0.997598
1.000000
0.019436
0.654377
0.404442
0.750049
0.562621
1.000000
0.018238
0.596936
0.485531
0.692426
0.650895
1.000000
0.018212
0.728907
0.432847
0.961176
0.729964
1.000000
0.018144
0.501581
0.269349
0.625234
0.437140
1.000000
0.017948
0.637658
0.352963
0.681826
0.423346
1.000000
0.017868
0.633854
0.519553
0.676871
0.585128
1.000000
0.017646
0.917945
0.685736
1.001223
0.814876
1.000000
0.017318
0.787094
0.486508
0.902933
0.628980
1.000000
0.016979
0.714799
0.511766
0.818005
0.655507
1.000000
0.016512
0.462866
0.549361
0.573330
0.733668
1.000000
0.016383
0.614577
0.539476
0.660762
0.615192
1.000000
0.016344
0.121855
0.451252
0.262242
0.585424
1.000000
0.016334
0.661873
0.477595
0.703145
0.546079
1.000000
0.016305
0.001757
0.454721
0.043102
0.523563
1.000000
0.016289
0.562334
0.312670
0.615211
0.396724
1.000000
0.016282
0.585606
0.283904
0.640504
0.357853
1.000000
0.016227
0.571404
0.286598
0.683005
0.460307
1.000000
0.016114
0.768653
0.957509
0.808246
0.999570
1.000000
0.015968
0.658497
0.416844
0.699223
0.487779
1.000000
0.015932
0.941255
0.923669
0.986733
0.985229
1.000000
0.015838
0.841913
0.935810
0.882243
0.984398
1.000000
0.015675
0.087700
0.484688
0.342136
0.763785
1.000000
0.015670
0.587111
0.344554
0.639631
0.425134
1.000000
0.015663
0.115153
0.956728
0.154318
0.997564
1.000000
0.015609
0.111797
0.618175
0.211163
0.743373
1.000000
0.015603
0.963025
0.752757
0.997793
0.811571
1.000000
0.014919
0.052798
0.910233
0.137649
1.000866
1.000000
0.014880
0.357764
0.347678
0.557866
0.651672
1.000000
0.014845
0.796063
0.955443
0.838824
0.998649
1.000000
0.014688
0.713170
0.951350
0.756241
0.999237
1.000000
0.014642
0.507470
0.343203
0.561631
0.430352
1.000000
0.014604
0.669176
0.907148
0.752474
1.003191
1.000000
0.014582
0.169719
0.956698
0.208330
0.998292
1.000000
0.014566
0.793202
0.461037
0.829516
0.513610
1.000000
0.014548
-0.001291
0.578548
0.067025
0.703440
1.000000
0.014480
0.866822
0.623945
1.009598
0.909714
1.000000
0.014440
0.739609
0.518461
0.781094
0.579201
1.000000
0.014439
0.111343
0.464310
0.162178
0.522499
1.000000
0.014436
-0.000988
0.500081
0.080240
0.634245
1.000000
0.014420
0.246613
0.682614
0.358922
0.807203
1.000000
0.014401
0.791762
0.520069
0.828987
0.573918
1.000000
0.014358
0.617288
0.949593
0.656792
0.996263
1.000000
0.014277
0.809715
0.690121
0.908645
0.810904
1.000000
0.014266
0.716018
0.911937
0.807367
1.007801
1.000000
0.014215
0.324407
0.502685
0.439234
0.650219
1.000000
0.014214
0.716220
0.449468
0.758466
0.514791
1.000000
0.014193
0.210957
0.546185
0.331952
0.677376
1.000000
0.014189
0.963833
0.786727
0.997711
0.844992
1.000000
0.014042
0.807182
0.916852
0.886941
1.002901
1.000000
0.014035
0.770799
0.456915
0.809456
0.515165
1.000000
0.013997
0.682472
0.353153
0.780922
0.504242
1.000000
0.013921
0.767226
0.421168
0.807884
0.479788
1.000000
0.013877
0.538980
0.344948
0.591198
0.425458
1.000000
0.013871
0.967262
0.822670
0.998471
0.877253
1.000000
0.013833
0.963250
0.689636
0.997200
0.746671
1.000000
0.013829
0.141401
0.957283
0.182247
0.999667
1.000000
0.013796
0.741198
0.451765
0.783219
0.513593
1.000000
0.013746
0.615865
0.414889
0.831011
0.710205
1.000000
0.013713
0.821562
0.861698
0.858110
0.908770
1.000000
0.013689
0.001705
0.509366
0.041127
0.580296
1.000000
0.013646
0.818314
0.695251
0.860153
0.747700
1.000000
0.013571
-0.003367
0.371152
0.072565
0.495847
1.000000
0.013543
0.757648
0.391701
0.858644
0.525673
1.000000
0.013466
0.266074
0.718805
0.314070
0.775604
1.000000
0.013400
0.691131
0.450493
0.732944
0.515079
1.000000
0.013260
0.790819
0.621145
0.893776
0.745210
1.000000
0.013232
0.270068
0.470216
0.381952
0.613024
1.000000
0.013202
0.887600
0.952304
0.929550
0.995795
1.000000
0.013167
0.903319
0.882136
0.990875
0.998252
1.000000
0.013104
0.215668
0.616464
0.324301
0.735337
1.000000
0.013062
0.666660
0.948928
0.709284
0.998621
1.000000
0.013061
0.963658
0.655787
0.997656
0.714012
1.000000
0.013051
0.509628
0.284028
0.560546
0.358765
1.000000
0.013051
0.966917
0.891530
0.997259
0.946571
1.000000
0.013038
0.769134
0.519874
0.808188
0.578037
1.000000
0.013009
0.213786
0.948892
0.259680
0.998241
1.000000
0.012909
0.242487
0.721848
0.287426
0.775677
1.000000
0.012844
0.662698
0.354287
0.702732
0.422869
1.000000
0.012835
0.663030
0.517962
0.704141
0.581396
1.000000
0.012724
0.967316
0.859460
0.997835
0.913059
1.000000
0.012573
0.487670
0.314675
0.539370
0.400175
1.000000
0.012552
0.165835
0.686714
0.258546
0.800636
1.000000
0.012524
0.892551
0.471571
1.003097
0.639879
1.000000
0.012510
0.636122
0.576682
0.681400
0.646938
1.000000
0.012489
0.319171
0.455944
0.361801
0.518344
1.000000
0.012424
0.146448
0.548120
0.264793
0.681302
1.000000
0.012413
0.114860
0.694137
0.203556
0.809732
1.000000
0.012402
0.184501
0.450676
0.236133
0.513813
1.000000
0.012339
0.216301
0.720349
0.259356
0.775383
1.000000
0.012319
0.761287
0.570883
0.863208
0.698720
1.000000
0.012251
0.561161
0.228278
0.790496
0.567389
1.000000
0.012228
0.495658
0.757679
0.536855
0.815915
1.000000
0.012136
0.903324
0.593890
0.998037
0.742789
1.000000
0.012123
0.943602
0.720047
0.990320
0.780901
1.000000
0.012002
0.788857
0.593590
0.828124
0.645747
1.000000
0.011868
0.200149
0.459759
0.323925
0.590807
1.000000
0.011863
0.046111
0.360012
0.184284
0.508211
1.000000
0.011820
0.741738
0.957432
0.783743
1.001096
1.000000
0.011804
0.634370
0.292493
0.680167
0.355201
1.000000
0.011801
0.647939
0.281241
0.754385
0.444290
1.000000
0.011776
0.218684
0.651224
0.262250
0.707364
1.000000
0.011761
0.640822
0.950587
0.682941
0.999710
1.000000
0.011753
0.013537
0.942667
0.060377
0.995326
1.000000
0.011685
0.621898
0.902710
0.704718
1.003712
1.000000
0.011683
0.538501
0.284958
0.592641
0.359320
1.000000
0.011622
0.093210
0.483853
0.142340
0.544477
1.000000
0.011593
0.197920
0.727587
0.289774
0.849012
1.000000
0.011572
0.717611
0.485669
0.761635
0.553586
1.000000
0.011543
0.932893
0.753987
1.002601
0.875066
1.000000
0.011502
0.259943
0.490453
0.484453
0.742923
1.000000
0.011451
0.201180
0.805400
0.295945
0.937239
1.000000
0.011420
0.916303
0.955687
0.954522
0.996333
1.000000
0.011419
0.053357
0.563449
0.173458
0.710900
1.000000
0.011381
0.036430
0.466678
0.082384
0.522268
1.000000
0.011362
-0.001879
0.784198
0.069889
0.917525
1.000000
0.011265
0.117247
0.758739
0.156344
0.811237
1.000000
0.011237
0.617645
0.478517
0.664181
0.553119
1.000000
0.011135
0.467642
0.660034
0.563510
0.804638
1.000000
0.011132
0.157641
0.484533
0.210025
0.544693
1.000000
0.011107
0.138424
0.653646
0.182601
0.709533
1.000000
0.011107
0.816110
0.753329
0.857434
0.803351
1.000000
0.011105
0.590725
0.572885
0.640974
0.646920
1.000000
0.011056
0.819522
0.487743
0.857182
0.540991
1.000000
0.011056
0.962245
0.585128
0.997334
0.647340
1.000000
0.011036
0.770538
0.615447
0.809628
0.667465
1.000000
0.010938
0.060713
0.647015
0.163708
0.777673
1.000000
0.010934
0.794376
0.723594
0.836765
0.776134
1.000000
0.010921
0.743498
0.585827
0.785073
0.645367
1.000000
0.010905
0.001156
0.655160
0.066323
0.780004
1.000000
0.010892
0.839072
0.723402
0.879894
0.773495
1.000000
0.010851
0.819733
0.663305
0.858262
0.710747
1.000000
0.010819
0.095261
0.761000
0.134198
0.813475
1.000000
0.010802
0.406252
0.696568
0.862445
1.028794
1.000000
0.010694
0.616563
0.412505
0.663920
0.491208
1.000000
0.010674
0.264877
0.574783
0.376138
0.707031
1.000000
0.010648
0.688815
0.388874
0.730607
0.452518
1.000000
0.010638
0.165610
0.653557
0.208869
0.708912
1.000000
0.010600
0.594715
0.513724
0.646118
0.591226
1.000000
0.010573
0.710516
0.624803
0.811247
0.749189
1.000000
0.010573
0.166419
0.399129
0.281168
0.527355
1.000000
0.010570
0.744080
0.682615
0.840955
0.812369
1.000000
0.010549
0.818996
0.832523
0.856904
0.880964
1.000000
0.010511
0.218408
0.756917
0.261098
0.813351
1.000000
0.010501
0.314417
0.674908
0.431157
0.818943
1.000000
0.010468
0.668558
0.548873
0.891017
0.846377
1.000000
0.010418
0.741984
0.662641
0.780762
0.711435
1.000000
0.010360
0.066981
0.729561
0.155691
0.850767
1.000000
0.010325
0.961184
0.486554
0.997948
0.552097
1.000000
0.010273
0.239163
0.486762
0.285270
0.548112
1.000000
0.010269
0.657488
0.676776
0.755477
0.818883
1.000000
0.010261
0.262863
0.454585
0.307439
0.515333
1.000000
0.010258
0.067522
0.309857
0.326784
0.604460
1.000000
0.010232
0.001045
0.583880
0.037570
0.650294
1.000000
0.010218
0.000722
0.386801
0.038608
0.453553
1.000000
0.010203
0.516340
0.577655
0.562842
0.651961
1.000000
0.010199
0.790803
0.424538
0.830734
0.482017
1.000000
0.010184
0.819463
0.520505
0.857788
0.574438
1.000000
0.010135
0.116882
0.916996
0.199174
1.006157
1.000000
0.010129
0.766402
0.694005
0.807682
0.748250
1.000000
0.010125
0.163439
0.424117
0.213152
0.484139
1.000000
0.010105
0.819286
0.594677
0.857072
0.645273
1.000000
0.010069
0.191532
0.717394
0.234320
0.772108
1.000000
0.010058
0.789650
0.759557
0.880020
0.881509
1.000000
0.010021
0.596623
0.920222
0.638576
0.984740
1.000000
0.010001
0.265246
0.752529
0.313337
0.811320
