1.000000
0.976287
0.494448
0.325314
0.673052
0.636864
1.000000
0.051096
0.723972
0.560493
0.996866
1.115726
1.000000
0.036927
0.619022
0.334185
0.717021
0.502706
1.000000
0.032045
0.635694
0.343789
0.689734
0.425989
1.000000
0.030858
0.295172
0.372224
0.720884
0.926175
1.000000
0.028947
0.462530
0.338027
0.581494
0.523821
1.000000
0.026853
0.017605
0.460336
0.488116
1.039952
1.000000
0.025255
0.465206
0.380397
0.518171
0.459697
1.000000
0.025065
0.817381
0.950423
0.864097
0.996053
1.000000
0.022738
0.642756
0.909311
0.690930
0.977392
1.000000
0.022537
0.661567
0.377228
0.704178
0.451834
1.000000
0.022468
0.964848
0.952173
0.998592
0.997209
1.000000
0.022246
0.613486
0.542161
0.661010
0.618637
1.000000
0.022055
0.641519
0.481578
0.682629
0.548157
1.000000
0.021829
0.011841
0.477356
0.062702
0.550009
1.000000
0.021765
0.634753
0.514626
0.676235
0.582531
1.000000
0.020842
0.588143
0.453068
0.689130
0.630826
1.000000
0.020729
0.004524
0.466599
0.113394
0.612577
1.000000
0.020051
0.666345
0.453531
0.704832
0.518438
1.000000
0.019219
0.009678
0.463062
0.243262
0.764708
1.000000
0.018934
0.861504
0.949071
0.906751
0.994618
1.000000
0.018493
0.670749
0.887883
0.775972
0.994439
1.000000
0.018363
0.546774
0.269313
0.669518
0.429222
1.000000
0.018006
0.711387
0.950222
0.756688
0.999624
1.000000
0.017618
0.050283
0.453158
0.197800
0.591290
1.000000
0.017291
0.586679
0.314632
0.641120
0.395753
1.000000
0.016483
0.653111
0.405214
0.745283
0.560767
1.000000
0.016394
0.767599
0.954480
0.811913
0.999757
1.000000
0.016305
0.792702
0.457598
0.830443
0.512588
1.000000
0.016128
0.661425
0.941853
0.709106
0.996757
1.000000
0.016128
0.640331
0.411341
0.687497
0.487264
1.000000
0.016015
0.712054
0.416290
0.813461
0.558917
1.000000
0.015772
0.657651
0.325844
0.703574
0.398469
1.000000
0.015709
0.803011
0.915700
0.888459
1.002953
1.000000
0.015558
0.000533
0.819532
0.154274
1.018893
1.000000
0.015556
0.818931
0.859292
0.862251
0.911300
1.000000
0.015524
0.482173
0.267736
0.603177
0.434916
1.000000
0.015437
0.467209
0.593518
0.574930
0.756001
1.000000
0.015357
0.116656
0.952313
0.157303
0.994733
1.000000
0.015273
0.750065
0.913509
0.845094
1.004627
1.000000
0.014916
0.266670
0.721962
0.312448
0.779128
1.000000
0.014709
0.091355
0.927080
0.134779
0.985244
1.000000
0.014489
0.963967
0.751962
0.998355
0.809563
1.000000
0.014460
0.710346
0.760440
0.802210
0.884733
1.000000
0.014352
0.609877
0.286400
0.658363
0.356617
1.000000
0.014333
0.859966
0.623162
1.011857
0.905917
1.000000
0.014045
0.789593
0.488969
0.899429
0.629024
1.000000
0.013997
0.246730
0.728992
0.338961
0.855858
1.000000
0.013968
0.536993
0.344785
0.591774
0.425721
1.000000
0.013959
0.620601
0.949642
0.661875
0.997538
1.000000
0.013944
0.351219
0.358243
0.549715
0.651607
1.000000
0.013792
0.359665
0.479588
0.463221
0.632681
1.000000
0.013752
0.773833
0.471446
1.020318
0.779672
1.000000
0.013727
0.001815
0.509194
0.041337
0.581618
1.000000
0.013666
0.908905
0.909936
0.992719
1.003690
1.000000
0.013624
0.967681
0.825825
0.999238
0.880601
1.000000
0.013611
0.684516
0.470305
0.783603
0.616808
1.000000
0.013580
0.266882
0.488316
0.376727
0.631982
1.000000
0.013567
0.137187
0.449941
0.260893
0.582238
1.000000
0.013520
0.667276
0.354181
0.882489
0.655322
1.000000
0.013498
0.558814
0.239288
0.788093
0.554511
1.000000
0.013430
0.913235
0.684124
0.999965
0.809501
1.000000
0.013402
0.741882
0.955733
0.786656
1.001419
1.000000
0.013378
0.885941
0.952444
0.930043
0.996653
1.000000
0.013281
0.675749
0.349189
0.774916
0.501443
1.000000
0.013275
0.966989
0.889604
0.997858
0.944851
1.000000
0.013224
0.636781
0.290973
0.685643
0.359560
1.000000
0.013179
0.807207
0.686975
0.909423
0.809660
1.000000
0.013178
0.509712
0.313548
0.565561
0.397405
1.000000
0.013122
0.685824
0.452605
0.726197
0.513749
1.000000
0.012970
0.114246
0.615484
0.216000
0.740798
1.000000
0.012884
0.966756
0.858874
0.997843
0.913024
1.000000
0.012879
0.662152
0.512352
0.702588
0.576774
1.000000
0.012876
0.416335
0.534812
0.523151
0.692560
1.000000
0.012865
0.242409
0.719747
0.286261
0.774587
1.000000
0.012853
0.738837
0.482089
0.838763
0.619989
1.000000
0.012771
0.046886
0.521891
0.172273
0.671856
1.000000
0.012658
0.783366
0.426577
0.880314
0.550427
1.000000
0.012503
-0.001605
0.577749
0.064592
0.704851
1.000000
0.012476
0.791869
0.520682
0.829580
0.575963
1.000000
0.012470
0.685559
0.388101
0.726846
0.453936
1.000000
0.012467
0.962813
0.687124
0.997442
0.745520
1.000000
0.012401
0.319464
0.456112
0.361181
0.517920
1.000000
0.012384
0.659843
0.784567
0.758824
0.927730
1.000000
0.012312
0.266467
0.752783
0.313430
0.815448
1.000000
0.012161
0.769200
0.421285
0.809559
0.481288
1.000000
0.012068
0.001810
0.454740
0.043928
0.524156
1.000000
0.012029
0.562148
0.287073
0.612385
0.357142
1.000000
0.012023
0.216057
0.717621
0.259811
0.773386
1.000000
0.012018
0.816993
0.693286
0.861409
0.751045
1.000000
0.011976
0.062768
0.906915
0.151055
1.002649
1.000000
0.011974
0.663356
0.859575
0.706869
0.925734
1.000000
0.011933
0.481844
0.346853
0.539523
0.439039
1.000000
0.011890
0.215398
0.617541
0.317348
0.737451
1.000000
0.011887
0.769295
0.762652
0.866582
0.885794
1.000000
0.011881
0.610581
0.374217
0.662252
0.456039
1.000000
0.011874
0.528616
0.573262
0.638548
0.742296
1.000000
0.011864
0.682980
0.833143
0.870283
1.018738
1.000000
0.011844
0.292495
0.426701
0.396595
0.571866
1.000000
0.011839
0.790525
0.425736
0.830910
0.484473
1.000000
0.011817
0.568149
0.956393
0.606669
0.999455
1.000000
0.011816
0.965498
0.788162
0.999207
0.845488
1.000000
0.011766
0.140011
0.951719
0.181792
0.996571
1.000000
0.011667
0.013178
0.943199
0.059018
0.995148
1.000000
0.011636
0.167834
0.953885
0.206699
0.996826
1.000000
0.011619
0.769841
0.519364
0.807574
0.578232
1.000000
0.011579
0.001303
0.667068
0.064909
0.793048
1.000000
0.011572
0.914830
0.957710
0.954073
0.998095
1.000000
0.011541
0.771058
0.484841
0.809788
0.544893
1.000000
0.011535
0.741712
0.684145
0.840168
0.818917
1.000000
0.011469
0.595810
0.954937
0.637012
1.001883
1.000000
0.011457
0.764686
0.625459
0.867972
0.752345
1.000000
0.011386
0.717125
0.785853
0.761800
0.854060
1.000000
0.011366
0.743129
0.454710
0.783359
0.514323
1.000000
0.011262
0.357519
0.613607
0.463780
0.755168
1.000000
0.011211
0.791305
0.793001
0.834256
0.845109
1.000000
0.011155
0.152071
0.551038
0.263039
0.686636
1.000000
0.011148
0.816136
0.830911
0.859330
0.884874
1.000000
0.011061
0.913378
0.753502
1.001011
0.882891
1.000000
0.011014
0.632673
0.573681
0.679125
0.645301
1.000000
0.010981
0.742623
0.515371
0.782029
0.575437
1.000000
0.010958
0.814358
0.459211
0.854125
0.515631
1.000000
0.010849
-0.002988
0.362422
0.093274
0.507614
1.000000
0.010846
0.648360
0.266614
0.750693
0.410070
1.000000
0.010793
0.447006
0.463813
0.639717
0.787413
1.000000
0.010788
0.009738
0.539630
0.059565
0.615992
1.000000
0.010762
0.166837
0.653960
0.265316
0.778657
1.000000
0.010749
0.064701
-0.074830
0.635992
0.751007
1.000000
0.010734
0.514522
0.613073
0.561838
0.683964
1.000000
0.010718
0.094356
0.397527
0.224081
0.538383
1.000000
0.010703
0.208196
0.455343
0.318872
0.586204
1.000000
0.010667
0.660551
0.683021
0.761163
0.830496
1.000000
0.010661
0.787082
0.837895
0.964208
1.035926
1.000000
0.010573
0.441992
0.580121
0.487286
0.650700
1.000000
0.010543
0.599337
0.547044
0.698706
0.706329
1.000000
0.010506
0.232166
0.368858
0.443767
0.654733
1.000000
0.010480
0.737215
0.917899
0.785797
0.981433
1.000000
0.010472
0.111237
0.464634
0.160408
0.522427
1.000000
0.010412
0.421262
0.637091
0.526418
0.788011
1.000000
0.010396
0.661770
0.549594
0.704244
0.616392
1.000000
0.010382
0.742611
0.419529
0.785338
0.481557
1.000000
0.010377
0.310014
0.533680
0.420927
0.677917
1.000000
0.010377
0.791097
0.756884
0.834322
0.810298
1.000000
0.010346
0.618231
0.834874
0.712964
0.972933
1.000000
0.010290
0.610369
0.747596
0.712288
0.899677
1.000000
0.010289
0.218284
0.654492
0.262712
0.713003
1.000000
0.010281
0.068089
0.952322
0.108779
0.996938
1.000000
0.010245
0.563777
0.576502
0.613685
0.649525
1.000000
0.010235
0.767774
0.788293
0.810159
0.845494
1.000000
0.010227
0.796524
0.857228
0.839782
0.908456
1.000000
0.010222
0.814830
0.752769
0.857415
0.804920
1.000000
0.010217
0.713559
0.419279
0.754839
0.482451
1.000000
0.010217
0.624534
0.888738
0.662584
0.948954
1.000000
0.010190
0.669549
0.563152
0.888762
0.857463
1.000000
0.010190
0.690505
0.857499
0.732393
0.917759
1.000000
0.010187
0.110985
0.696720
0.209272
0.818525
1.000000
0.010184
0.712703
0.453583
0.753904
0.515579
1.000000
0.010142
0.505731
0.377836
0.562082
0.458675
1.000000
0.010120
0.941665
0.718854
0.989768
0.781040
1.000000
0.010101
0.196258
0.800152
0.301283
0.943413
1.000000
0.010094
0.761251
0.356979
0.857661
0.491848
1.000000
0.010092
0.056006
0.727610
0.161470
0.859530
1.000000
0.010079
0.713870
0.352273
0.755470
0.417277
1.000000
0.010076
0.488565
0.580373
0.539020
0.654069
1.000000
0.010023
0.813005
0.423478
0.852612
0.480351
