1.000000
0.561095
0.457792
0.287780
0.628651
0.586356
1.000000
0.043997
0.710556
0.513957
1.010952
1.147880
1.000000
0.031494
0.369260
0.308399
0.789139
0.895591
1.000000
0.031086
0.021534
0.399531
0.429248
1.037299
1.000000
0.027678
0.436871
0.257896
0.557898
0.449511
1.000000
0.025761
0.542386
0.337405
0.639215
0.509470
1.000000
0.023614
0.599454
0.345521
0.702337
0.499586
1.000000
0.023248
0.613674
0.448344
0.723223
0.594285
1.000000
0.021790
0.579572
0.376780
0.629715
0.463578
1.000000
0.021008
0.007883
0.421797
0.256455
0.674690
1.000000
0.020679
0.540714
0.355287
0.780565
0.646675
1.000000
0.020538
0.533876
0.279704
0.591415
0.364041
1.000000
0.020450
0.191912
0.956789
0.232440
0.995629
1.000000
0.020232
0.522795
0.682043
0.924995
1.012628
1.000000
0.018806
0.768756
0.958031
0.807839
0.997101
1.000000
0.018611
0.663932
0.487253
0.709891
0.554366
1.000000
0.018313
0.718210
0.452897
0.759418
0.514148
1.000000
0.017981
0.819416
0.954901
0.858171
0.995258
1.000000
0.017868
0.214244
0.957233
0.254142
0.995946
1.000000
0.017787
0.664853
0.426294
0.771935
0.552725
1.000000
0.017463
0.763224
0.617536
0.856518
0.724344
1.000000
0.017302
0.487546
0.277689
0.543360
0.363010
1.000000
0.017067
0.554167
0.502556
0.673993
0.661270
1.000000
0.016777
0.719035
0.957408
0.757873
0.997342
1.000000
0.016576
0.440157
0.335507
0.490331
0.423400
1.000000
0.016573
0.569345
0.277600
0.672099
0.446792
1.000000
0.016271
0.711072
0.550212
0.812335
0.678078
1.000000
0.016150
0.740466
0.456508
0.782175
0.513951
1.000000
0.016008
0.564695
0.616026
0.667362
0.757974
1.000000
0.015809
0.632058
0.538433
0.736365
0.684139
1.000000
0.015802
0.965027
0.952606
0.997507
0.996465
1.000000
0.015765
0.508921
0.250224
0.564209
0.335316
1.000000
0.015690
-0.000844
0.585626
0.063408
0.701835
1.000000
0.015511
0.495936
0.236670
0.613798
0.409912
1.000000
0.015489
0.563262
0.256737
0.608861
0.328258
1.000000
0.015441
0.666801
0.419302
0.709512
0.482349
1.000000
0.015349
0.012261
0.459484
0.056271
0.520100
1.000000
0.015286
0.710071
0.463201
0.810381
0.589878
1.000000
0.015260
0.690617
0.515300
0.732073
0.575024
1.000000
0.014963
0.559159
0.315099
0.612217
0.402779
1.000000
0.014926
0.722560
0.655172
0.811689
0.770699
1.000000
0.014913
0.743649
0.958894
0.782672
0.998245
1.000000
0.014802
0.002489
0.465352
0.102511
0.608764
1.000000
0.014781
-0.000121
0.666701
0.066600
0.789199
1.000000
0.014605
0.663740
0.689319
0.755940
0.813658
1.000000
0.014477
0.640349
0.510108
0.689748
0.579377
1.000000
0.014436
0.792570
0.630964
0.829987
0.675512
1.000000
0.014430
0.638086
0.417959
0.683684
0.483206
1.000000
0.014400
0.492856
0.468952
0.614599
0.640968
1.000000
0.014352
0.770938
0.628102
0.809883
0.675843
1.000000
0.014276
0.768782
0.458972
0.807012
0.511600
1.000000
0.014208
0.700300
0.916807
0.783016
1.005209
1.000000
0.014164
0.719810
0.625305
0.761693
0.681414
1.000000
0.014106
0.001447
0.511720
0.037134
0.580374
1.000000
0.014090
0.672338
0.607685
0.767873
0.735526
1.000000
0.013991
0.171577
0.957842
0.209688
0.995560
1.000000
0.013953
0.265183
0.960932
0.303388
0.999018
1.000000
0.013747
0.719071
0.514292
0.761280
0.575802
1.000000
0.013707
0.044180
0.399461
0.186249
0.550578
1.000000
0.013704
0.793461
0.957179
0.833378
0.997337
1.000000
0.013645
0.001747
0.620324
0.036237
0.678460
1.000000
0.013621
0.607383
0.410606
0.654352
0.484650
1.000000
0.013484
0.608107
0.713592
0.700545
0.846588
1.000000
0.013122
0.740240
0.653965
0.779105
0.702017
1.000000
0.013118
0.464090
0.253170
0.513598
0.329522
1.000000
0.013097
0.769137
0.724318
0.806877
0.768607
1.000000
0.012990
0.561729
0.425568
0.616985
0.513946
1.000000
0.012826
0.316825
0.440196
0.417759
0.580607
1.000000
0.012824
0.882732
0.459419
1.001376
0.617490
1.000000
0.012779
0.127074
0.447617
0.269090
0.590292
1.000000
0.012763
0.300277
0.331440
0.509165
0.639800
1.000000
0.012736
0.439573
0.283792
0.490313
0.367874
1.000000
0.012693
0.052257
0.534863
0.171132
0.669707
1.000000
0.012655
0.085172
-0.001028
0.555233
0.711055
1.000000
0.012647
0.792657
0.522839
0.828290
0.573235
1.000000
0.012643
0.773464
0.914366
0.859241
1.006953
1.000000
0.012624
0.869824
0.955824
0.906579
0.995706
1.000000
0.012604
0.739417
0.488071
0.780347
0.549122
1.000000
0.012566
0.768971
0.652942
0.807272
0.699622
1.000000
0.012550
0.636597
0.586121
0.683486
0.653472
1.000000
0.012537
0.256167
0.449990
0.368551
0.591722
1.000000
0.012517
0.665419
0.651867
0.705441
0.708817
1.000000
0.012493
0.790801
0.462319
0.827985
0.511252
1.000000
0.012478
0.695270
0.424276
0.736585
0.483614
1.000000
0.012441
0.817875
0.631540
0.855207
0.675026
1.000000
0.012433
0.765574
0.691413
0.857666
0.803444
1.000000
0.012419
0.959853
0.484638
0.998437
0.551855
1.000000
0.012402
0.819263
0.697921
0.853854
0.740250
1.000000
0.012357
0.613647
0.479625
0.830414
0.764615
1.000000
0.012297
0.240381
0.960178
0.279185
0.998769
1.000000
0.012256
0.740907
0.594261
0.780462
0.645692
1.000000
0.012194
0.631957
0.272037
0.736776
0.428222
1.000000
0.012184
0.001718
0.585480
0.036387
0.647131
1.000000
0.012050
0.717808
0.590264
0.760924
0.649277
1.000000
0.011884
0.692071
0.954872
0.734392
0.997545
1.000000
0.011874
0.194615
0.488889
0.313129
0.627266
1.000000
0.011870
0.558135
0.513883
0.610438
0.588633
1.000000
0.011739
0.786018
0.556912
0.887726
0.679061
1.000000
0.011737
0.009193
0.544370
0.055571
0.614779
1.000000
0.011662
0.418445
0.455438
0.545633
0.627877
1.000000
0.011646
0.639610
0.724861
0.678032
0.775889
1.000000
0.011645
0.111611
0.459311
0.158754
0.515361
1.000000
0.011629
0.818894
0.655971
0.853796
0.698156
1.000000
0.011593
0.758438
0.485139
0.867071
0.614745
1.000000
0.011583
0.373258
0.328331
0.478015
0.500257
1.000000
0.011565
0.693066
0.825856
0.865864
1.025094
1.000000
0.011527
0.113147
0.625338
0.214228
0.744189
1.000000
0.011512
0.697270
0.652825
0.734616
0.702347
1.000000
0.011497
0.719390
0.435073
0.951458
0.699628
1.000000
0.011456
0.817962
0.728998
0.852982
0.769761
1.000000
0.011427
0.719254
0.721441
0.756034
0.769612
1.000000
0.011391
0.148971
0.535730
0.267442
0.674098
1.000000
0.011384
0.791665
0.490489
0.830309
0.544691
1.000000
0.011378
0.507904
0.306634
0.568709
0.399490
1.000000
0.011347
0.649753
0.908246
0.732136
1.000403
1.000000
0.011268
-0.000198
0.815741
0.132012
1.001819
1.000000
0.011268
0.793786
0.726346
0.829905
0.767541
1.000000
0.011224
0.718944
0.550892
0.761318
0.610869
1.000000
0.011190
0.768519
0.520701
0.805604
0.574164
1.000000
0.011152
0.555380
0.707538
0.651499
0.848342
1.000000
0.011143
0.768195
0.486338
0.807616
0.544520
1.000000
0.011111
0.770217
0.597008
0.808032
0.646365
1.000000
0.011100
0.530348
0.161852
0.762085
0.480870
1.000000
0.011092
0.585910
0.286281
0.631841
0.354731
1.000000
0.010996
0.693353
0.589754
0.735246
0.648157
1.000000
0.010996
0.791095
0.600862
0.827046
0.647231
1.000000
0.010996
0.610193
0.691098
0.654242
0.749901
1.000000
0.010996
0.668204
0.951508
0.710124
0.996221
1.000000
0.010911
0.766398
0.427115
0.805599
0.481918
1.000000
0.010852
0.665497
0.546456
0.712667
0.616273
1.000000
0.010824
0.366117
0.469765
0.477113
0.622877
1.000000
0.010824
0.840810
0.954771
0.879720
0.996065
1.000000
0.010822
0.149751
0.361699
0.267350
0.493469
1.000000
0.010723
0.961890
0.718024
0.996506
0.778064
1.000000
0.010661
0.860205
0.828153
0.989954
1.007636
1.000000
0.010655
0.464875
0.222907
0.510989
0.286354
1.000000
0.010651
0.766863
0.695179
0.806055
0.744133
1.000000
0.010646
0.640278
0.652073
0.684862
0.715335
1.000000
0.010607
0.608776
0.349170
0.652370
0.421012
1.000000
0.010584
0.521332
0.907560
0.605706
1.004897
1.000000
0.010556
0.061078
0.663971
0.163436
0.788894
1.000000
0.010515
0.962956
0.654008
0.997016
0.712719
1.000000
0.010498
0.664852
0.724170
0.703215
0.777829
1.000000
0.010469
0.170983
0.922093
0.249829
1.001759
1.000000
0.010419
0.662584
0.585129
0.708910
0.652325
1.000000
0.010396
0.613087
0.478041
0.664860
0.553317
1.000000
0.010396
0.089002
0.627193
0.129512
0.677502
1.000000
0.010349
0.719874
0.689139
0.759022
0.741927
1.000000
0.010285
0.724017
0.790932
0.757345
0.834806
1.000000
0.010236
0.612065
0.286797
0.656007
0.353624
1.000000
0.010212
0.692888
0.790770
0.786125
0.918576
1.000000
0.010185
0.594121
0.717611
0.637932
0.777066
1.000000
0.010148
0.001347
0.652123
0.034439
0.711833
1.000000
0.010133
0.720667
0.723035
0.812819
0.846908
1.000000
0.010110
0.741961
0.691391
0.782620
0.742375
1.000000
0.010081
0.744527
0.721985
0.783145
0.768025
