1.000000
0.830988
0.392395
0.358208
0.565096
0.596885
1.000000
0.044205
-0.010494
0.382356
0.485555
1.052439
1.000000
0.041580
0.392568
0.240828
0.550852
0.429928
1.000000
0.031222
0.703546
0.548804
1.007918
1.143453
1.000000
0.027358
0.484043
0.340021
0.601453
0.498967
1.000000
0.025304
0.006437
0.420693
0.257628
0.659060
1.000000
0.024645
0.592038
0.412314
0.700246
0.552577
1.000000
0.023396
0.361178
0.354805
0.747321
0.882213
1.000000
0.022908
0.481659
0.376564
0.540860
0.456452
1.000000
0.022355
0.606487
0.676506
0.699189
0.791084
1.000000
0.021073
0.638608
0.442584
0.752415
0.576234
1.000000
0.020678
0.507935
0.345461
0.562494
0.421525
1.000000
0.020557
0.534585
0.372788
0.585606
0.447224
1.000000
0.020112
0.429512
0.435648
0.497429
0.526799
1.000000
0.019773
0.528643
0.410961
0.631199
0.566836
1.000000
0.019385
0.520610
0.364101
0.733844
0.629148
1.000000
0.019025
-0.003425
0.818988
0.128465
1.001320
1.000000
0.019019
0.717731
0.951995
0.757159
0.994320
1.000000
0.018954
0.359086
0.405577
0.481664
0.554933
1.000000
0.018652
0.453750
0.496631
0.519770
0.587055
1.000000
0.018610
0.460783
0.471065
0.584888
0.640153
1.000000
0.018526
0.317988
0.475173
0.423116
0.619196
1.000000
0.018447
0.720435
0.621959
0.810438
0.734422
1.000000
0.017855
0.080932
0.001733
0.567491
0.721194
1.000000
0.017623
0.638119
0.717641
0.680952
0.768517
1.000000
0.017594
0.458817
0.314166
0.521211
0.394356
1.000000
0.017527
0.554801
0.349575
0.660445
0.502062
1.000000
0.017464
0.433093
0.383491
0.496681
0.464899
1.000000
0.017420
0.819371
0.952780
0.857931
0.994102
1.000000
0.017106
0.664853
0.511542
0.711629
0.576526
1.000000
0.016946
0.637141
0.449337
0.686436
0.518951
1.000000
0.016877
0.389639
0.441724
0.445989
0.518309
1.000000
0.016875
0.718698
0.652070
0.756798
0.701631
1.000000
0.016671
0.768710
0.960017
0.805876
0.998098
1.000000
0.016550
0.324429
0.337088
0.438086
0.489879
1.000000
0.016263
0.366007
0.492627
0.485952
0.652100
1.000000
0.016201
0.210627
0.546808
0.311533
0.673074
1.000000
0.016172
0.599222
0.719229
0.638635
0.769528
1.000000
0.016139
0.254351
0.484082
0.358118
0.620093
1.000000
0.016084
0.615551
0.420708
0.661451
0.487900
1.000000
0.016026
0.002390
0.468901
0.119380
0.608878
1.000000
0.015925
0.012461
0.618830
0.056836
0.677691
1.000000
0.015691
0.691533
0.474975
0.799158
0.604962
1.000000
0.015560
0.560684
0.472327
0.667646
0.617165
1.000000
0.015525
0.013317
0.480359
0.060662
0.541678
1.000000
0.015482
0.614143
0.511399
0.718197
0.645779
1.000000
0.015462
0.741062
0.653874
0.779408
0.700604
1.000000
0.015343
0.532534
0.507657
0.587068
0.584833
1.000000
0.015336
0.533859
0.322017
0.582478
0.391532
1.000000
0.015297
0.766261
0.694867
0.857835
0.808754
1.000000
0.014880
0.536304
0.446433
0.588916
0.522761
1.000000
0.014635
0.481410
0.277041
0.544573
0.360065
1.000000
0.014601
0.434677
0.554662
0.544627
0.709459
1.000000
0.014538
0.714469
0.451471
0.759420
0.515678
1.000000
0.014535
0.667179
0.628454
0.759465
0.744984
1.000000
0.014486
0.588499
0.446403
0.640472
0.520571
1.000000
0.014469
0.716113
0.539543
0.816620
0.669285
1.000000
0.014457
0.965166
0.952857
0.997321
0.996459
1.000000
0.014377
0.003967
0.667246
0.085156
0.806478
1.000000
0.014250
0.319700
0.570094
0.423825
0.718988
1.000000
0.014172
0.607138
0.587599
0.708850
0.727558
1.000000
0.014119
0.562749
0.479398
0.610557
0.551494
1.000000
0.014042
0.614281
0.477129
0.667024
0.551898
1.000000
0.013733
0.505750
0.539356
0.564062
0.618647
1.000000
0.013717
0.435827
0.540243
0.492016
0.614869
1.000000
0.013645
0.780985
0.540518
0.890651
0.674257
1.000000
0.013636
0.740296
0.958414
0.779400
0.998375
1.000000
0.013565
0.665209
0.420580
0.710995
0.483323
1.000000
0.013552
0.665809
0.585397
0.706218
0.644024
1.000000
0.013507
0.391171
0.511117
0.440213
0.581853
1.000000
0.013424
0.768850
0.693711
0.808926
0.744461
1.000000
0.013411
0.717386
0.512121
0.763483
0.576662
1.000000
0.013387
0.788887
0.619570
0.884634
0.731548
1.000000
0.013359
0.768604
0.655408
0.807248
0.702977
1.000000
0.013327
0.691590
0.511057
0.735970
0.571351
1.000000
0.013239
0.477453
0.441403
0.538989
0.527745
1.000000
0.013195
0.246196
0.281824
0.475660
0.578223
1.000000
0.013191
0.388103
0.385391
0.445422
0.461370
1.000000
0.013134
-0.002254
0.553044
0.071319
0.668202
1.000000
0.013127
0.701510
0.913329
0.778829
1.000420
1.000000
0.013113
0.789336
0.458307
0.828445
0.509089
1.000000
0.013027
0.564437
0.413356
0.611897
0.487451
1.000000
0.012984
0.463332
0.581277
0.510210
0.644924
1.000000
0.012925
0.769519
0.723800
0.808566
0.771478
1.000000
0.012891
0.002708
0.457485
0.041403
0.516277
1.000000
0.012858
0.767555
0.792852
0.804140
0.838434
1.000000
0.012812
0.267002
0.609357
0.357459
0.738137
1.000000
0.012723
0.711192
0.441187
0.942642
0.708180
1.000000
0.012707
0.726913
0.433056
0.835632
0.554812
1.000000
0.012699
0.343305
0.229756
0.466998
0.387851
1.000000
0.012658
0.046774
0.533495
0.173427
0.666553
1.000000
0.012647
0.792121
0.630129
0.830449
0.675938
1.000000
0.012424
0.515133
0.275537
0.622938
0.431393
1.000000
0.012396
0.769998
0.627624
0.809573
0.677131
1.000000
0.012381
0.766771
0.455484
0.808750
0.510846
1.000000
0.012363
0.558998
0.581108
0.755535
0.836745
1.000000
0.012363
0.696517
0.921890
0.736457
0.977177
1.000000
0.012323
0.698602
0.654149
0.736796
0.704645
1.000000
0.012312
0.266126
0.622217
0.306643
0.673448
1.000000
0.012249
0.820157
0.657084
0.856406
0.700127
1.000000
0.012211
0.633397
0.358984
0.743862
0.507712
1.000000
0.012188
0.816684
0.730228
0.852642
0.772578
1.000000
0.012172
0.139512
0.505280
0.274789
0.649485
1.000000
0.012126
0.740216
0.454442
0.785764
0.514401
1.000000
0.012100
0.059717
0.616131
0.162003
0.738762
1.000000
0.012069
0.517242
0.906531
0.607080
1.002800
1.000000
0.012035
0.818463
0.631266
0.856526
0.676077
1.000000
0.012004
0.242196
0.624039
0.283760
0.675162
1.000000
0.011950
0.792219
0.656358
0.828837
0.700029
1.000000
0.011930
0.245793
0.646778
0.722734
1.013286
1.000000
0.011920
0.818149
0.767103
0.853848
0.808750
1.000000
0.011876
0.752779
0.483400
0.868426
0.620147
1.000000
0.011876
0.622847
0.735862
0.727005
0.874688
1.000000
0.011871
0.817571
0.696409
0.853725
0.740866
1.000000
0.011865
0.457994
0.247923
0.521560
0.330598
1.000000
0.011846
0.716743
0.725241
0.754084
0.773753
1.000000
0.011812
0.040834
0.463079
0.085868
0.513779
1.000000
0.011812
0.001581
0.516224
0.037553
0.577990
1.000000
0.011742
0.666752
0.549686
0.709040
0.611910
1.000000
0.011742
0.670957
0.955462
0.710850
0.997429
1.000000
0.011652
0.563826
0.951587
0.608190
0.996991
1.000000
0.011644
0.690170
0.723301
0.730845
0.773625
1.000000
0.011635
0.198977
0.455368
0.317055
0.594479
1.000000
0.011633
0.641414
0.393124
0.684776
0.454576
1.000000
0.011604
0.616293
0.956664
0.657562
0.998310
1.000000
0.011541
0.504341
0.474955
0.562574
0.558917
1.000000
0.011538
0.792852
0.725445
0.830982
0.769207
1.000000
0.011535
0.001900
0.589748
0.036993
0.647804
1.000000
0.011535
0.212911
0.958983
0.252858
0.998115
1.000000
0.011514
0.407798
0.278035
0.467519
0.360500
1.000000
0.011504
0.871116
0.957428
0.906831
0.996328
1.000000
0.011493
0.659031
0.698741
0.700856
0.751857
1.000000
0.011448
0.266503
0.590672
0.307594
0.646500
1.000000
0.011428
0.797187
0.957185
0.836051
0.997325
1.000000
0.011412
0.268470
0.382520
0.373009
0.522957
1.000000
0.011304
0.241693
0.725103
0.278314
0.771946
1.000000
0.011253
0.672652
0.563604
0.874212
0.839500
1.000000
0.011247
0.287413
0.517599
0.330508
0.580009
1.000000
0.011247
0.488741
0.581435
0.537173
0.647067
1.000000
0.011229
0.589263
0.511920
0.638114
0.580574
1.000000
0.011221
0.718906
0.588382
0.761982
0.648314
1.000000
0.011208
0.529059
0.533503
0.630615
0.687754
1.000000
0.011195
0.723093
0.733140
0.812787
0.853687
1.000000
0.011153
0.342709
0.582768
0.386640
0.645705
1.000000
0.011139
0.768290
0.591069
0.808282
0.643573
1.000000
0.011037
0.791380
0.595119
0.829059
0.643437
1.000000
0.011031
0.409800
0.345140
0.467158
0.424864
1.000000
0.011029
0.749289
0.793643
0.784026
0.838026
1.000000
0.010991
0.268465
0.960310
0.305243
0.999179
1.000000
0.010989
0.389935
0.579684
0.436401
0.644987
1.000000
0.010943
0.032835
0.359137
0.186740
0.510747
1.000000
0.010938
0.341527
0.483894
0.386720
0.548413
1.000000
0.010934
0.791998
0.521784
0.830047
0.575390
1.000000
0.010891
0.465517
0.615202
0.512030
0.680037
1.000000
0.010829
0.365023
0.602799
0.469669
0.748936
1.000000
0.010812
0.790597
0.489623
0.830860
0.544375
1.000000
0.010768
0.639270
0.814480
0.816671
1.019140
1.000000
0.010743
0.791488
0.697948
0.830418
0.745091
1.000000
0.010738
0.109113
0.460565
0.159600
0.516542
1.000000
0.010731
0.742239
0.588685
0.783235
0.642798
1.000000
0.010719
0.113998
0.625398
0.215293
0.739838
1.000000
0.010653
0.895491
0.468636
1.000141
0.641525
1.000000
0.010602
0.588294
0.388657
0.634396
0.454293
1.000000
0.010561
0.558297
0.683618
0.655113
0.811035
1.000000
0.010542
0.737149
0.488874
0.782767
0.553061
1.000000
0.010506
0.961109
0.484164
0.998132
0.551804
1.000000
0.010489
0.216236
0.613454
0.302576
0.729278
1.000000
0.010479
0.684424
0.690348
0.776875
0.811449
1.000000
0.010472
0.818366
0.795195
0.852296
0.838203
1.000000
0.010461
0.795197
0.794032
0.830696
0.836269
1.000000
0.010458
0.370452
0.420301
0.416173
0.483367
1.000000
0.010444
0.504650
0.408027
0.561785
0.492909
1.000000
0.010430
0.384277
0.313319
0.444127
0.393904
1.000000
0.010429
0.817991
0.489127
0.857615
0.543406
1.000000
0.010422
0.764762
0.519288
0.806077
0.577441
1.000000
0.010417
0.692107
0.424552
0.737280
0.483934
1.000000
0.010401
0.721205
0.546425
0.765385
0.608180
1.000000
0.010363
0.766618
0.764507
0.805677
0.812425
1.000000
0.010302
0.765338
0.485384
0.808957
0.546181
1.000000
0.010261
0.268639
0.651877
0.305260
0.699340
1.000000
0.010260
0.558322
0.351243
0.603162
0.418365
1.000000
0.010259
0.127787
0.428210
0.266793
0.565203
1.000000
0.010228
0.770784
0.930450
0.807803
0.980317
1.000000
0.010226
0.162035
0.581493
0.269839
0.700627
1.000000
0.010208
0.293152
0.651952
0.330195
0.701847
1.000000
0.010194
0.716670
0.687380
0.755352
0.739134
1.000000
0.010183
0.640397
0.663396
0.682417
0.719609
1.000000
0.010182
0.693258
0.691584
0.733187
0.744088
1.000000
0.010173
0.816618
0.460454
0.856032
0.513255
1.000000
0.010139
0.386743
0.249925
0.443075
0.325904
1.000000
0.010112
0.667286
0.657418
0.706839
0.710524
1.000000
0.010078
0.801329
0.909199
0.881813
1.002622
1.000000
0.010064
0.788262
0.428209
0.829288
0.481422
1.000000
0.010063
0.692132
0.591825
0.731881
0.647123
1.000000
0.010046
0.266759
0.726698
0.301838
0.774673
1.000000
0.010041
0.418091
0.580680
0.462356
0.644339
1.000000
0.010035
0.021245
0.550992
0.225903
0.835576
