1.000000
0.902554
0.481062
0.402262
0.657170
0.609101
1.000000
0.091866
0.812428
0.138507
0.864874
0.218992
1.000000
0.051761
0.476344
0.379784
0.534425
0.446644
1.000000
0.040047
0.473373
0.333610
0.588165
0.474554
1.000000
0.039061
0.722503
0.174249
0.903055
0.393502
1.000000
0.038448
0.934347
0.912221
0.997231
0.997363
1.000000
0.037781
0.611436
0.283127
0.722054
0.412532
1.000000
0.032368
0.003151
0.009429
0.085880
0.123409
1.000000
0.032310
0.444169
0.493533
0.580810
0.644679
1.000000
0.031901
0.263652
0.783118
0.297064
0.840619
1.000000
0.031136
0.412785
0.290642
0.526477
0.414765
1.000000
0.030816
0.601335
0.444616
0.662872
0.524054
1.000000
0.030724
-0.006664
0.726169
0.251871
0.985774
1.000000
0.030481
0.689577
0.282344
0.805466
0.413913
1.000000
0.029615
0.778106
0.122276
0.880627
0.260815
1.000000
0.029384
0.137068
0.595283
0.236247
0.731238
1.000000
0.028669
0.621251
0.348187
0.735818
0.489919
1.000000
0.028655
0.570298
0.387463
0.699717
0.537823
1.000000
0.028077
0.761836
0.292637
0.879841
0.416664
1.000000
0.027574
0.484174
0.448429
0.543588
0.522621
1.000000
0.027560
0.640707
0.291841
0.688928
0.352706
1.000000
0.026675
0.074925
0.550991
0.268751
0.839645
1.000000
0.026310
0.004710
0.570236
0.076822
0.712338
1.000000
0.025987
0.013623
0.292603
0.110826
0.421807
1.000000
0.025958
0.192512
0.105864
0.294060
0.227379
1.000000
0.025703
0.521903
0.298099
0.643166
0.447103
1.000000
0.025496
0.059763
0.814966
0.111041
0.871878
1.000000
0.025042
0.816344
0.213347
0.862458
0.270132
1.000000
0.025007
0.519270
0.570248
0.640012
0.714195
1.000000
0.024424
0.252096
0.760114
0.287579
0.817150
1.000000
0.024215
0.962579
0.716999
0.998838
0.792293
1.000000
0.024212
0.531962
0.385075
0.591894
0.459252
1.000000
0.024064
0.135098
0.016803
0.191527
0.078413
1.000000
0.023780
0.263265
0.954964
0.303431
0.998943
1.000000
0.023688
0.063153
0.093102
0.174039
0.220564
1.000000
0.023597
0.852464
0.319585
0.907731
0.383216
1.000000
0.023571
0.240483
0.951551
0.281857
0.997509
1.000000
0.023535
0.265655
0.814721
0.298935
0.872296
1.000000
0.023493
0.581921
0.383465
0.644055
0.464185
1.000000
0.023449
0.186315
0.020450
0.237234
0.078557
1.000000
0.023344
0.000621
0.069696
0.065786
0.187279
1.000000
0.023313
0.016269
0.819252
0.066871
0.879062
1.000000
0.023297
0.553282
0.543844
0.614132
0.615450
1.000000
0.023270
0.867279
0.911258
0.915609
0.982077
1.000000
0.023225
0.579408
0.195626
0.783813
0.470941
1.000000
0.023187
0.012418
0.878009
0.117410
0.988789
1.000000
0.023161
0.231564
0.748008
0.300661
0.873883
1.000000
0.023042
0.482255
0.316306
0.538913
0.386548
1.000000
0.023011
0.002400
0.643062
0.040983
0.716521
1.000000
0.022944
0.788893
0.316128
0.847342
0.386668
1.000000
0.022942
0.962232
0.777465
0.999512
0.854416
1.000000
0.022820
0.580373
0.507352
0.638844
0.580756
1.000000
0.022818
0.118316
0.724802
0.161768
0.777875
1.000000
0.022660
0.562058
0.494620
0.677858
0.642980
1.000000
0.022381
-0.000804
0.953227
0.036128
0.998744
1.000000
0.022262
0.876959
0.846333
0.993755
1.002540
1.000000
0.022196
0.190278
0.726087
0.233999
0.787304
1.000000
0.022130
0.661748
0.236978
0.768591
0.363644
1.000000
0.022114
0.813931
0.253062
0.863561
0.310788
1.000000
0.021992
0.790682
0.386729
0.835427
0.441410
1.000000
0.021843
0.724668
0.137393
0.828422
0.274659
1.000000
0.021750
0.962135
0.485006
0.999445
0.558365
1.000000
0.021694
0.162915
0.249772
0.265667
0.382060
1.000000
0.021438
0.935128
0.166078
1.004195
0.276882
1.000000
0.021434
0.188920
0.925305
0.229820
0.981237
1.000000
0.021433
0.086539
0.283555
0.194144
0.413099
1.000000
0.021336
0.009428
0.774219
0.110617
0.891659
1.000000
0.021260
0.423176
0.423627
0.551139
0.580302
1.000000
0.021226
0.928652
0.263420
1.001771
0.366228
1.000000
0.021182
0.767126
0.184657
0.810872
0.246542
1.000000
0.021155
0.732686
0.314807
0.786947
0.383062
1.000000
0.021102
0.500661
0.542451
0.572793
0.626069
1.000000
0.020917
0.886877
0.949177
0.933873
1.000655
1.000000
0.020743
0.050507
0.032461
0.172051
0.151592
1.000000
0.020653
0.962544
0.848100
1.000661
0.919839
1.000000
0.020631
0.503164
0.355375
0.560434
0.422881
1.000000
0.020630
0.011871
0.004442
0.064431
0.062144
1.000000
0.020584
0.005042
0.216797
0.086334
0.352130
1.000000
0.020515
0.790695
0.257359
0.837064
0.313108
1.000000
0.020478
-0.002672
0.143735
0.060673
0.259330
1.000000
0.020446
0.963749
0.152881
0.998938
0.213295
1.000000
0.020413
0.167034
0.887068
0.254252
0.997510
1.000000
0.020280
0.218338
0.953423
0.258887
0.998023
1.000000
0.020265
0.221616
0.920646
0.261795
0.977265
1.000000
0.020188
0.338545
0.277368
0.452623
0.404272
1.000000
0.020143
0.241296
0.888609
0.273575
0.938915
1.000000
0.020128
0.960040
0.319282
0.999528
0.383064
1.000000
0.020125
0.016827
0.891365
0.066676
0.951944
1.000000
0.020052
0.807494
0.290445
0.867811
0.361033
1.000000
0.020043
0.792251
0.218226
0.838209
0.273452
1.000000
0.020026
0.688953
0.314898
0.740868
0.382689
1.000000
0.019998
0.630594
0.381812
0.690152
0.460257
1.000000
0.019908
0.001465
0.184853
0.035446
0.244741
1.000000
0.019822
0.803474
0.341720
0.907358
0.462585
1.000000
0.019809
-0.003289
0.676985
0.064565
0.790597
1.000000
0.019768
0.912359
0.315128
0.963791
0.374424
1.000000
0.019758
0.389829
0.393276
0.729222
0.821319
1.000000
0.019738
0.316931
0.953616
0.357307
0.998831
1.000000
0.019590
0.963456
0.186442
0.999299
0.247344
1.000000
0.019523
0.251063
0.112343
0.375918
0.240760
1.000000
0.019499
0.246665
0.732396
0.282589
0.785886
1.000000
0.019472
0.451024
0.239387
0.559435
0.372570
1.000000
0.019450
0.164229
0.690716
0.252617
0.835922
1.000000
0.019349
0.614536
0.948934
0.658196
0.996516
1.000000
0.019288
0.246062
0.861213
0.279093
0.915364
1.000000
0.019104
0.614605
0.310647
0.669333
0.381774
1.000000
0.019096
0.834944
0.348203
0.891147
0.410153
1.000000
0.019087
0.264437
0.854234
0.297833
0.908334
1.000000
0.019079
0.129036
0.113944
0.244520
0.245391
1.000000
0.019071
0.000767
0.050649
0.040830
0.124684
1.000000
0.019061
0.159827
0.777447
0.249371
0.923987
1.000000
0.019011
0.840478
0.384999
0.888598
0.442929
1.000000
0.018968
0.767788
0.220751
0.810196
0.272198
1.000000
0.018946
0.504342
0.225234
0.610762
0.356579
1.000000
0.018877
0.907238
0.324193
0.995331
0.445527
1.000000
0.018855
0.713298
0.901004
0.766083
0.976672
1.000000
0.018813
0.214609
0.731238
0.254742
0.788756
1.000000
0.018809
0.124040
0.021373
0.240130
0.136392
1.000000
0.018771
0.933830
0.096811
1.000838
0.208748
1.000000
0.018770
0.965744
0.645082
1.000214
0.718073
1.000000
0.018766
0.816469
0.056558
0.859644
0.121016
1.000000
0.018759
0.437791
0.520159
0.495660
0.594456
1.000000
0.018720
0.728881
0.872197
0.830211
0.994760
1.000000
0.018699
0.886808
0.885885
0.929697
0.950172
1.000000
0.018681
0.660676
0.308939
0.710687
0.374648
1.000000
0.018572
0.140834
0.952342
0.183137
0.995914
1.000000
0.018556
0.062841
0.216463
0.167157
0.350923
1.000000
0.018535
0.164528
0.950911
0.208297
0.995618
1.000000
0.018535
0.225227
0.823036
0.298186
0.952320
1.000000
0.018531
0.033058
0.696232
0.138968
0.833195
1.000000
0.018476
0.396426
0.534241
0.514615
0.680517
1.000000
0.018463
0.887496
0.226745
0.933697
0.279396
1.000000
0.018426
0.814521
0.950585
0.860443
1.000852
1.000000
0.018203
0.666604
0.953912
0.707365
0.999233
1.000000
0.018170
0.765040
0.346643
0.815130
0.407425
1.000000
0.018162
0.741729
0.187592
0.783121
0.244854
1.000000
0.018153
0.417172
0.956427
0.456710
0.998163
1.000000
0.018149
0.823898
0.604766
0.908953
0.751193
1.000000
0.018107
0.959244
0.253410
0.999226
0.317335
1.000000
0.018046
0.095667
0.647670
0.191412
0.785460
1.000000
0.018042
0.136894
0.686885
0.183446
0.749399
1.000000
0.017981
0.963280
0.539946
1.000637
0.618401
1.000000
0.017960
0.862524
0.188585
0.908011
0.243697
1.000000
0.017954
0.122923
0.810223
0.290643
1.025505
1.000000
0.017896
0.018559
0.128061
0.116871
0.272433
1.000000
0.017883
0.666623
0.915850
0.709986
0.978639
1.000000
0.017747
0.765408
0.954910
0.806989
1.001763
1.000000
0.017710
0.564873
0.222373
0.674141
0.347766
1.000000
0.017654
0.645063
0.868402
0.742595
0.988304
1.000000
0.017613
0.751650
0.758905
0.996581
1.011280
1.000000
0.017603
0.530693
0.442425
0.600432
0.526111
1.000000
0.017602
0.814112
0.269976
0.924267
0.388816
1.000000
0.017543
0.840185
0.950972
0.887001
1.001706
1.000000
0.017494
0.776026
0.903641
0.871139
1.006533
1.000000
0.017475
0.066430
0.787840
0.183922
0.919058
1.000000
0.017407
0.071860
0.575530
0.175895
0.721282
1.000000
0.017389
0.828944
0.175755
0.879087
0.239403
1.000000
0.017239
0.009877
0.490637
0.102473
0.651586
1.000000
0.017215
0.931671
0.766010
1.001678
0.924882
1.000000
0.017146
0.965930
0.417982
1.000815
0.482305
1.000000
0.017072
0.732719
0.879930
0.781455
0.951195
1.000000
0.017030
0.712579
0.340511
0.766878
0.410403
1.000000
0.017025
0.210916
0.003521
0.258314
0.052803
1.000000
0.017022
0.556836
0.351661
0.613155
0.421969
1.000000
0.017021
0.014960
0.851307
0.062718
0.909992
1.000000
0.016971
0.223869
0.861594
0.258017
0.915658
1.000000
0.016968
0.763576
0.288838
0.815311
0.354413
1.000000
0.016923
0.416454
0.218699
0.611510
0.501525
1.000000
0.016914
0.532051
0.653627
0.634566
0.773467
1.000000
0.016896
0.740095
0.000135
0.903767
0.240152
1.000000
0.016887
0.790614
0.419148
0.886533
0.544909
1.000000
0.016871
0.221133
0.910968
0.302810
1.005422
1.000000
0.016815
0.000954
0.754370
0.035140
0.810766
1.000000
0.016803
0.738683
0.951638
0.785325
1.002224
1.000000
0.016788
0.667213
0.150468
0.763027
0.276656
1.000000
0.016762
0.917569
0.949701
0.963841
1.000538
1.000000
0.016730
0.266789
0.732979
0.302268
0.789507
1.000000
0.016664
0.111825
0.818081
0.156492
0.872135
1.000000
0.016618
0.180441
0.168084
0.284849
0.305404
1.000000
0.016588
0.794253
0.172770
0.846673
0.243934
1.000000
0.016551
0.368570
0.954878
0.407733
0.998580
1.000000
0.016528
0.465003
0.289248
0.516565
0.354223
1.000000
0.016501
0.260949
-0.000012
0.315762
0.054268
1.000000
0.016472
0.528935
0.506132
0.600982
0.592840
1.000000
0.016449
0.945041
0.602896
1.006978
0.761855
1.000000
0.016386
0.061314
0.950168
0.111461
0.998692
1.000000
0.016338
0.001157
0.147169
0.035634
0.208219
1.000000
0.016323
0.585822
0.315488
0.640157
0.384616
1.000000
0.016293
0.236679
0.020234
0.289248
0.081054
1.000000
0.016215
0.112090
0.318428
0.160820
0.384435
1.000000
0.016194
0.239122
0.643867
0.280548
0.710309
1.000000
0.016190
0.024764
0.602465
0.125187
0.748388
1.000000
0.016072
0.761161
0.913619
0.806355
0.981270
1.000000
0.016058
0.940789
0.883342
0.988081
0.953255
1.000000
0.016041
0.656577
0.418245
0.707514
0.485721
1.000000
0.016026
0.531669
0.320782
0.586925
0.390951
1.000000
0.016004
0.609709
0.347826
0.665686
0.423881
1.000000
0.015975
0.455201
0.537431
0.525964
0.621429
1.000000
0.015972
0.745026
0.125792
0.783749
0.183350
1.000000
0.015951
0.043418
0.083284
0.230965
0.336946
1.000000
0.015881
0.012770
0.287030
0.058830
0.356325
1.000000
0.015874
0.427253
0.130395
0.548103
0.268184
1.000000
0.015820
0.267947
0.886456
0.363341
0.999272
1.000000
0.015806
0.921988
0.423114
0.997050
0.574697
1.000000
0.015781
0.916536
0.883002
0.956875
0.943946
1.000000
0.015781
0.715401
0.948407
0.760623
1.000485
1.000000
0.015764
0.861838
0.189412
1.012015
0.436907
1.000000
0.015759
0.083775
0.898941
0.180318
1.006458
1.000000
0.015752
0.111880
0.145622
0.162725
0.211356
1.000000
0.015752
0.013077
0.213141
0.054902
0.275798
1.000000
0.015745
0.438259
0.571616
0.493471
0.650095
1.000000
0.015745
0.281957
-0.006225
0.393690
0.096686
1.000000
0.015744
0.599301
0.900307
0.680679
0.999651
1.000000
0.015738
0.716425
0.289680
0.766045
0.354130
1.000000
0.015720
0.293665
0.955165
0.334870
1.000703
1.000000
0.015710
0.000879
0.718183
0.035242
0.778015
1.000000
0.015659
0.770139
0.148407
0.813766
0.213917
1.000000
0.015634
0.464733
0.590656
0.580531
0.734589
1.000000
0.015613
0.085648
0.019672
0.140301
0.079467
1.000000
0.015605
0.211411
0.053667
0.261772
0.113015
1.000000
0.015603
0.720594
0.223741
0.758153
0.270564
1.000000
0.015581
0.819446
0.831414
0.912468
0.959939
1.000000
0.015536
0.553449
0.469986
0.622411
0.556094
1.000000
0.015532
0.221337
0.823144
0.255215
0.876817
1.000000
0.015485
0.218350
0.652300
0.305042
0.793918
1.000000
0.015482
0.189269
0.033851
0.300628
0.159449
1.000000
0.015416
0.438706
0.316298
0.492259
0.381492
1.000000
0.015364
0.662617
0.345600
0.714220
0.414450
1.000000
0.015353
0.358018
0.604558
0.463845
0.756140
1.000000
0.015353
0.742306
0.222156
0.784102
0.272803
1.000000
0.015349
0.766085
0.257184
0.811184
0.311871
1.000000
0.015340
0.739289
0.258144
0.784631
0.314031
1.000000
0.015340
0.094684
0.727132
0.137440
0.780381
1.000000
0.015328
0.857821
0.381247
0.962489
0.514383
1.000000
0.015322
0.814973
0.094817
0.858965
0.160584
1.000000
0.015306
0.040194
0.440309
0.445969
1.011194
1.000000
0.015294
0.064938
0.760854
0.110368
0.815913
1.000000
0.015287
0.816362
0.819487
0.855939
0.873661
1.000000
0.015269
0.767965
0.387560
0.811159
0.443697
1.000000
0.015266
0.059291
0.893698
0.110480
0.953853
1.000000
0.015262
0.630399
0.479238
0.680272
0.543949
1.000000
0.015240
0.235511
-0.013181
0.455105
0.172425
1.000000
0.015235
0.270887
0.687313
0.358218
0.831157
1.000000
0.015191
0.000907
0.319732
0.038606
0.387384
1.000000
0.015183
0.820355
0.615826
0.861344
0.673940
1.000000
0.015170
0.459326
0.482110
0.520236
0.561043
1.000000
0.015136
0.001680
0.791339
0.037977
0.845824
1.000000
0.015136
0.194912
0.785425
0.234128
0.844458
1.000000
0.015115
0.167315
0.753113
0.210455
0.811339
1.000000
0.015114
0.937851
-0.004762
1.000693
0.081292
1.000000
0.015080
0.115012
0.754128
0.159676
0.810151
1.000000
0.015070
0.360102
0.332478
0.479799
0.473505
1.000000
0.015045
0.067070
0.728544
0.111291
0.783269
1.000000
0.015038
0.869761
0.860398
0.909310
0.922451
1.000000
0.015035
0.888736
0.292058
0.940419
0.347694
1.000000
0.014998
0.121025
0.614029
0.171013
0.687179
1.000000
0.014946
0.311881
0.183997
0.363773
0.242435
1.000000
0.014917
0.508675
0.413529
0.569390
0.488912
1.000000
0.014838
0.933072
0.500361
1.001410
0.658917
1.000000
0.014825
0.409480
0.312291
0.462630
0.378894
1.000000
0.014792
0.057984
0.339017
0.162106
0.469340
1.000000
0.014769
0.585139
0.581223
0.637731
0.646940
1.000000
0.014715
0.010536
0.339051
0.063226
0.416026
1.000000
0.014712
0.136423
0.636701
0.188921
0.711307
1.000000
0.014701
0.828435
0.183187
0.924590
0.302182
1.000000
0.014671
0.790805
0.420963
0.835036
0.475542
1.000000
0.014662
0.468274
0.958646
0.505592
0.998855
1.000000
0.014657
0.826193
0.716032
0.911082
0.862427
1.000000
0.014642
0.001238
0.253274
0.034017
0.313307
1.000000
0.014615
0.283241
0.618436
0.375498
0.756589
1.000000
0.014562
0.209734
0.093317
0.265169
0.162643
1.000000
0.014558
0.393332
0.954442
0.434821
0.998840
1.000000
0.014548
0.764012
0.856333
0.800193
0.910299
1.000000
0.014531
0.871139
0.707146
0.955613
0.864303
1.000000
0.014529
0.140436
0.756772
0.181467
0.811555
1.000000
0.014515
0.159020
0.006093
0.211782
0.056961
1.000000
0.014463
0.687358
0.383910
0.735967
0.448392
1.000000
0.014419
0.064651
0.113472
0.115505
0.184860
1.000000
0.014361
0.799493
0.555947
0.883180
0.681779
1.000000
0.014325
0.720925
0.190562
0.758859
0.244663
1.000000
0.014313
0.085878
0.804162
0.135051
0.861322
1.000000
0.014302
0.913760
0.192436
0.959436
0.246584
1.000000
0.014300
0.163170
0.686939
0.212576
0.751625
1.000000
0.014234
0.714123
0.857762
0.760960
0.925012
1.000000
0.014229
0.888477
0.193746
0.932495
0.245955
1.000000
0.014222
0.769821
0.830084
0.803169
0.879757
1.000000
0.014205
0.112566
0.003291
0.167013
0.055227
1.000000
0.014198
0.221020
0.788351
0.257229
0.845369
1.000000
0.014170
0.118750
0.883623
0.157628
0.933726
1.000000
0.014127
0.870787
0.787725
0.908780
0.847372
1.000000
0.014119
0.141689
0.591566
0.196177
0.667502
1.000000
0.014102
0.264042
0.258728
0.380289
0.388820
1.000000
0.014096
0.341889
0.954928
0.384339
1.000261
1.000000
0.014090
0.692856
0.224841
0.730978
0.272620
1.000000
0.014042
0.212144
0.616152
0.260561
0.685126
1.000000
0.013915
0.910602
0.221983
0.962633
0.281041
1.000000
0.013914
0.682106
0.380006
0.787680
0.513052
1.000000
0.013895
0.260916
0.183779
0.309421
0.240335
1.000000
0.013876
0.261190
0.772108
0.348454
0.913981
1.000000
0.013857
0.307676
-0.001538
0.365916
0.055080
1.000000
0.013789
0.858367
0.151177
0.903749
0.210965
1.000000
0.013773
0.441524
0.957597
0.482128
0.999964
1.000000
0.013755
0.942381
0.455522
0.987062
0.524663
1.000000
0.013676
0.919001
0.784325
0.959016
0.849611
1.000000
0.013662
0.321724
0.104959
0.540394
0.364332
1.000000
0.013660
0.871964
0.719184
0.908502
0.776966
1.000000
0.013643
0.691032
0.259073
0.732870
0.313862
1.000000
0.013583
0.246488
0.687845
0.284372
0.745090
1.000000
0.013571
0.893072
0.197996
0.984551
0.310762
1.000000
0.013567
0.260265
0.180286
0.375894
0.308862
1.000000
0.013559
0.869976
0.819875
0.906110
0.874298
1.000000
0.013528
0.814417
0.420171
0.860761
0.476093
1.000000
0.013506
0.863783
0.251725
0.914420
0.308562
1.000000
0.013451
0.863368
0.545338
0.954347
0.696263
1.000000
0.013444
0.060343
0.651163
0.105135
0.713013
1.000000
0.013437
0.663682
0.271116
0.871859
0.520938
1.000000
0.013430
0.888579
0.157515
0.931879
0.211478
1.000000
0.013406
0.504599
0.287514
0.557923
0.354283
1.000000
0.013386
0.511357
0.646740
0.562502
0.712554
1.000000
0.013372
0.530287
0.573201
0.587609
0.641689
1.000000
0.013356
0.557035
0.705402
0.662381
0.853009
1.000000
0.013333
0.693411
0.192379
0.730280
0.244623
1.000000
0.013289
0.359564
0.184021
0.476143
0.314817
1.000000
0.013278
0.838614
0.416748
0.885118
0.474528
1.000000
0.013236
0.569374
0.952516
0.608898
0.996077
1.000000
0.013233
0.391203
0.580914
0.441399
0.651375
1.000000
0.013224
0.513247
0.219014
0.558971
0.273158
1.000000
0.013190
0.089597
0.955722
0.137003
1.001448
1.000000
0.013187
0.317340
0.784981
0.353667
0.841320
1.000000
0.013175
0.211491
0.177477
0.265505
0.243664
1.000000
0.013169
0.671600
0.858683
0.709972
0.914473
1.000000
0.013136
0.612716
0.187769
0.712598
0.309737
1.000000
0.013118
0.164203
0.189387
0.213361
0.252618
1.000000
0.013078
0.177063
0.627946
0.357448
0.915403
1.000000
0.013071
0.893126
0.823233
0.928876
0.878134
1.000000
0.012977
0.181970
0.595898
0.234422
0.666486
1.000000
0.012956
0.261600
0.884492
0.296058
0.937619
1.000000
0.012950
0.557720
0.614862
0.614649
0.684813
1.000000
0.012938
0.011165
0.542807
0.060451
0.624453
1.000000
0.012890
0.362417
0.314872
0.414452
0.380385
1.000000
0.012882
0.320487
0.656275
0.418757
0.816210
1.000000
0.012862
0.819018
0.559791
0.858231
0.610180
1.000000
0.012852
0.253888
0.114522
0.314179
0.184882
1.000000
0.012824
0.093255
0.651847
0.138996
0.713353
1.000000
0.012811
0.163894
0.791877
0.204297
0.848056
1.000000
0.012809
0.316846
0.677195
0.361141
0.744342
1.000000
0.012809
0.090783
0.759874
0.134196
0.813385
1.000000
0.012804
0.842617
0.001952
0.881722
0.045488
1.000000
0.012794
0.700221
0.881653
0.742008
0.946284
1.000000
0.012780
0.716136
0.830393
0.756655
0.887698
1.000000
0.012765
0.639080
0.952021
0.685325
1.000452
1.000000
0.012736
0.372411
0.914132
0.458161
1.005441
1.000000
0.012716
0.918872
0.820705
0.955271
0.881326
1.000000
0.012715
0.847619
0.120015
0.950690
0.243389
1.000000
0.012713
0.820947
0.650783
0.860049
0.707420
1.000000
0.012696
0.197064
0.894183
0.232522
0.944990
1.000000
0.012688
0.001836
0.583457
0.040309
0.659361
1.000000
0.012681
0.717499
0.056221
0.753573
0.112763
1.000000
0.012676
0.604420
0.548264
0.656500
0.613709
1.000000
0.012653
0.769241
0.090331
0.808836
0.149411
1.000000
0.012652
0.695477
0.808569
0.783114
0.940809
1.000000
0.012647
0.884079
0.351647
0.936106
0.410694
1.000000
0.012601
0.519766
0.958886
0.557012
0.998392
1.000000
0.012595
0.087714
0.349472
0.140328
0.415858
1.000000
0.012578
0.387279
0.180781
0.438576
0.241049
1.000000
0.012561
0.448621
0.386269
0.501021
0.447070
1.000000
0.012561
0.195881
0.820981
0.234443
0.879828
1.000000
0.012544
0.595559
0.920767
0.638664
0.982120
1.000000
0.012542
0.472993
0.018680
0.692002
0.254409
1.000000
0.012534
0.766197
-0.000728
0.809705
0.050618
1.000000
0.012487
0.815285
0.024297
0.859503
0.085708
1.000000
0.012462
0.893291
0.549819
1.009373
0.860328
1.000000
0.012459
0.441525
0.451940
0.492540
0.516667
1.000000
0.012452
0.916897
0.452306
0.959895
0.515388
1.000000
0.012444
0.722992
0.029980
0.811123
0.177016
1.000000
0.012441
0.315426
0.716738
0.356427
0.777697
1.000000
0.012436
0.321330
0.563173
0.422694
0.705942
1.000000
0.012433
0.692366
0.951181
0.735583
1.001211
1.000000
0.012428
0.296909
0.450400
0.514753
0.719504
1.000000
0.012413
0.557363
0.692909
0.613710
0.753406
1.000000
0.012409
0.920004
0.717598
0.959007
0.780974
1.000000
0.012407
0.865362
0.001081
0.906103
0.045966
1.000000
0.012396
0.884736
0.383359
0.935843
0.444850
1.000000
0.012379
0.088641
0.283059
0.139208
0.347850
1.000000
0.012370
0.445852
0.354258
0.496188
0.414594
1.000000
0.012365
0.131085
0.124073
0.183615
0.188483
1.000000
0.012354
0.739731
0.384044
0.786722
0.444256
1.000000
0.012322
0.868911
0.652687
0.908765
0.715421
1.000000
0.012317
0.796356
0.823994
0.832796
0.875009
1.000000
0.012304
0.139118
0.797435
0.180574
0.852870
1.000000
0.012292
0.208445
0.281649
0.318844
0.403221
1.000000
0.012284
0.089125
0.582931
0.136026
0.649160
1.000000
0.012278
0.872706
0.755106
0.909628
0.816270
1.000000
0.012244
0.063451
0.179838
0.109189
0.242932
1.000000
0.012239
0.168543
0.283785
0.220054
0.351580
1.000000
0.012234
0.618949
0.223003
0.659488
0.272021
1.000000
0.012188
0.464606
0.644814
0.510031
0.709681
1.000000
0.012186
0.773290
0.682965
0.864422
0.823268
1.000000
0.012122
0.275720
0.737571
0.688035
1.030667
1.000000
0.012120
0.186460
0.635705
0.238096
0.709484
1.000000
0.012106
0.113002
0.344540
0.219520
0.472010
1.000000
0.012084
0.815673
0.886663
0.860321
0.951950
1.000000
0.012081
0.089226
0.889265
0.135955
0.946039
1.000000
0.012057
0.669003
0.223519
0.708057
0.270583
1.000000
0.012056
0.120902
0.920793
0.163166
0.977705
1.000000
0.012021
0.794345
0.856393
0.831011
0.910403
1.000000
0.011999
0.095668
0.691391
0.138463
0.747233
1.000000
0.011977
0.055018
0.485212
0.156056
0.637813
1.000000
0.011964
0.039896
0.184641
0.081045
0.242353
1.000000
0.011953
0.120694
0.373812
0.335347
0.685710
1.000000
0.011949
0.162079
0.049043
0.211268
0.105799
1.000000
0.011927
0.609718
0.789813
0.712700
0.936680
1.000000
0.011903
0.112758
0.255193
0.159482
0.317243
1.000000
0.011887
0.817414
0.001904
0.859260
0.049741
1.000000
0.011855
0.364921
0.419030
0.474869
0.554234
1.000000
0.011843
0.104702
0.728665
0.209196
0.871216
1.000000
0.011838
0.820369
0.721475
0.856466
0.773596
1.000000
0.011811
0.665196
0.262002
0.708991
0.320764
1.000000
0.011800
0.917835
0.582589
0.957100
0.648184
1.000000
0.011765
0.817581
0.455649
0.860184
0.513306
1.000000
0.011720
0.916076
0.648506
0.953947
0.713393
1.000000
0.011715
0.793711
0.790451
0.882133
0.914132
1.000000
0.011707
0.562698
0.147426
0.670059
0.275928
1.000000
0.011707
0.317167
0.910892
0.405399
1.005322
1.000000
0.011701
0.814959
0.852126
0.857433
0.913651
1.000000
0.011667
0.063860
0.687655
0.106686
0.744353
1.000000
0.011654
0.305091
0.150614
0.424033
0.274907
1.000000
0.011652
0.413959
0.611423
0.463374
0.682138
1.000000
0.011620
0.314754
0.752498
0.354280
0.812075
1.000000
0.011609
0.744334
0.831881
0.783881
0.887679
1.000000
0.011581
0.634478
0.000286
0.828929
0.285057
1.000000
0.011579
0.918848
0.517062
0.960192
0.584404
1.000000
0.011507
0.293157
0.726128
0.330274
0.781645
1.000000
0.011488
0.038409
0.724696
0.084879
0.780861
1.000000
0.011483
0.820260
0.690851
0.857219
0.743128
1.000000
0.011478
0.063374
0.285020
0.111265
0.350328
1.000000
0.011457
0.416702
0.487819
0.465852
0.552816
1.000000
0.011453
0.199200
0.591752
0.292716
0.718453
1.000000
0.011446
0.911067
0.416346
0.959724
0.481282
1.000000
0.011444
0.280809
0.283778
0.495236
0.566778
1.000000
0.011425
0.843395
0.823194
0.881066
0.878661
1.000000
0.011399
0.364977
0.645517
0.411257
0.715451
1.000000
0.011390
0.042634
0.220397
0.237738
0.492725
1.000000
0.011384
0.915318
0.155854
0.957671
0.209454
1.000000
0.011378
0.476404
0.175964
0.581228
0.305221
1.000000
0.011343
0.845120
0.793796
0.883302
0.849403
1.000000
0.011311
0.520779
0.720207
0.563813
0.772760
1.000000
0.011303
0.492081
0.958404
0.531056
0.999957
1.000000
0.011278
0.800359
0.590013
0.836462
0.639630
1.000000
0.011265
0.743720
0.000733
0.783077
0.049423
1.000000
0.011260
0.315812
0.618713
0.361921
0.688639
1.000000
0.011257
0.544798
0.954487
0.585128
0.998170
1.000000
0.011239
0.308158
0.118357
0.363100
0.182915
1.000000
0.011235
0.734662
0.537383
0.915674
0.842075
1.000000
0.011222
0.129304
0.175013
0.326464
0.436209
1.000000
0.011221
0.316835
0.318057
0.366217
0.379213
1.000000
0.011216
0.162067
0.119849
0.211073
0.183477
1.000000
0.011188
0.720030
0.086580
0.756330
0.144456
1.000000
0.011162
0.830547
0.441792
0.925293
0.581466
1.000000
0.011147
0.794058
0.486152
0.882768
0.616397
1.000000
0.011147
0.062588
0.850060
0.108806
0.908148
1.000000
0.011124
0.113385
0.379229
0.160077
0.440324
1.000000
0.011122
0.820265
0.760655
0.855657
0.815041
1.000000
0.011079
0.581776
0.715272
0.632880
0.774159
1.000000
0.011054
0.794471
0.453699
0.833607
0.507810
1.000000
0.011047
0.035526
0.578347
0.082907
0.652309
1.000000
0.011034
0.094880
0.009160
0.589321
0.437611
1.000000
0.011031
0.139615
0.316529
0.189408
0.378930
1.000000
0.011013
0.469349
0.913168
0.553739
1.007097
1.000000
0.011008
0.061147
0.578264
0.105900
0.645845
1.000000
0.011006
0.241991
0.596703
0.282177
0.656450
1.000000
0.010998
0.722629
0.124086
0.758305
0.179790
1.000000
0.010986
0.790515
0.000138
0.833725
0.048945
1.000000
0.010986
0.863400
0.620248
0.906011
0.683213
1.000000
0.010980
0.309923
0.381962
0.420929
0.515288
1.000000
0.010943
0.795702
0.886740
0.834847
0.946340
1.000000
0.010941
0.001304
0.518568
0.038514
0.591099
1.000000
0.010931
0.319146
0.822011
0.355455
0.877052
1.000000
0.010928
0.641437
0.225150
0.681176
0.273137
1.000000
0.010926
0.138636
0.862743
0.177465
0.914719
1.000000
0.010886
0.565442
0.222437
0.607863
0.273055
1.000000
0.010869
0.117292
0.492429
0.218845
0.650265
1.000000
0.010842
0.844915
0.853569
0.884934
0.913814
1.000000
0.010841
0.164701
0.860042
0.202117
0.911600
1.000000
0.010836
0.461719
0.180055
0.515944
0.246423
1.000000
0.010834
0.258367
0.050603
0.316524
0.114809
1.000000
0.010812
0.767545
0.420374
0.809726
0.476623
1.000000
0.010724
0.745199
0.055888
0.782740
0.115299
1.000000
0.010719
0.316135
0.218929
0.364187
0.273036
1.000000
0.010679
0.511472
0.256103
0.559215
0.316329
1.000000
0.010665
0.417159
0.546562
0.470699
0.617291
1.000000
0.010660
0.768379
0.056903
0.808500
0.116513
1.000000
0.010638
0.715343
0.722312
0.809388
0.868045
1.000000
0.010634
0.087493
0.056243
0.135233
0.110603
1.000000
0.010628
0.010708
0.367827
0.114408
0.521552
1.000000
0.010619
0.489797
0.614212
0.543869
0.685411
1.000000
0.010578
0.339077
0.645080
0.386267
0.715598
1.000000
0.010562
0.253098
0.555060
0.443682
0.833724
1.000000
0.010556
0.751603
-0.005321
0.829569
0.097182
1.000000
0.010547
0.437918
0.000799
0.486092
0.051692
1.000000
0.010536
0.210972
0.314147
0.259857
0.379328
1.000000
0.010530
0.741180
0.420101
0.786923
0.478533
1.000000
0.010513
0.745335
0.089613
0.783768
0.150933
1.000000
0.010506
0.289191
0.784243
0.326424
0.839709
1.000000
0.010487
0.721831
0.154866
0.758763
0.212274
1.000000
0.010430
0.197496
0.857130
0.234706
0.912920
1.000000
0.010416
0.715460
0.234296
0.979102
0.688982
1.000000
0.010370
0.616256
0.074862
0.719299
0.215837
1.000000
0.010356
0.799025
0.562098
0.837335
0.610938
1.000000
0.010347
0.228500
0.168368
0.448326
0.441812
1.000000
0.010325
0.890346
0.716327
0.930775
0.778462
1.000000
0.010316
0.333257
0.089414
0.457588
0.221949
1.000000
0.010306
0.412482
0.262300
0.462198
0.321699
1.000000
0.010304
0.842373
0.886888
0.888475
0.953968
1.000000
0.010301
0.526416
0.904685
0.610927
1.003629
1.000000
0.010283
0.539784
0.221021
0.582659
0.273451
1.000000
0.010283
0.690618
0.005995
0.773978
0.138576
1.000000
0.010280
0.889656
0.619055
0.931937
0.685132
1.000000
0.010264
0.693881
0.154863
0.730958
0.212567
1.000000
0.010262
0.086756
0.413334
0.186342
0.557155
1.000000
0.010241
0.164164
0.090106
0.211538
0.148008
1.000000
0.010189
0.617539
0.256566
0.663017
0.316346
1.000000
0.010166
0.568616
0.788758
0.608253
0.843445
1.000000
0.010145
0.209830
0.483093
0.308833
0.623422
1.000000
0.010108
0.716040
0.445223
0.816145
0.583740
1.000000
0.010083
0.216407
0.687386
0.257702
0.747085
1.000000
0.010069
0.411816
0.218318
0.462463
0.274077
1.000000
0.010041
0.056545
0.000288
0.110747
0.057025
1.000000
0.010030
0.264348
0.653163
0.303170
0.715610
1.000000
0.010028
0.505370
0.471535
0.574902
0.560795
1.000000
0.010021
0.891971
0.488745
0.934257
0.548171
1.000000
0.010019
0.064219
0.217876
0.109762
0.280844
