1.000000
0.882194
0.445858
0.265187
0.596181
0.484181
1.000000
0.113895
0.210551
0.319318
0.711292
0.979470
1.000000
0.039100
0.455660
0.379627
0.580182
0.583385
1.000000
0.035315
0.699289
0.529439
1.006290
1.118372
1.000000
0.034207
0.530163
0.418965
0.632603
0.587592
1.000000
0.032384
0.615530
0.695686
0.658231
0.746540
1.000000
0.029935
0.502854
0.278745
0.569140
0.372196
1.000000
0.028166
0.545362
0.336973
0.649943
0.502743
1.000000
0.027221
0.561905
0.442224
0.610292
0.521564
1.000000
0.025848
0.534389
0.368669
0.588567
0.455699
1.000000
0.025661
0.618583
0.444530
0.719981
0.589641
1.000000
0.024156
0.008110
0.275499
0.405146
0.839064
1.000000
0.023545
0.606210
0.632243
0.702495
0.751124
1.000000
0.021658
0.014125
0.415894
0.258025
0.670077
1.000000
0.021321
0.555420
0.314608
0.602590
0.393042
1.000000
0.021017
0.435464
0.375782
0.488017
0.452324
1.000000
0.020492
0.370366
0.408246
0.468282
0.559735
1.000000
0.020317
0.613490
0.418757
0.659316
0.487846
1.000000
0.020302
0.666630
0.510334
0.712553
0.582372
1.000000
0.019702
0.529522
0.257726
0.584586
0.334254
1.000000
0.019604
0.614869
0.474350
0.665121
0.551449
1.000000
0.019520
0.606440
0.355358
0.707145
0.511791
1.000000
0.018900
0.588788
0.447718
0.638363
0.521827
1.000000
0.018746
0.720468
0.953893
0.757448
0.994310
1.000000
0.018679
0.572756
0.363336
0.781102
0.638362
1.000000
0.018654
0.679704
0.468467
0.906423
0.743595
1.000000
0.018597
0.500729
0.485549
0.603775
0.643106
1.000000
0.018577
0.658902
0.479341
0.763432
0.620403
1.000000
0.018410
0.416966
0.351713
0.463830
0.422987
1.000000
0.018393
0.759946
0.619357
0.857948
0.727484
1.000000
0.018348
0.440521
0.441978
0.490478
0.517324
1.000000
0.018108
0.584604
0.382416
0.634567
0.456479
1.000000
0.018014
0.004319
0.467678
0.104658
0.607802
1.000000
0.017974
0.484435
0.253283
0.548024
0.332864
1.000000
0.017945
0.639024
0.454330
0.683703
0.525115
1.000000
0.017916
0.666515
0.422291
0.708080
0.485428
1.000000
0.017908
0.768669
0.959457
0.805275
0.997062
1.000000
0.017896
0.964778
0.952455
0.997476
0.996631
1.000000
0.017365
0.820371
0.956849
0.857045
0.995475
1.000000
0.017330
0.638724
0.718183
0.675703
0.762340
1.000000
0.017100
0.011538
0.481011
0.056391
0.545433
1.000000
0.017003
0.615831
0.535780
0.722099
0.686350
1.000000
0.016956
0.716344
0.454202
0.755934
0.515407
1.000000
0.016921
0.361757
0.507942
0.472529
0.661439
1.000000
0.016868
0.438820
0.278035
0.495597
0.362618
1.000000
0.016758
0.317713
0.474355
0.419739
0.611391
1.000000
0.016735
0.534978
0.471015
0.588249
0.555835
1.000000
0.016610
0.404810
0.307261
0.514148
0.469900
1.000000
0.016453
0.662114
0.602707
0.761838
0.726193
1.000000
0.016431
0.506760
0.403699
0.565504
0.489312
1.000000
0.016424
0.002666
0.457558
0.039049
0.518461
1.000000
0.016359
0.566418
0.504641
0.672085
0.653397
1.000000
0.016198
0.717498
0.480321
0.827017
0.619307
1.000000
0.016095
0.764561
0.691736
0.857457
0.800435
1.000000
0.016012
0.512316
0.544688
0.559762
0.613121
1.000000
0.016007
0.416941
0.488057
0.527713
0.648105
1.000000
0.015976
0.473986
0.255295
0.861070
0.789856
1.000000
0.015954
0.525796
0.695619
0.561163
0.744607
1.000000
0.015830
0.721747
0.656339
0.817457
0.770938
1.000000
0.015720
0.483730
0.370823
0.545895
0.454054
1.000000
0.015666
0.685995
0.432118
0.788133
0.562049
1.000000
0.015436
0.771247
0.724692
0.807027
0.766580
1.000000
0.015430
0.792753
0.657122
0.828706
0.700150
1.000000
0.015402
0.245146
0.482182
0.359857
0.619091
1.000000
0.015338
0.769936
0.458295
0.808934
0.514112
1.000000
0.015276
0.741081
0.958113
0.778866
0.997479
1.000000
0.015232
0.742890
0.457443
0.783635
0.514475
1.000000
0.015211
0.819219
0.697457
0.856086
0.740995
1.000000
0.015211
0.870683
0.956678
0.906759
0.995192
1.000000
0.015090
0.768424
0.655125
0.806145
0.701007
1.000000
0.015049
0.791631
0.629573
0.831240
0.676784
1.000000
0.015036
-0.000684
0.547958
0.064773
0.671858
1.000000
0.014999
0.440669
0.515006
0.488727
0.584702
1.000000
0.014988
0.483609
0.471768
0.543726
0.555040
1.000000
0.014964
0.575323
0.250967
0.678266
0.397127
1.000000
0.014879
0.340763
0.483775
0.384343
0.546436
1.000000
0.014778
0.542235
0.627025
0.641734
0.752319
1.000000
0.014771
0.713563
0.577538
0.815131
0.701780
1.000000
0.014701
0.043725
0.365724
0.186249
0.514817
1.000000
0.014697
0.722242
0.916882
0.803525
1.005729
1.000000
0.014674
0.415915
0.449170
0.459491
0.516822
1.000000
0.014626
0.294124
0.341279
0.497088
0.653293
1.000000
0.014624
0.613675
0.714192
0.702208
0.826352
1.000000
0.014607
0.562423
0.508438
0.611008
0.584247
1.000000
0.014576
0.791068
0.460893
0.830102
0.513407
1.000000
0.014523
0.742868
0.516448
0.783601
0.577196
1.000000
0.014496
0.000658
0.620925
0.062374
0.748577
1.000000
0.014282
0.667044
0.653477
0.706173
0.705508
1.000000
0.014257
0.739657
0.624887
0.784307
0.678927
1.000000
0.014255
0.475485
0.437477
0.670758
0.747582
1.000000
0.014254
0.201595
0.536871
0.312405
0.665260
1.000000
0.014199
0.755640
0.536013
0.873459
0.671376
1.000000
0.014171
0.001503
0.513018
0.037317
0.579853
1.000000
0.014035
0.318976
0.380164
0.418975
0.529446
1.000000
0.014010
0.761939
0.438825
0.869653
0.562120
1.000000
0.013961
0.130506
0.449833
0.274723
0.589662
1.000000
0.013914
0.716631
0.514850
0.759426
0.580465
1.000000
0.013882
0.667460
0.584455
0.709855
0.649109
1.000000
0.013864
0.416995
0.410037
0.461932
0.479552
1.000000
0.013792
0.659657
0.686427
0.754138
0.803850
1.000000
0.013749
0.583304
0.318913
0.629799
0.386301
1.000000
0.013735
0.771160
0.929653
0.807501
0.976960
1.000000
0.013638
0.459333
0.302563
0.526230
0.396315
1.000000
0.013614
0.818734
0.659160
0.854895
0.702169
1.000000
0.013592
0.795680
0.958123
0.833661
0.997054
1.000000
0.013590
0.769455
0.696540
0.807627
0.743686
1.000000
0.013580
0.001452
0.691318
0.064203
0.822224
1.000000
0.013528
0.818507
0.488118
0.861068
0.547345
1.000000
0.013499
0.370915
0.253342
0.480411
0.407096
1.000000
0.013475
0.108003
0.458940
0.158759
0.517651
1.000000
0.013434
0.406948
0.679380
0.933789
1.019187
1.000000
0.013430
0.583515
0.678258
0.667683
0.780105
1.000000
0.013417
0.785957
0.479417
0.911870
0.623595
1.000000
0.013375
0.739374
0.591340
0.782212
0.647356
1.000000
0.013344
0.791372
0.489074
0.833132
0.547375
1.000000
0.013297
0.588231
0.511306
0.636474
0.582899
1.000000
0.013230
0.051327
0.538749
0.168359
0.672477
1.000000
0.013227
0.689408
0.483826
0.732808
0.551672
1.000000
0.013093
0.817159
0.447164
1.002306
0.719103
1.000000
0.013075
0.640197
0.665133
0.681011
0.718790
1.000000
0.013015
0.659822
0.695166
0.699715
0.745721
1.000000
0.013009
0.391099
0.483060
0.437309
0.549887
1.000000
0.013005
0.514435
0.586502
0.556225
0.644796
1.000000
0.012846
0.661144
0.723459
0.697530
0.768652
1.000000
0.012769
0.792878
0.593293
0.831226
0.642696
1.000000
0.012768
0.001287
0.616905
0.036948
0.680183
1.000000
0.012759
0.842168
0.957143
0.879673
0.996548
1.000000
0.012676
0.511125
0.224130
0.561021
0.290174
1.000000
0.012566
0.497920
0.609147
0.586427
0.739077
1.000000
0.012507
0.793384
0.725340
0.829374
0.765889
1.000000
0.012472
0.000670
0.355112
0.101758
0.491320
1.000000
0.012444
0.643124
0.584708
0.686011
0.647237
1.000000
0.012418
0.682024
0.911974
0.759642
1.002483
1.000000
0.012415
0.773438
0.797548
0.804870
0.836739
1.000000
0.012322
0.009964
0.314555
0.055626
0.380239
1.000000
0.012278
0.769446
0.428195
0.807003
0.481629
1.000000
0.012245
0.818379
0.627663
0.857177
0.673765
1.000000
0.012236
0.697102
0.954131
0.735904
0.995986
1.000000
0.012217
0.417561
0.284407
0.465201
0.355505
1.000000
0.012125
0.768807
0.517207
0.809278
0.576802
1.000000
0.012122
0.694930
0.427999
0.734333
0.486671
1.000000
0.012084
0.630972
0.274059
0.732503
0.430127
1.000000
0.012042
0.817688
0.726153
0.853901
0.767020
1.000000
0.012040
0.318605
0.551274
0.425084
0.699611
1.000000
0.012034
0.793028
0.697845
0.831373
0.743031
1.000000
0.011974
0.719152
0.549878
0.761988
0.611821
1.000000
0.011969
0.795968
0.928117
0.832430
0.976002
1.000000
0.011966
0.690227
0.621010
0.733732
0.679915
1.000000
0.011928
0.641017
0.391829
0.683056
0.456615
1.000000
0.011812
0.596462
0.667298
0.636741
0.720490
1.000000
0.011810
0.573653
0.553678
0.768225
0.820092
1.000000
0.011790
0.463446
0.549054
0.513413
0.616155
1.000000
0.011726
0.495335
0.617878
0.535708
0.675329
1.000000
0.011715
0.610925
0.352645
0.656127
0.418302
1.000000
0.011678
0.799712
0.912284
0.881241
1.005713
1.000000
0.011618
0.688608
0.829242
0.863117
1.025440
1.000000
0.011483
0.042572
0.461734
0.086867
0.515294
1.000000
0.011455
0.715818
0.324106
0.943298
0.620321
1.000000
0.011440
0.611567
0.317063
0.655917
0.382002
1.000000
0.011298
0.791160
0.427579
0.830514
0.481452
1.000000
0.011293
0.417116
0.197153
0.528046
0.356152
1.000000
0.011230
0.867417
0.823732
0.990687
1.008317
1.000000
0.011198
0.844538
0.907022
0.931671
1.006959
1.000000
0.011116
0.614152
0.583205
0.660072
0.648999
1.000000
0.011051
0.161588
0.585288
0.268420
0.702438
1.000000
0.011046
0.225034
0.424834
0.336345
0.557229
1.000000
0.011023
0.521241
0.657664
0.558409
0.710724
1.000000
0.010995
0.720378
0.725178
0.753983
0.768144
1.000000
0.010965
0.766662
0.590652
0.807842
0.644155
1.000000
0.010961
0.768806
0.551056
0.810083
0.609069
1.000000
0.010916
0.962676
0.488154
0.999392
0.553445
1.000000
0.010873
0.416129
0.516553
0.459941
0.579163
1.000000
0.010866
0.612031
0.250286
0.657038
0.314928
1.000000
0.010853
0.019086
0.570354
0.112776
0.711254
1.000000
0.010841
0.840844
0.488812
0.884243
0.549398
1.000000
0.010827
0.558679
0.220370
0.606609
0.287705
1.000000
0.010826
0.720424
0.650963
0.758703
0.700617
1.000000
0.010807
0.458829
0.405311
0.519419
0.490135
1.000000
0.010738
0.817795
0.425982
0.856124
0.479323
1.000000
0.010719
0.763708
0.360873
0.863395
0.494808
1.000000
0.010668
0.603757
0.713343
0.640419
0.760285
1.000000
0.010606
0.565128
0.584482
0.610079
0.647944
1.000000
0.010522
0.791824
0.553703
0.832277
0.609387
1.000000
0.010496
0.394711
0.416053
0.439066
0.483735
1.000000
0.010494
0.892098
0.956582
0.929238
0.995618
1.000000
0.010464
0.819039
0.593494
0.858085
0.642939
1.000000
0.010453
0.516559
0.619112
0.558031
0.678893
1.000000
0.010451
0.796897
0.800098
0.827911
0.837284
1.000000
0.010425
0.536755
0.587760
0.579892
0.647134
1.000000
0.010420
0.813305
0.609301
0.922175
0.727263
1.000000
0.010401
0.001020
0.425494
0.036625
0.486295
1.000000
0.010368
0.963031
0.819832
0.996244
0.879033
1.000000
0.010349
0.090202
0.480620
0.136501
0.540245
1.000000
0.010287
0.670584
0.748795
0.759854
0.875948
1.000000
0.010280
0.530693
0.153195
0.633868
0.298082
1.000000
0.010278
0.571612
0.694025
0.609720
0.742092
1.000000
0.010245
0.666603
0.354796
0.705415
0.415311
1.000000
0.010238
0.088935
0.624118
0.132388
0.678704
1.000000
0.010231
0.818792
0.765656
0.853686
0.804649
1.000000
0.010225
0.341664
0.590116
0.383125
0.650130
1.000000
0.010224
0.000862
0.282405
0.085371
0.409404
1.000000
0.010221
0.364227
0.453147
0.409567
0.518978
1.000000
0.010210
0.720920
0.725157
0.815164
0.848135
1.000000
0.010208
0.770961
0.764550
0.805439
0.805338
1.000000
0.010194
0.671320
0.957749
0.706974
0.996122
1.000000
0.010173
0.942570
0.927243
0.985483
0.985429
1.000000
0.010126
0.726550
0.795357
0.755553
0.834304
1.000000
0.010069
0.738749
0.929629
0.776540
0.979537
1.000000
0.010051
0.207569
0.355175
0.317934
0.489402
1.000000
0.010035
0.743388
0.427272
0.782908
0.483128
1.000000
0.010031
0.748672
0.796821
0.778318
0.834518
1.000000
0.010012
0.239436
0.586409
0.283709
0.642532
