1.000000
0.989375
0.391673
0.365527
0.575604
0.720890
1.000000
0.058921
0.729057
0.521016
0.999086
1.122607
1.000000
0.030764
0.029376
0.421679
0.508559
1.040429
1.000000
0.029564
0.726664
0.469664
0.965254
0.731104
1.000000
0.025768
-0.002144
0.836910
0.124199
0.995656
1.000000
0.025291
0.819270
0.952704
0.862208
0.995261
1.000000
0.022596
-0.000259
0.434613
0.182516
0.673913
1.000000
0.020950
0.863712
0.951095
0.906828
0.994494
1.000000
0.020271
0.012090
0.479319
0.061005
0.548063
1.000000
0.019542
0.965237
0.953893
0.997857
0.996883
1.000000
0.018736
0.451086
0.594483
0.563526
0.769620
1.000000
0.018620
0.356377
0.245031
0.601871
0.537052
1.000000
0.017811
0.520462
0.339992
0.619481
0.501075
1.000000
0.017779
0.584857
0.913687
0.635309
0.982768
1.000000
0.017574
0.821236
0.860897
0.860969
0.910733
1.000000
0.017503
0.617872
0.419770
0.725433
0.559249
1.000000
0.016825
0.660850
0.458225
0.770671
0.596889
1.000000
0.016220
0.915169
0.671839
0.999486
0.803763
1.000000
0.016070
0.566251
0.947669
0.614449
0.998519
1.000000
0.016015
0.635866
0.677399
0.735236
0.812029
1.000000
0.015834
0.265921
0.484561
0.373943
0.641334
1.000000
0.015738
0.768498
0.956506
0.810339
0.999581
1.000000
0.015592
0.782914
0.533319
0.907430
0.679505
1.000000
0.015283
0.486858
0.398915
0.602469
0.582294
1.000000
0.015144
-0.001143
0.587694
0.065715
0.703752
1.000000
0.015029
0.794409
0.954121
0.839908
0.998327
1.000000
0.014923
0.482411
0.673887
0.541417
0.754877
1.000000
0.014795
0.199592
0.800130
0.300175
0.939302
1.000000
0.014778
0.655781
0.753310
0.753147
0.891019
1.000000
0.014671
0.815334
0.720563
0.858593
0.773057
1.000000
0.014645
0.965393
0.753836
0.997990
0.809186
1.000000
0.014578
0.319723
0.336571
0.426751
0.497490
1.000000
0.014546
0.484956
0.568386
0.539823
0.654809
1.000000
0.014502
0.110880
0.464679
0.160794
0.522023
1.000000
0.014393
0.127502
0.448777
0.263081
0.585841
1.000000
0.014338
0.524097
0.488598
0.626156
0.672028
1.000000
0.014310
0.255486
0.288864
0.472508
0.592217
1.000000
0.014251
0.686671
0.682891
0.736414
0.747229
1.000000
0.014106
0.002041
0.455954
0.042243
0.521281
1.000000
0.014007
0.711195
0.491790
0.821848
0.632459
1.000000
0.013985
0.169686
0.956449
0.207991
0.997884
1.000000
0.013959
0.591897
0.471913
0.699036
0.630165
1.000000
0.013922
0.841988
0.937258
0.883154
0.985153
1.000000
0.013896
0.810525
0.689797
0.913428
0.810460
1.000000
0.013839
0.538788
0.411680
0.588116
0.486306
1.000000
0.013815
0.619394
0.551865
0.833596
0.824666
1.000000
0.013795
0.662669
0.626426
0.759553
0.746127
1.000000
0.013739
0.611422
0.948321
0.657069
0.998856
1.000000
0.013586
0.884909
0.519177
0.999156
0.695596
1.000000
0.013578
0.001900
0.512376
0.040050
0.580420
1.000000
0.013574
-0.005839
0.349912
0.098789
0.494081
1.000000
0.013571
0.708811
0.428023
0.814174
0.555113
1.000000
0.013537
0.886755
0.953508
0.928913
0.995800
1.000000
0.013497
0.568834
0.826733
0.667365
0.965092
1.000000
0.013487
0.269136
0.378302
0.374482
0.533772
1.000000
0.013454
0.213671
0.948663
0.260115
0.998402
1.000000
0.013448
0.338919
0.251051
0.474800
0.417332
1.000000
0.013429
0.565433
0.447867
0.605146
0.514586
1.000000
0.013396
0.711618
0.678190
0.811925
0.805589
1.000000
0.013348
0.657140
0.880741
0.755099
0.999199
1.000000
0.013329
-0.001126
0.502200
0.079076
0.629737
1.000000
0.013278
0.967299
0.823734
0.998165
0.876805
1.000000
0.013211
0.963954
0.719837
0.997536
0.777863
1.000000
0.013203
0.743331
0.518034
0.784167
0.576325
1.000000
0.013187
0.347956
0.467952
0.713632
1.020488
1.000000
0.013161
0.786804
0.585379
0.834429
0.647195
1.000000
0.013071
0.558562
0.670237
0.666296
0.820668
1.000000
0.012957
0.863007
0.608484
1.010297
0.900868
1.000000
0.012927
0.789794
0.456461
0.828908
0.510290
1.000000
0.012914
0.062461
0.357047
0.197647
0.504928
1.000000
0.012870
0.664912
0.529848
0.779205
0.675334
1.000000
0.012861
0.530826
0.907672
0.619750
1.004739
1.000000
0.012841
0.638197
0.952370
0.683452
1.002277
1.000000
0.012832
0.505551
0.637914
0.561096
0.721942
1.000000
0.012699
0.714206
0.953871
0.756907
0.999844
1.000000
0.012661
0.001503
0.728990
0.069548
0.853471
1.000000
0.012633
0.471208
0.151128
0.714851
0.483658
1.000000
0.012577
0.613861
0.854733
0.660351
0.922267
1.000000
0.012569
0.507229
0.708693
0.558609
0.775977
1.000000
0.012540
0.605948
0.785993
0.707132
0.929413
1.000000
0.012521
0.803176
0.916200
0.884176
1.002881
1.000000
0.012492
0.558109
0.407713
0.660331
0.561244
1.000000
0.012490
0.535504
0.643211
0.582808
0.714370
1.000000
0.012431
0.234053
0.475157
0.447287
0.763758
1.000000
0.012336
0.965385
0.790133
0.997766
0.845109
1.000000
0.012304
0.788226
0.520729
0.830521
0.579586
1.000000
0.012256
0.692746
0.518292
0.732346
0.575260
1.000000
0.012244
0.001558
0.663743
0.065754
0.780697
1.000000
0.012224
0.667539
0.448410
0.709523
0.512852
1.000000
0.012198
0.506080
0.362888
0.718337
0.646416
1.000000
0.012183
0.528268
0.595455
0.628306
0.760615
1.000000
0.012174
0.204200
0.453364
0.320562
0.591341
1.000000
0.012160
0.216279
0.725063
0.260808
0.780950
1.000000
0.012133
0.243099
0.718280
0.341339
0.857409
1.000000
0.012133
0.484012
0.253910
0.607030
0.415333
1.000000
0.012106
0.310896
0.603410
0.425551
0.755840
1.000000
0.012073
0.670368
0.484672
0.712192
0.549572
1.000000
0.011999
0.534120
0.578905
0.582434
0.652223
1.000000
0.011998
0.765650
0.662042
0.868971
0.784366
1.000000
0.011982
0.668201
0.660492
0.712007
0.718554
1.000000
0.011914
0.605814
0.902642
0.697828
1.006689
1.000000
0.011895
0.089582
0.953776
0.131667
0.997878
1.000000
0.011868
0.842073
0.487566
0.884096
0.546336
1.000000
0.011851
0.814310
0.463841
0.941375
0.609809
1.000000
0.011833
0.753913
0.915217
0.841817
1.006505
1.000000
0.011812
0.962902
0.687795
0.996479
0.745214
1.000000
0.011812
0.192491
0.692147
0.291584
0.820191
1.000000
0.011787
0.789417
0.489309
0.830471
0.546334
1.000000
0.011743
0.862070
0.835639
0.991073
1.011302
1.000000
0.011710
0.641755
0.714488
0.689303
0.779532
1.000000
0.011696
0.814971
0.589461
0.861231
0.649166
1.000000
0.011680
0.568822
0.855216
0.613343
0.915971
1.000000
0.011673
0.571253
0.887662
0.616999
0.953164
1.000000
0.011671
0.032359
0.320807
0.278676
0.605498
1.000000
0.011657
0.664190
0.952779
0.707658
1.001399
1.000000
0.011588
0.691993
0.447688
0.733149
0.509857
1.000000
0.011574
0.540432
0.950889
0.589389
1.001575
1.000000
0.011567
0.216199
0.756467
0.260997
0.814451
1.000000
0.011527
0.719802
0.520256
0.759294
0.577621
1.000000
0.011483
0.538759
0.745397
0.640473
0.890742
1.000000
0.011473
0.086341
0.484839
0.337282
0.781624
1.000000
0.011472
0.916283
0.957881
0.954399
0.997009
1.000000
0.011443
0.473882
0.906263
0.565073
1.007321
1.000000
0.011438
0.142543
0.957506
0.183127
0.999373
1.000000
0.011360
0.717639
0.450279
0.756319
0.510367
1.000000
0.011352
0.715971
0.583824
0.760725
0.647606
1.000000
0.011294
0.643752
0.657363
0.688667
0.714939
1.000000
0.011291
0.715256
0.754037
0.807692
0.881594
1.000000
0.011237
0.188107
0.449276
0.237131
0.511704
1.000000
0.011232
0.589317
0.249074
0.950187
0.782465
1.000000
0.011211
0.917047
0.752962
1.000521
0.882728
1.000000
0.011208
0.818271
0.659001
0.860350
0.710330
1.000000
0.011194
0.743735
0.453826
0.784173
0.513020
1.000000
0.011180
0.742911
0.958221
0.785696
1.001910
1.000000
0.011135
0.279294
0.679582
0.393854
0.826969
1.000000
0.011105
0.646086
0.451942
0.685924
0.512924
1.000000
0.011097
0.968243
0.890742
0.997897
0.942779
1.000000
0.011061
0.171474
0.394946
0.284416
0.528116
1.000000
0.011039
0.000233
0.618602
0.036116
0.680884
1.000000
0.011014
0.243180
0.723116
0.287921
0.780656
1.000000
0.011013
0.616649
0.453651
0.659105
0.516238
1.000000
0.010988
0.789936
0.425975
0.829803
0.480816
1.000000
0.010970
0.967365
0.858401
0.997865
0.910947
1.000000
0.010925
0.767449
0.718867
0.810490
0.774980
1.000000
0.010889
0.209233
0.543514
0.323611
0.681650
1.000000
0.010866
0.612942
0.568966
0.719602
0.711244
1.000000
0.010861
0.785812
0.430402
0.892898
0.553746
1.000000
0.010849
0.116010
0.957737
0.154796
0.997674
1.000000
0.010836
0.559956
0.387348
0.602769
0.456910
1.000000
0.010807
0.658227
0.372096
0.760709
0.505717
1.000000
0.010777
0.120210
0.916391
0.201271
1.006654
1.000000
0.010725
0.097248
-0.011171
0.540592
0.701027
1.000000
0.010723
0.060592
0.733005
0.151248
0.856013
1.000000
0.010699
0.167730
0.758195
0.206276
0.809407
1.000000
0.010641
0.818668
0.488742
0.860209
0.544543
1.000000
0.010633
0.738339
0.685648
0.783471
0.742761
1.000000
0.010619
0.458137
0.744782
0.562201
0.883450
1.000000
0.010595
0.114806
0.612262
0.217524
0.735191
1.000000
0.010583
0.941023
0.928460
0.985381
0.985613
1.000000
0.010542
0.535928
0.510764
0.583435
0.585112
1.000000
0.010538
0.191381
0.626071
0.402274
0.931349
1.000000
0.010401
0.815972
0.754203
0.856831
0.802590
1.000000
0.010401
0.532634
0.340714
0.588868
0.422289
1.000000
0.010389
0.093134
0.482277
0.142444
0.543101
1.000000
0.010382
0.518265
0.952487
0.561960
0.998292
1.000000
0.010356
0.839221
0.722715
0.881255
0.772549
1.000000
0.010339
0.618418
0.485843
0.660856
0.550976
1.000000
0.010328
0.155774
0.367403
0.377833
0.650053
1.000000
0.010325
0.716091
0.662478
0.758834
0.716572
1.000000
0.010273
0.793932
0.810830
0.882011
0.923715
1.000000
0.010227
0.691610
0.584096
0.735680
0.646746
1.000000
0.010227
0.615352
0.821275
0.659771
0.882823
1.000000
0.010227
0.818556
0.833370
0.859385
0.884395
1.000000
0.010166
0.768032
0.615054
0.813050
0.671094
1.000000
0.010163
0.865265
0.724048
0.906272
0.772862
1.000000
0.010152
0.215974
0.820769
0.262237
0.883267
1.000000
0.010152
0.092545
0.759906
0.132201
0.813919
1.000000
0.010152
0.053934
0.571296
0.170332
0.707244
1.000000
0.010051
0.961944
0.485335
0.998847
0.551947
1.000000
0.010047
0.441951
0.715676
0.485789
0.777823
1.000000
0.010046
0.713536
0.756152
0.756842
0.817138
1.000000
0.010037
0.741086
0.584475
0.787299
0.647773
1.000000
0.010032
0.817014
0.458607
0.857598
0.513399
