1.000000
0.520930
0.436400
0.380220
0.650867
0.710695
1.000000
0.054275
0.489002
0.361743
0.923336
0.950031
1.000000
0.051074
0.569536
0.525063
0.663445
0.676448
1.000000
0.046119
0.612243
0.572852
0.656448
0.647421
1.000000
0.045237
0.435649
0.403066
0.535900
0.566916
1.000000
0.044681
0.725689
0.510841
1.005559
1.123270
1.000000
0.035994
0.192831
0.390895
0.647250
0.988666
1.000000
0.028198
0.595509
0.607383
0.639781
0.675241
1.000000
0.027280
0.005310
0.431548
0.180668
0.672860
1.000000
0.026596
0.638487
0.522769
0.679372
0.584123
1.000000
0.025737
0.619356
0.516467
0.713523
0.656966
1.000000
0.025371
0.814923
0.949752
0.861189
0.996336
1.000000
0.025070
0.538659
0.405909
0.658333
0.583139
1.000000
0.024738
0.616060
0.529689
0.659033
0.598283
1.000000
0.024401
0.002633
0.303013
0.402158
0.867173
1.000000
0.023887
0.013191
0.479126
0.062830
0.547504
1.000000
0.023881
0.592627
0.349117
0.707353
0.505754
1.000000
0.022026
0.641263
0.492032
0.681678
0.551271
1.000000
0.021136
0.592729
0.643048
0.633102
0.701578
1.000000
0.020984
0.582546
0.902159
0.634085
0.970890
1.000000
0.020903
0.453742
0.586940
0.574954
0.761628
1.000000
0.020622
0.561339
0.869189
0.667996
0.980338
1.000000
0.020565
0.660325
0.519269
0.700456
0.579402
1.000000
0.020211
0.601999
0.588121
0.699129
0.733643
1.000000
0.020179
0.683988
0.487343
0.784411
0.623721
1.000000
0.020010
0.653602
0.907387
0.755763
1.001065
1.000000
0.019498
0.472954
0.302357
0.616563
0.495738
1.000000
0.019182
0.613488
0.451869
0.658951
0.518550
1.000000
0.019089
0.637046
0.911104
0.691594
0.981718
1.000000
0.018975
0.662456
0.451167
0.703823
0.514452
1.000000
0.018756
0.534958
0.476526
0.729808
0.744432
1.000000
0.018720
0.653833
0.415236
0.753780
0.555018
1.000000
0.018343
0.616955
0.487789
0.658577
0.550875
1.000000
0.018269
0.710230
0.950995
0.758816
1.000550
1.000000
0.018092
0.964383
0.952931
0.998285
0.998009
1.000000
0.017913
0.541696
0.450784
0.588304
0.518777
1.000000
0.017611
0.767053
0.953003
0.813176
0.998896
1.000000
0.017518
0.659465
0.581973
0.701915
0.645997
1.000000
0.017452
0.480649
0.447675
0.531038
0.520296
1.000000
0.017333
0.911097
0.675267
1.001349
0.813927
1.000000
0.017161
0.718870
0.517548
0.760489
0.578772
1.000000
0.017002
0.507968
0.544126
0.627267
0.722021
1.000000
0.016984
0.864332
0.952409
0.907612
0.996519
1.000000
0.016816
0.693499
0.449383
0.733937
0.510274
1.000000
0.016506
0.662102
0.414272
0.705750
0.482042
1.000000
0.016184
0.004499
0.843360
0.146792
1.016416
1.000000
0.016129
0.856822
0.610352
1.010970
0.901811
1.000000
0.015934
-0.001556
0.500980
0.080513
0.632296
1.000000
0.015896
0.516571
0.951797
0.559907
0.997032
1.000000
0.015752
0.611453
0.948581
0.660666
0.999991
1.000000
0.015724
0.573798
0.615062
0.616581
0.678391
1.000000
0.015709
0.566636
0.947525
0.613555
0.997714
1.000000
0.015708
0.515034
0.451637
0.560651
0.520811
1.000000
0.015655
0.591363
0.484040
0.636474
0.550764
1.000000
0.015578
0.638059
0.649224
0.681403
0.708304
1.000000
0.015564
0.065711
0.948050
0.108884
0.996520
1.000000
0.015560
0.713621
0.421731
0.753955
0.481962
1.000000
0.015522
0.688263
0.518197
0.730647
0.578700
1.000000
0.015503
-0.001864
0.584449
0.065455
0.707915
1.000000
0.015482
0.418936
0.511775
0.534440
0.708512
1.000000
0.015359
0.778106
0.917420
0.866975
1.003853
1.000000
0.015227
0.712593
0.914884
0.815250
1.007407
1.000000
0.015156
0.659460
0.944298
0.711108
0.999239
1.000000
0.015100
0.569912
0.648394
0.612210
0.709751
1.000000
0.015056
0.784608
0.687679
0.884615
0.815010
1.000000
0.015053
0.001596
0.511966
0.040152
0.580450
1.000000
0.014870
0.512556
0.687285
0.558362
0.748510
1.000000
0.014701
0.539138
0.627702
0.641362
0.772563
1.000000
0.014629
0.544091
0.582617
0.586879
0.646542
1.000000
0.014585
0.570605
0.549631
0.614265
0.619310
1.000000
0.014538
0.221733
0.724033
0.317384
0.852657
1.000000
0.014401
0.715358
0.421951
0.814435
0.557903
1.000000
0.014262
0.594907
0.832104
0.794736
1.016232
1.000000
0.014200
0.623064
0.539841
0.832927
0.823544
1.000000
0.014176
0.366748
0.606887
0.471596
0.754042
1.000000
0.014160
0.308785
0.531268
0.414429
0.683264
1.000000
0.014077
0.637801
0.379972
0.691397
0.457608
1.000000
0.014068
0.567772
0.301318
0.809519
0.619348
1.000000
0.014067
0.660008
0.684333
0.761415
0.814915
1.000000
0.014055
0.001508
0.455651
0.043642
0.521810
1.000000
0.013937
0.417878
0.658866
0.526605
0.809212
1.000000
0.013899
0.655926
0.753206
0.757095
0.884649
1.000000
0.013848
0.525239
0.897726
0.622162
1.002986
1.000000
0.013744
0.134537
0.451282
0.263443
0.582476
1.000000
0.013614
0.053438
0.563383
0.165731
0.703160
1.000000
0.013522
0.466191
0.686934
0.515222
0.751858
1.000000
0.013488
0.740105
0.955098
0.786724
1.001595
1.000000
0.013479
0.543342
0.651396
0.587598
0.714768
1.000000
0.013476
0.488382
0.714715
0.538267
0.782141
1.000000
0.013420
0.540884
0.951643
0.588414
1.000992
1.000000
0.013351
0.788212
0.490675
0.902956
0.638942
1.000000
0.013348
0.716778
0.682145
0.817722
0.811638
1.000000
0.013333
0.963713
0.751302
0.998823
0.811488
1.000000
0.013278
0.491650
0.582493
0.536908
0.647300
1.000000
0.013095
0.662407
0.613205
0.763902
0.743317
1.000000
0.012977
0.726354
0.439317
0.962750
0.743518
1.000000
0.012955
0.515912
0.652168
0.559987
0.715824
1.000000
0.012935
0.791436
0.454821
0.829902
0.510404
1.000000
0.012927
0.037674
0.466318
0.084697
0.523061
1.000000
0.012915
0.456949
0.800549
0.644916
1.007058
1.000000
0.012914
0.663286
0.654552
0.705963
0.712460
1.000000
0.012849
0.604119
0.710985
0.713716
0.857661
1.000000
0.012806
-0.002960
0.354784
0.099257
0.502537
1.000000
0.012759
0.589357
0.683878
0.630429
0.740918
1.000000
0.012753
0.769114
0.792740
0.810958
0.845899
1.000000
0.012659
0.792696
0.522514
0.829938
0.578042
1.000000
0.012609
0.262511
0.491206
0.369367
0.638434
1.000000
0.012575
0.679883
0.356545
0.780244
0.495088
1.000000
0.012555
0.770842
0.423230
0.810896
0.480674
1.000000
0.012538
0.012677
0.942722
0.059193
0.995362
1.000000
0.012484
0.000090
0.617821
0.036218
0.682124
1.000000
0.012469
0.338710
0.675552
0.443888
0.824483
1.000000
0.012455
0.538536
0.264642
0.667147
0.421021
1.000000
0.012446
0.111374
0.464085
0.160119
0.521786
1.000000
0.012441
0.813390
0.689878
0.858430
0.747690
1.000000
0.012408
0.687528
0.390124
0.731971
0.454583
1.000000
0.012392
0.478087
0.907178
0.570262
1.003155
1.000000
0.012323
0.583366
0.417305
0.636670
0.491272
1.000000
0.012301
0.439694
0.647164
0.488171
0.715470
1.000000
0.012295
0.061493
0.485986
0.110439
0.548577
1.000000
0.012264
0.784607
0.424938
0.888566
0.554901
1.000000
0.012256
0.765848
0.758747
0.809063
0.815006
1.000000
0.012203
0.963192
0.684311
0.997863
0.746411
1.000000
0.012178
0.716952
0.685020
0.761683
0.745438
1.000000
0.012161
0.766035
0.687243
0.810730
0.745526
1.000000
0.012122
0.767341
0.520731
0.805653
0.579891
1.000000
0.012120
0.368932
0.468966
0.468755
0.628752
1.000000
0.012119
0.000589
0.723494
0.068176
0.854957
1.000000
0.012113
0.206029
0.464274
0.315980
0.594511
1.000000
0.012109
0.412249
0.295213
0.530529
0.467737
1.000000
0.012106
0.739078
0.492724
0.838541
0.629610
1.000000
0.012068
0.588054
0.715358
0.631705
0.774048
1.000000
0.011998
0.817925
0.587986
0.858454
0.646045
1.000000
0.011997
0.065496
0.384875
0.317623
0.643958
1.000000
0.011969
0.967473
0.824097
0.999505
0.880051
1.000000
0.011963
0.212456
0.542510
0.318988
0.680629
1.000000
0.011887
0.742235
0.492049
0.782195
0.553502
1.000000
0.011863
0.111952
0.618898
0.212589
0.746859
1.000000
0.011817
0.743945
0.454815
0.783550
0.513138
1.000000
0.011804
0.488264
0.508162
0.534352
0.580455
1.000000
0.011801
0.792435
0.487652
0.830875
0.544307
1.000000
0.011795
0.512868
0.384618
0.563142
0.461165
1.000000
0.011791
0.543969
0.514542
0.588220
0.583103
1.000000
0.011748
0.687944
0.720436
0.733995
0.781075
1.000000
0.011715
0.713231
0.788043
0.755729
0.844603
1.000000
0.011710
0.816275
0.756147
0.858106
0.808359
1.000000
0.011651
0.898271
0.528950
0.998321
0.695669
1.000000
0.011636
0.088594
0.584789
0.133522
0.645143
1.000000
0.011614
0.563855
0.477223
0.610657
0.548510
1.000000
0.011614
0.961226
0.583623
0.996923
0.650250
1.000000
0.011592
0.562076
0.390345
0.613250
0.467501
1.000000
0.011480
0.888318
0.952193
0.933458
0.997580
1.000000
0.011452
0.769158
0.486730
0.808479
0.547981
1.000000
0.011438
0.117728
0.695179
0.206243
0.815759
1.000000
0.011436
0.445138
0.717324
0.489135
0.778899
1.000000
0.011436
0.713156
0.755017
0.757123
0.813776
1.000000
0.011436
0.768624
0.821863
0.811834
0.879193
1.000000
0.011420
0.218599
0.757058
0.262861
0.817973
1.000000
0.011404
0.817293
0.860959
0.858457
0.912514
1.000000
0.011343
0.390856
0.650287
0.435387
0.713620
1.000000
0.011293
0.543985
0.617010
0.588838
0.681472
1.000000
0.011285
0.632611
0.609360
0.675132
0.671322
1.000000
0.011270
0.717595
0.550485
0.759548
0.614533
1.000000
0.011244
0.905201
0.909099
0.990987
1.003173
1.000000
0.011224
0.263333
0.686910
0.365302
0.820879
1.000000
0.011211
0.088457
0.483754
0.138621
0.546548
1.000000
0.011176
0.737520
0.845214
0.910200
1.036379
1.000000
0.011168
0.792991
0.587589
0.833698
0.645609
1.000000
0.011163
0.722603
0.757681
0.819276
0.883705
1.000000
0.011150
0.758733
0.356939
0.860557
0.495410
1.000000
0.011112
0.613234
0.682670
0.655524
0.741207
1.000000
0.011077
0.539538
0.714247
0.585982
0.774792
1.000000
0.011036
0.470408
0.748644
0.513225
0.807926
1.000000
0.011000
0.610734
0.384022
0.662074
0.459859
1.000000
0.010879
0.690946
0.820745
0.737340
0.880259
1.000000
0.010856
0.609499
0.316459
0.661334
0.390443
1.000000
0.010825
0.081963
0.925603
0.126616
0.987465
1.000000
0.010824
0.768487
0.584514
0.809328
0.646672
1.000000
0.010773
0.114668
0.957414
0.153494
0.999083
1.000000
0.010729
0.166733
0.690204
0.210833
0.749626
1.000000
0.010673
0.690382
0.656999
0.733077
0.712095
1.000000
0.010653
0.438476
0.583686
0.484822
0.652857
1.000000
0.010643
0.088311
0.396100
0.223907
0.539521
1.000000
0.010627
0.688636
0.857035
0.734887
0.917599
1.000000
0.010609
0.507734
0.707479
0.620656
0.850385
1.000000
0.010578
0.915039
0.955130
0.956158
0.997711
1.000000
0.010482
0.741436
0.583566
0.783545
0.645015
1.000000
0.010482
0.490854
0.617813
0.537687
0.683182
1.000000
0.010468
0.189371
0.453935
0.236881
0.514845
1.000000
0.010429
0.516127
0.511984
0.559558
0.581090
1.000000
0.010427
0.636714
0.859659
0.686181
0.922519
1.000000
0.010415
0.783394
0.801284
0.880297
0.923298
1.000000
0.010391
0.965022
0.786552
0.999238
0.845672
1.000000
0.010335
0.814657
0.828479
0.856984
0.882469
1.000000
0.010334
0.419450
0.717915
0.461143
0.777036
1.000000
0.010330
0.660563
0.356583
0.705701
0.424864
1.000000
0.010318
0.762580
0.621687
0.866290
0.751743
1.000000
0.010295
0.638981
0.716475
0.686561
0.778268
1.000000
0.010291
0.031119
0.531951
0.225281
0.836114
1.000000
0.010259
0.165535
0.691175
0.255454
0.811875
1.000000
0.010252
0.124227
0.547482
0.236223
0.678513
1.000000
0.010199
0.417256
0.683201
0.462647
0.746562
1.000000
0.010195
0.713084
0.697630
0.914744
0.958697
1.000000
0.010184
0.713492
0.569059
0.815641
0.706985
1.000000
0.010166
0.461435
0.348441
0.511256
0.427119
1.000000
0.010143
0.010646
0.421650
0.057947
0.487846
1.000000
0.010134
0.966596
0.889128
0.997895
0.944244
1.000000
0.010115
0.486772
0.345412
0.541056
0.428215
1.000000
0.010051
0.664051
0.683371
0.709124
0.746223
1.000000
0.010041
0.060476
0.653188
0.162581
0.786134
1.000000
0.010023
0.561154
0.343469
0.613894
0.424721
