1.000000
0.972670
0.390813
0.334182
0.574095
0.628220
1.000000
0.056405
0.356009
0.407877
0.410541
0.495118
1.000000
0.048901
0.662455
0.385085
1.004385
0.983827
1.000000
0.046576
0.353607
0.319007
0.696293
0.879789
1.000000
0.035118
0.348810
0.376802
0.450157
0.537437
1.000000
0.031969
0.006161
0.838454
0.144186
1.015121
1.000000
0.027801
0.410418
0.545582
0.542030
0.725195
1.000000
0.026376
0.008871
0.371424
0.392881
0.881114
1.000000
0.025894
0.374684
0.291082
0.511523
0.477955
1.000000
0.025435
0.005948
0.434548
0.187502
0.669496
1.000000
0.024125
0.820029
0.951369
0.861204
0.993855
1.000000
0.020790
0.011395
0.480163
0.059254
0.549364
1.000000
0.020221
0.964972
0.951716
0.998280
0.996900
1.000000
0.018071
0.864958
0.950354
0.907204
0.993896
1.000000
0.016861
0.699887
0.528003
0.822955
0.676037
1.000000
0.016800
0.509869
0.350944
0.559607
0.428759
1.000000
0.016746
0.641371
0.484085
0.766390
0.624566
1.000000
0.016637
0.303993
0.528904
0.416054
0.678154
1.000000
0.016454
0.301760
0.441201
0.526408
0.748092
1.000000
0.016434
0.463758
0.294822
0.582808
0.463658
1.000000
0.016416
0.491524
0.438643
0.594300
0.622614
1.000000
0.016179
0.767817
0.955904
0.808170
0.998081
1.000000
0.016168
0.610742
0.420815
0.720806
0.551730
1.000000
0.016165
0.410690
0.347026
0.463679
0.426736
1.000000
0.015923
0.511817
0.497706
0.562612
0.581272
1.000000
0.015913
0.512922
0.337263
0.619214
0.517759
1.000000
0.015809
0.911302
0.671963
0.999956
0.809782
1.000000
0.015604
0.511030
0.466122
0.744527
0.780135
1.000000
0.015599
0.485181
0.319395
0.540867
0.394844
1.000000
0.015494
0.388504
0.318342
0.440483
0.395255
1.000000
0.015384
0.116871
0.445127
0.263896
0.589681
1.000000
0.015070
0.436057
0.318110
0.492691
0.394425
1.000000
0.014971
0.001702
0.510771
0.040065
0.580541
1.000000
0.014558
0.796115
0.953889
0.839997
0.997915
1.000000
0.014509
0.965085
0.753456
0.998565
0.810665
1.000000
0.014492
0.533073
0.415467
0.579464
0.495618
1.000000
0.014352
0.815990
0.695047
0.858940
0.747655
1.000000
0.014108
0.671024
0.517259
0.713026
0.577444
1.000000
0.014055
0.457623
0.605170
0.519893
0.691198
1.000000
0.014036
0.001284
0.453960
0.041945
0.522402
1.000000
0.013912
0.809641
0.689958
0.908687
0.811199
1.000000
0.013810
0.109045
0.460366
0.163506
0.521272
1.000000
0.013723
0.318720
0.672975
0.792344
1.019100
1.000000
0.013602
0.564375
0.467507
0.670584
0.625226
1.000000
0.013589
0.168185
0.396335
0.283619
0.529819
1.000000
0.013541
0.940748
0.922883
0.987299
0.984791
1.000000
0.013507
0.790152
0.453841
0.830864
0.508999
1.000000
0.013411
0.561680
0.512209
0.607141
0.586413
1.000000
0.013376
0.822819
0.473653
1.003296
0.781649
1.000000
0.013368
0.670855
0.908124
0.758049
1.007640
1.000000
0.013332
0.776336
0.513574
0.910359
0.669548
1.000000
0.013302
0.681725
0.427527
0.794208
0.555769
1.000000
0.013272
0.362920
0.353961
0.410435
0.431814
1.000000
0.013242
0.965646
0.824020
0.998327
0.879966
1.000000
0.013172
0.493776
0.565351
0.605079
0.733164
1.000000
0.013092
0.456986
0.679663
0.513294
0.752949
1.000000
0.013054
0.485894
0.293389
0.703860
0.589329
1.000000
0.013015
0.819011
0.753995
0.858366
0.801913
1.000000
0.012999
0.962539
0.582457
0.997582
0.646783
1.000000
0.012979
0.411949
0.612084
0.473711
0.689476
1.000000
0.012949
0.757064
0.398220
0.861745
0.516186
1.000000
0.012934
0.963441
0.719379
0.998270
0.780153
1.000000
0.012930
0.483584
0.581371
0.539940
0.662316
1.000000
0.012873
0.240669
0.530569
0.355584
0.675294
1.000000
0.012774
-0.004092
0.372495
0.069879
0.494777
1.000000
0.012647
0.460176
0.345540
0.516456
0.424517
1.000000
0.012598
-0.001451
0.808601
0.073253
0.943704
1.000000
0.012586
-0.000785
0.499121
0.078370
0.628112
1.000000
0.012527
0.962373
0.687533
0.996828
0.746492
1.000000
0.012487
0.693519
0.519992
0.735529
0.576657
1.000000
0.012463
0.964947
0.789504
0.998566
0.846833
1.000000
0.012404
0.657351
0.745786
0.749494
0.886150
1.000000
0.012332
0.737862
0.521422
0.782832
0.581593
1.000000
0.012317
0.195294
0.724750
0.293937
0.872129
1.000000
0.012267
0.046818
0.364326
0.186863
0.514570
1.000000
0.012234
0.640863
0.515629
0.684593
0.578535
1.000000
0.012233
-0.001232
0.586145
0.066300
0.704565
1.000000
0.012131
0.887176
0.952203
0.930046
0.996150
1.000000
0.012127
0.613308
0.907221
0.708757
1.010843
1.000000
0.012103
0.583600
0.348583
0.687539
0.503082
1.000000
0.012101
0.667968
0.422793
0.710140
0.482979
1.000000
0.012086
0.781193
0.907671
0.868230
1.003887
1.000000
0.012059
0.842115
0.486596
0.883723
0.546240
1.000000
0.012029
0.150052
0.789807
0.243985
0.924631
1.000000
0.011985
0.320310
0.298023
0.426921
0.461669
1.000000
0.011920
0.616635
0.484222
0.661851
0.553247
1.000000
0.011903
0.965312
0.857039
0.997669
0.912850
1.000000
0.011893
0.790598
0.489262
0.831315
0.545083
1.000000
0.011839
0.186439
0.449325
0.237113
0.512945
1.000000
0.011753
0.630911
0.681186
0.731814
0.825373
1.000000
0.011744
0.362121
0.583098
0.408312
0.646931
1.000000
0.011630
0.820024
0.488711
0.861894
0.544297
1.000000
0.011599
0.786192
0.591841
0.830080
0.649192
1.000000
0.011577
0.966425
0.889549
0.997718
0.945443
1.000000
0.011554
0.110295
0.612217
0.216188
0.740990
1.000000
0.011553
0.232601
0.683299
0.348677
0.840250
1.000000
0.011546
0.716758
0.956887
0.757440
0.999826
1.000000
0.011543
0.383704
0.387302
0.434735
0.461113
1.000000
0.011522
0.914359
0.757793
1.001272
0.893233
1.000000
0.011475
0.795726
0.721114
0.837368
0.772749
1.000000
0.011464
0.434640
0.649009
0.538527
0.784091
1.000000
0.011446
0.789065
0.520322
0.831033
0.576575
1.000000
0.011415
0.389870
0.582082
0.439901
0.649504
1.000000
0.011410
0.901758
0.875865
0.992251
0.995741
1.000000
0.011400
0.841277
0.935258
0.883201
0.985190
1.000000
0.011376
0.444112
0.709186
0.492325
0.768997
1.000000
0.011367
0.556042
0.248980
0.664020
0.398949
1.000000
0.011293
0.823568
0.861461
0.860460
0.909367
1.000000
0.011267
0.305126
0.606889
0.424823
0.757562
1.000000
0.011245
0.643789
0.448460
0.686469
0.511706
1.000000
0.011232
0.812209
0.435262
0.925732
0.560763
1.000000
0.011132
0.767956
0.721102
0.809449
0.776276
1.000000
0.011099
0.764163
0.522263
0.807879
0.580828
1.000000
0.011089
0.744414
0.956499
0.785417
1.000033
1.000000
0.011084
0.486439
0.374139
0.546364
0.458382
1.000000
0.011074
0.538192
0.580595
0.584745
0.649826
1.000000
0.011001
0.364291
0.616870
0.410165
0.679217
1.000000
0.010940
0.053434
0.566422
0.174379
0.710994
1.000000
0.010909
0.812138
0.615405
0.918729
0.741241
1.000000
0.010905
0.717001
0.583332
0.763570
0.648623
1.000000
0.010831
0.201877
0.452958
0.319407
0.592449
1.000000
0.010827
0.460422
0.287312
0.511882
0.355915
1.000000
0.010775
0.639826
0.656725
0.685471
0.715896
1.000000
0.010774
0.817580
0.662521
0.857861
0.711627
1.000000
0.010762
0.614514
0.577063
0.723908
0.717161
1.000000
0.010650
0.729638
0.910732
0.816858
1.007084
1.000000
0.010648
0.559145
0.616665
0.665124
0.767273
1.000000
0.010647
0.001172
0.727987
0.074433
0.857749
1.000000
0.010644
0.640992
0.585082
0.685220
0.645880
1.000000
0.010622
0.866622
0.692249
0.908007
0.742801
1.000000
0.010597
0.412227
0.284390
0.463630
0.356010
1.000000
0.010583
0.769186
0.425181
0.810203
0.479913
1.000000
0.010583
0.460276
0.546264
0.516223
0.626510
1.000000
0.010558
0.723974
0.467374
0.839630
0.603762
1.000000
0.010548
0.817094
0.456683
0.859946
0.513289
1.000000
0.010544
0.742511
0.453020
0.784370
0.511040
1.000000
0.010479
0.666445
0.584630
0.709460
0.645283
1.000000
0.010459
0.117791
0.218329
0.348853
0.550715
1.000000
0.010354
0.700475
0.318460
0.934929
0.600288
1.000000
0.010351
0.140932
0.546167
0.265962
0.689184
1.000000
0.010298
0.618195
0.537680
0.841579
0.822035
1.000000
0.010297
0.837067
0.723163
0.879509
0.775495
1.000000
0.010269
0.915851
0.538073
1.002308
0.683969
1.000000
0.010261
0.818715
0.519446
0.861679
0.575621
1.000000
0.010231
0.817954
0.621245
0.859555
0.671171
1.000000
0.010199
0.914832
0.956205
0.954344
0.997427
1.000000
0.010159
0.865370
0.721743
0.907100
0.774283
1.000000
0.010083
0.503779
0.608234
0.555875
0.687667
1.000000
0.010079
0.000704
0.385983
0.038590
0.453359
1.000000
0.010079
0.768180
0.690881
0.810180
0.746066
1.000000
0.010037
0.812922
0.425492
0.855562
0.480516
1.000000
0.010019
0.037714
0.484736
0.088703
0.547976
