1.000000
0.064449
0.219897
0.345716
0.742267
0.960561
1.000000
0.041319
0.384098
0.410167
0.589392
0.676548
1.000000
0.033468
0.021408
0.372561
0.447839
1.058381
1.000000
0.031494
0.706361
0.525172
1.011697
1.136112
1.000000
0.026407
0.413763
0.253030
0.613953
0.504142
1.000000
0.021130
0.315831
0.474152
0.421652
0.622268
1.000000
0.020270
0.527279
0.510496
0.632089
0.659050
1.000000
0.020167
0.005714
0.420523
0.258499
0.695327
1.000000
0.019935
0.616451
0.548778
0.713932
0.693534
1.000000
0.019790
0.717796
0.456406
0.757182
0.516360
1.000000
0.019671
0.759604
0.623567
0.856344
0.729648
1.000000
0.019062
0.491507
0.394486
0.605001
0.580027
1.000000
0.019045
0.718914
0.953795
0.757585
0.994734
1.000000
0.019011
0.673381
0.619021
0.712267
0.679281
1.000000
0.018942
0.819003
0.955089
0.856020
0.994919
1.000000
0.018899
0.363775
0.401222
0.476939
0.559195
1.000000
0.018763
0.642717
0.725334
0.677049
0.771514
1.000000
0.018674
0.710990
0.438229
0.809626
0.556308
1.000000
0.018594
0.768934
0.957742
0.806489
0.996414
1.000000
0.018464
0.642504
0.480930
0.743151
0.622512
1.000000
0.018393
0.713012
0.543354
0.816062
0.676462
1.000000
0.018259
0.668393
0.514713
0.709788
0.580304
1.000000
0.018149
0.594552
0.725404
0.631840
0.775622
1.000000
0.017985
0.792669
0.630995
0.831153
0.675974
1.000000
0.017924
0.256761
0.484796
0.361667
0.623198
1.000000
0.017571
0.965502
0.952875
0.997369
0.996482
1.000000
0.017531
0.454258
0.510364
0.564418
0.649230
1.000000
0.017424
0.619127
0.419830
0.718629
0.553186
1.000000
0.017193
0.669170
0.601158
0.761548
0.722707
1.000000
0.017091
0.740714
0.628019
0.783148
0.679259
1.000000
0.016870
0.673691
0.474073
0.894144
0.745793
1.000000
0.016547
0.359936
0.544822
0.478966
0.688818
1.000000
0.016372
0.793536
0.655594
0.829733
0.698830
1.000000
0.016283
0.617567
0.694431
0.656368
0.747027
1.000000
0.016249
0.741871
0.957749
0.780407
0.997540
1.000000
0.016180
0.644596
0.588611
0.684366
0.648540
1.000000
0.016139
0.740218
0.459280
0.781176
0.515077
1.000000
0.016099
0.615938
0.687441
0.697901
0.800323
1.000000
0.016002
0.513589
0.340888
0.736338
0.668466
1.000000
0.015982
0.550873
0.688036
0.639941
0.809122
1.000000
0.015898
0.723651
0.658018
0.815329
0.772433
1.000000
0.015888
0.569123
0.614798
0.665223
0.748892
1.000000
0.015798
0.574878
0.725461
0.611357
0.776324
1.000000
0.015792
0.533987
0.508697
0.584480
0.583619
1.000000
0.015645
0.011293
0.477875
0.058159
0.546142
1.000000
0.015496
0.666712
0.453024
0.710105
0.517498
1.000000
0.015350
0.816918
0.629152
0.855293
0.673127
1.000000
0.015273
0.718124
0.626295
0.759268
0.680457
1.000000
0.015248
0.768334
0.457089
0.807354
0.510898
1.000000
0.015200
0.769386
0.725436
0.806519
0.768788
1.000000
0.015131
0.720983
0.513714
0.760590
0.575822
1.000000
0.015023
0.642076
0.510896
0.686207
0.578477
1.000000
0.014971
0.761503
0.693545
0.855505
0.804752
1.000000
0.014944
0.692762
0.516612
0.731646
0.576507
1.000000
0.014870
0.872298
0.957581
0.906526
0.995545
1.000000
0.014801
0.298227
0.127310
0.641666
0.615659
1.000000
0.014789
0.767881
0.629669
0.807712
0.677256
1.000000
0.014741
0.367073
0.249788
0.506135
0.422853
1.000000
0.014695
0.783727
0.543271
0.888963
0.667775
1.000000
0.014681
0.663675
0.691054
0.756185
0.813534
1.000000
0.014589
0.641080
0.453280
0.683901
0.516877
1.000000
0.014575
0.819673
0.695122
0.856866
0.739491
1.000000
0.014482
0.587652
0.481087
0.688305
0.629722
1.000000
0.014429
0.663922
0.727261
0.700475
0.777045
1.000000
0.014427
0.795016
0.956255
0.833549
0.996603
1.000000
0.014364
0.004141
0.463594
0.108439
0.612027
1.000000
0.014319
0.694594
0.646285
0.730654
0.695869
1.000000
0.014241
0.664863
0.755080
0.701848
0.805896
1.000000
0.014135
0.536073
0.333250
0.594071
0.428120
1.000000
0.014125
0.565011
0.413456
0.662395
0.566521
1.000000
0.014042
0.703609
0.917042
0.783067
1.002618
1.000000
0.014032
0.694882
0.951669
0.736567
0.995577
1.000000
0.013937
0.792739
0.521379
0.830310
0.574427
1.000000
0.013927
0.817296
0.658094
0.854383
0.701783
1.000000
0.013666
0.039323
0.401585
0.193500
0.551554
1.000000
0.013617
0.645382
0.752880
0.682586
0.804509
1.000000
0.013596
0.002356
0.455671
0.040555
0.520365
1.000000
0.013575
0.388494
0.509516
0.435398
0.576149
1.000000
0.013559
0.791389
0.460123
0.830175
0.511237
1.000000
0.013538
0.643174
0.654912
0.682970
0.714670
1.000000
0.013516
0.210470
0.543527
0.311783
0.671369
1.000000
0.013516
0.814442
0.623842
0.913882
0.734102
1.000000
0.013288
-0.000520
0.818311
0.130978
1.003113
1.000000
0.013242
0.794191
0.598573
0.830681
0.644997
1.000000
0.013152
0.819242
0.488308
0.860670
0.545461
1.000000
0.013145
0.771278
0.929118
0.808164
0.978300
1.000000
0.013122
0.639561
0.695986
0.677400
0.748627
1.000000
0.013070
0.772109
0.913309
0.858302
1.006946
1.000000
0.013027
0.741845
0.594634
0.781651
0.646452
1.000000
0.013017
0.124834
0.446701
0.269346
0.588926
1.000000
0.012986
0.216082
0.351103
0.433051
0.652562
1.000000
0.012970
0.001243
0.617631
0.064525
0.756600
1.000000
0.012953
0.758522
0.481122
0.873269
0.615224
1.000000
0.012926
0.768153
0.696821
0.806653
0.744322
1.000000
0.012868
0.669804
0.549657
0.710350
0.614188
1.000000
0.012867
0.738553
0.487286
0.779493
0.547596
1.000000
0.012864
0.191426
0.959410
0.230722
0.997410
1.000000
0.012745
0.792407
0.491357
0.832850
0.547502
1.000000
0.012715
0.962019
0.652225
0.996800
0.713613
1.000000
0.012681
0.546320
0.330340
0.648917
0.502117
1.000000
0.012641
0.818714
0.767189
0.854321
0.807296
1.000000
0.012590
0.442722
0.584157
0.489923
0.644875
1.000000
0.012583
0.720902
0.723671
0.755725
0.769457
1.000000
0.012561
-0.000488
0.359321
0.103519
0.499959
1.000000
0.012527
0.172001
0.959187
0.208500
0.995917
1.000000
0.012521
0.483344
0.564244
0.587384
0.707541
1.000000
0.012507
0.691231
0.595439
0.729450
0.652658
1.000000
0.012455
0.769134
0.519654
0.807611
0.574962
1.000000
0.012419
0.438985
0.514246
0.497579
0.590249
1.000000
0.012388
0.544866
0.247175
0.976003
0.822152
1.000000
0.012347
0.615224
0.655648
0.657221
0.719268
1.000000
0.012331
0.842241
0.957807
0.878446
0.996883
1.000000
0.012306
0.368677
0.484635
0.413514
0.548394
1.000000
0.012284
0.721605
0.549591
0.761219
0.608215
1.000000
0.012283
0.817730
0.727171
0.854120
0.769111
1.000000
0.012222
0.502677
0.538483
0.558444
0.614547
1.000000
0.012192
0.791591
0.727304
0.828445
0.769143
1.000000
0.012123
0.664259
0.692115
0.702393
0.744858
1.000000
0.012068
0.867101
0.826026
0.990204
1.006446
1.000000
0.011996
0.289851
0.415384
0.394930
0.561298
1.000000
0.011990
0.694988
0.483009
0.736880
0.546966
1.000000
0.011962
0.062666
-0.015759
0.529951
0.745698
1.000000
0.011925
0.109293
0.456506
0.160378
0.516290
1.000000
0.011895
0.293172
0.544556
0.397829
0.687284
1.000000
0.011893
0.618889
0.747470
0.707414
0.871609
1.000000
0.011850
0.001472
0.511024
0.037843
0.580350
1.000000
0.011841
0.819748
0.597482
0.856666
0.643419
1.000000
0.011831
0.895670
0.469873
1.001075
0.622058
1.000000
0.011796
0.959436
0.484971
0.998573
0.554689
1.000000
0.011785
0.534226
0.281405
0.591661
0.368037
1.000000
0.011769
0.669928
0.952615
0.710065
0.995185
1.000000
0.011736
0.612580
0.508961
0.658700
0.580004
1.000000
0.011708
0.342921
0.509747
0.387563
0.575294
1.000000
0.011641
0.768269
0.487183
0.808645
0.545883
1.000000
0.011485
0.465403
0.574154
0.516529
0.638840
1.000000
0.011469
0.496948
0.680582
0.583970
0.809326
1.000000
0.011466
0.517245
0.721081
0.554649
0.773527
1.000000
0.011462
0.792234
0.695363
0.831238
0.741718
1.000000
0.011443
0.566391
0.579613
0.613669
0.650631
1.000000
0.011425
0.768819
0.426795
0.807667
0.481036
1.000000
0.011414
0.773962
0.798339
0.806194
0.839350
1.000000
0.011410
0.963675
0.818700
0.996115
0.879788
1.000000
0.011394
0.746986
0.723243
0.784019
0.767019
1.000000
0.011379
0.215909
0.960603
0.253810
0.998011
1.000000
0.011344
0.720761
0.725080
0.816353
0.848279
1.000000
0.011290
0.613218
0.584871
0.656992
0.651780
1.000000
0.011280
0.441280
0.597468
0.540078
0.740232
1.000000
0.011269
0.414907
0.513444
0.463776
0.582272
1.000000
0.011234
-0.000142
0.542247
0.065914
0.678014
1.000000
0.011127
0.774653
0.828200
0.806314
0.869888
1.000000
0.011114
0.818268
0.519328
0.858933
0.575309
1.000000
0.011087
0.771156
0.762348
0.806518
0.804928
1.000000
0.011041
0.434954
0.340805
0.494700
0.426137
1.000000
0.011037
0.545481
0.723177
0.584833
0.775299
1.000000
0.010938
0.810766
0.461183
0.933274
0.594137
1.000000
0.010894
0.893044
0.956827
0.929368
0.996099
1.000000
0.010832
0.051149
0.532048
0.170919
0.674340
1.000000
0.010787
0.411312
0.450537
0.460584
0.521378
1.000000
0.010737
0.691760
0.832818
0.865880
1.025914
1.000000
0.010711
0.719032
0.591429
0.759704
0.649004
1.000000
0.010707
0.962809
0.687059
0.996765
0.746610
1.000000
0.010689
0.643640
0.552408
0.685294
0.617251
1.000000
0.010680
0.819528
0.555834
0.858837
0.607771
1.000000
0.010646
0.692113
0.725868
0.728449
0.772691
1.000000
0.010645
0.667199
0.405003
0.766685
0.533396
1.000000
0.010640
0.768173
0.595956
0.806154
0.644858
1.000000
0.010590
0.287172
0.517633
0.332594
0.584092
1.000000
0.010541
0.668315
0.790582
0.761172
0.919342
1.000000
0.010525
0.315757
0.336641
0.430028
0.499024
1.000000
0.010517
0.723509
0.795300
0.754904
0.837969
1.000000
0.010432
0.793551
0.554557
0.831533
0.606238
1.000000
0.010396
0.846065
0.906866
0.932879
1.008433
1.000000
0.010392
0.425780
0.529272
0.636177
0.819992
1.000000
0.010389
0.816398
0.691157
0.908851
0.804354
1.000000
0.010382
0.915517
0.611770
0.995763
0.741255
1.000000
0.010366
0.390439
0.583542
0.435187
0.643691
1.000000
0.010330
0.796351
0.799922
0.828767
0.839357
1.000000
0.010295
0.242937
0.652945
0.280134
0.699771
1.000000
0.010278
0.588006
0.787240
0.682319
0.921072
1.000000
0.010233
0.873957
0.927671
0.909458
0.979169
1.000000
0.010217
0.408805
0.375938
0.464471
0.456807
1.000000
0.010210
0.841006
0.486418
0.883805
0.546265
1.000000
0.010198
0.668454
0.786694
0.702776
0.835551
1.000000
0.010180
0.409136
0.277318
0.468466
0.362528
1.000000
0.010166
0.867956
0.695848
0.906088
0.741084
1.000000
0.010149
0.000507
0.708517
0.064457
0.844676
1.000000
0.010135
0.963629
0.587548
0.997575
0.648628
1.000000
0.010117
0.337432
0.606427
0.441390
0.744310
1.000000
0.010108
0.941948
0.620805
0.989157
0.685701
1.000000
0.010106
0.844969
0.696636
0.881051
0.739813
1.000000
0.010101
0.614461
0.451902
0.661640
0.523597
1.000000
0.010087
0.510009
0.225664
0.628080
0.395696
1.000000
0.010078
0.194961
0.424120
0.316708
0.562720
1.000000
0.010078
0.653826
0.911554
0.737067
1.001823
1.000000
0.010023
0.768704
0.553028
0.807231
0.606452
1.000000
0.010016
0.471178
0.654440
0.508829
0.705830
1.000000
0.010003
0.573078
0.537005
0.771181
0.819287
1.000000
0.010000
0.744782
0.693927
0.784271
0.742770
