1.000000
0.983789
0.524882
0.292811
0.750970
0.627037
1.000000
0.095514
0.043674
0.607826
0.372139
1.079138
1.000000
0.041106
0.632715
0.251004
0.744071
0.407879
1.000000
0.030919
0.632103
0.345358
0.756695
0.538151
1.000000
0.028547
0.123609
0.588948
0.245321
0.748037
1.000000
0.028519
0.244726
0.651135
0.711594
1.018388
1.000000
0.028497
0.816814
0.873346
0.861346
0.947570
1.000000
0.027892
0.409166
0.357415
0.778840
0.902978
1.000000
0.027642
0.683004
0.378284
0.741211
0.460673
1.000000
0.027395
0.665141
0.276502
0.720349
0.356862
1.000000
0.026755
0.023815
0.707570
0.116356
0.836066
1.000000
0.026719
0.072781
0.584679
0.177236
0.726816
1.000000
0.025314
0.751953
0.738974
0.994411
1.017641
1.000000
0.024391
0.938264
0.944658
0.987154
0.998028
1.000000
0.024119
0.012321
0.945202
0.063115
0.995687
1.000000
0.022921
0.057395
0.715553
0.107454
0.785474
1.000000
0.022086
0.110753
0.616288
0.163600
0.692122
1.000000
0.021213
0.032215
0.669172
0.217749
0.932075
1.000000
0.020562
0.684335
0.301729
0.738271
0.379380
1.000000
0.020288
0.959553
0.919402
0.998289
0.987298
1.000000
0.019935
0.862209
0.949413
0.907193
0.998163
1.000000
0.019782
0.058958
0.954316
0.107843
0.998491
1.000000
0.019581
0.161637
0.584961
0.216417
0.656754
1.000000
0.019445
0.907856
0.885403
0.993554
0.992519
1.000000
0.019353
0.012415
0.230775
0.277128
0.755875
1.000000
0.019131
0.930209
0.252355
0.997331
0.379245
1.000000
0.019097
0.637697
0.314773
0.691064
0.389491
1.000000
0.018954
0.501622
0.579212
0.640126
0.762538
1.000000
0.018577
0.616773
0.278977
0.663413
0.349753
1.000000
0.018415
0.588435
0.151621
0.773832
0.473201
1.000000
0.018227
0.965659
0.816805
0.998661
0.881324
1.000000
0.018226
0.565412
0.255087
0.687700
0.439314
1.000000
0.017892
0.159508
0.954158
0.207817
0.999536
1.000000
0.017750
0.194228
0.586480
0.295456
0.726926
1.000000
0.017710
0.246193
0.683082
0.348261
0.831893
1.000000
0.017397
0.564897
0.947028
0.609022
0.993992
1.000000
0.017318
0.012414
0.743356
0.064646
0.816574
1.000000
0.017202
0.652806
0.677696
0.867406
0.971587
1.000000
0.017076
0.069662
0.618405
0.112954
0.683518
1.000000
0.017030
0.963359
0.884207
0.997975
0.949256
1.000000
0.016899
0.115388
0.956838
0.161619
0.998769
1.000000
0.016497
0.613374
0.321814
0.662141
0.391255
1.000000
0.016326
0.389022
0.094452
0.494963
0.250870
1.000000
0.016238
0.929277
0.400455
1.000146
0.576001
1.000000
0.016169
0.864351
0.097424
1.004914
0.385756
1.000000
0.016088
0.682070
0.433453
0.739208
0.518552
1.000000
0.016072
0.209392
0.097585
0.309597
0.248871
1.000000
0.016015
0.642607
0.383845
0.691811
0.453012
1.000000
0.015856
0.027438
0.618870
0.125330
0.765034
1.000000
0.015766
0.564267
0.281151
0.607835
0.346653
1.000000
0.015741
0.089200
0.554119
0.132669
0.613035
1.000000
0.015712
0.665580
0.002749
0.708329
0.049891
1.000000
0.015702
0.765942
0.956564
0.808405
1.002156
1.000000
0.015675
0.689973
0.292866
0.894276
0.595093
1.000000
0.015582
0.090841
0.642932
0.140375
0.713249
1.000000
0.015561
0.834192
0.915882
0.881355
0.980874
1.000000
0.015518
0.888661
0.920971
0.940226
0.987728
1.000000
0.015430
0.784864
0.828426
0.874061
0.962861
1.000000
0.015363
-0.001356
0.662831
0.068195
0.774962
1.000000
0.015294
0.088768
0.587105
0.135330
0.655229
1.000000
0.015239
0.913526
0.947831
0.960068
0.998388
1.000000
0.015194
0.637733
0.252162
0.688457
0.327321
1.000000
0.015163
0.001132
0.719532
0.037770
0.784455
1.000000
0.015122
0.264357
0.618401
0.307860
0.684655
1.000000
0.015002
0.043745
0.898596
0.162598
1.002649
1.000000
0.014944
0.638251
0.159391
0.740807
0.300343
1.000000
0.014936
0.267559
0.716318
0.312293
0.782039
1.000000
0.014862
0.209521
0.587043
0.258710
0.658343
1.000000
0.014825
0.129083
0.891936
0.229655
0.997860
1.000000
0.014790
0.576282
0.766982
0.775840
1.019409
1.000000
0.014705
0.686427
0.282222
0.792576
0.431973
1.000000
0.014649
0.728294
-0.008224
0.950380
0.227403
1.000000
0.014608
0.168452
0.658396
0.277177
0.816589
1.000000
0.014542
0.843099
0.902194
0.928801
1.003391
1.000000
0.014482
0.115488
0.101783
0.219245
0.256321
1.000000
0.014469
0.963888
0.188272
0.998575
0.251959
1.000000
0.014457
0.639711
0.003377
0.682891
0.050797
1.000000
0.014414
0.689459
0.060273
0.795632
0.209370
1.000000
0.014345
0.818774
0.945158
0.862695
0.997362
1.000000
0.014248
0.001505
0.784892
0.037153
0.844462
1.000000
0.014151
0.519595
0.957325
0.558969
0.996955
1.000000
0.014125
0.818667
0.289346
0.859106
0.348003
1.000000
0.014039
0.064745
0.497905
0.157329
0.641019
1.000000
0.013968
0.594297
0.284416
0.638426
0.350317
1.000000
0.013918
0.692440
0.005582
0.735468
0.051191
1.000000
0.013845
0.237652
0.617098
0.285596
0.688647
1.000000
0.013782
0.185043
0.609826
0.242853
0.690012
1.000000
0.013720
0.567926
0.151708
0.611090
0.209987
1.000000
0.013686
0.062904
0.210961
0.157949
0.346644
1.000000
0.013670
0.820392
0.270587
0.912006
0.399872
1.000000
0.013648
0.086756
0.957761
0.134546
1.000110
1.000000
0.013595
0.963057
0.115362
0.998474
0.179382
1.000000
0.013567
0.417827
0.116004
0.459266
0.176421
1.000000
0.013491
0.541471
0.320003
0.588337
0.389457
1.000000
0.013450
0.714109
0.901069
0.806021
1.007333
1.000000
0.013436
0.002709
0.322388
0.033540
0.379155
1.000000
0.013396
0.961968
0.310597
0.997714
0.384151
1.000000
0.013375
0.665733
0.222978
0.710586
0.284820
1.000000
0.013372
0.001470
0.893221
0.035510
0.949768
1.000000
0.013302
0.786693
0.351020
0.881972
0.496545
1.000000
0.013266
0.468420
0.214235
0.563265
0.351679
1.000000
0.013266
0.490453
0.115853
0.591586
0.249163
1.000000
0.013157
0.310855
0.098396
0.419357
0.252838
1.000000
0.013050
0.533792
0.910879
0.614607
1.002700
1.000000
0.012929
0.763413
0.228269
0.862171
0.349022
1.000000
0.012871
0.240419
0.715233
0.284642
0.778857
1.000000
0.012844
0.001666
0.771420
0.087685
0.901763
1.000000
0.012838
0.706716
0.355502
0.755446
0.430558
1.000000
0.012808
0.155158
0.643991
0.214831
0.724575
1.000000
0.012804
0.144539
0.186181
0.182094
0.241420
1.000000
0.012803
0.139344
0.556572
0.186853
0.620047
1.000000
0.012736
0.311067
0.652259
0.429644
0.815100
1.000000
0.012728
0.473061
0.293749
0.573711
0.453931
1.000000
0.012705
0.056992
-0.010986
0.571076
0.792047
1.000000
0.012646
0.716625
0.119101
0.761069
0.177500
1.000000
0.012630
0.663123
0.354351
0.715751
0.430354
1.000000
0.012610
0.589594
0.127531
0.631207
0.184669
1.000000
0.012570
0.085352
0.018732
0.284181
0.366790
1.000000
0.012514
0.962432
0.445340
0.998454
0.522582
1.000000
0.012447
0.737139
0.319679
0.780485
0.383989
1.000000
0.012447
0.722595
0.369216
0.827373
0.532705
1.000000
0.012355
0.320466
0.550721
0.551213
0.884511
1.000000
0.012354
0.062912
0.283363
0.158406
0.425938
1.000000
0.012322
0.710150
0.052539
0.759102
0.112485
1.000000
0.012309
0.609252
0.021953
0.656489
0.085985
1.000000
0.012256
0.057773
0.122902
0.160103
0.275682
1.000000
0.012197
0.964940
0.384226
0.999144
0.458837
1.000000
0.012150
0.138697
0.926024
0.190227
0.987454
1.000000
0.012144
0.005042
0.579237
0.086675
0.717318
1.000000
0.012122
0.210136
0.642603
0.260613
0.721403
1.000000
0.012109
0.633342
0.442413
0.686399
0.521336
1.000000
0.012078
0.412723
0.214510
0.510324
0.347717
1.000000
0.012032
0.793263
0.951962
0.837904
1.001940
1.000000
0.011955
0.491813
0.956635
0.532103
0.997445
1.000000
0.011933
0.169599
0.185661
0.209016
0.244136
1.000000
0.011923
0.394711
0.119838
0.434375
0.178692
1.000000
0.011871
0.003223
0.252321
0.035067
0.310916
1.000000
0.011860
0.170179
0.210589
0.264321
0.341138
1.000000
0.011816
0.917732
0.252108
0.962625
0.321026
1.000000
0.011807
0.713894
0.951919
0.758153
0.999697
1.000000
0.011776
0.119144
0.257267
0.155586
0.308551
1.000000
0.011772
0.546927
0.255066
0.588626
0.318572
1.000000
0.011771
0.058678
0.779634
0.163418
0.916384
1.000000
0.011744
0.063336
0.781024
0.109043
0.839877
1.000000
0.011715
0.010435
0.649732
0.055576
0.714627
1.000000
0.011710
0.965027
0.151194
0.999104
0.210882
1.000000
0.011697
0.156509
0.513160
0.358507
0.820470
1.000000
0.011691
0.843459
0.290159
0.882437
0.348349
1.000000
0.011689
0.266743
0.752465
0.313325
0.820660
1.000000
0.011667
0.966553
0.751092
0.999132
0.818664
1.000000
0.011667
0.467638
0.953672
0.507583
0.995390
1.000000
0.011661
0.517776
0.121814
0.558877
0.177767
1.000000
0.011648
0.715940
0.004781
0.763841
0.054317
1.000000
0.011646
0.929537
0.165676
1.002748
0.296820
1.000000
0.011641
0.165129
0.130510
0.263691
0.272952
1.000000
0.011604
0.065457
0.410853
0.158762
0.564842
1.000000
0.011527
0.525933
0.225939
0.621403
0.371227
1.000000
0.011525
0.440562
0.116875
0.482069
0.176897
1.000000
0.011467
0.814755
0.829097
0.860042
0.897171
1.000000
0.011443
0.514965
0.536465
0.921300
1.083557
1.000000
0.011441
0.467028
0.654495
0.585008
0.811433
1.000000
0.011441
0.384323
0.612785
0.496347
0.767361
1.000000
0.011425
0.616441
0.228198
0.661481
0.292254
1.000000
0.011409
0.590551
0.347085
0.639350
0.417568
1.000000
0.011399
0.844089
0.217154
0.940587
0.349549
1.000000
0.011384
0.113621
0.672618
0.166028
0.750134
1.000000
0.011358
0.536506
0.071628
0.638770
0.212930
1.000000
0.011339
0.665999
0.120725
0.707984
0.178005
1.000000
0.011317
0.002242
0.450938
0.036302
0.515701
1.000000
0.011317
0.315220
0.684388
0.361825
0.752647
1.000000
0.011311
0.213822
0.711321
0.259014
0.778475
1.000000
0.011252
0.742023
0.257146
0.781966
0.311445
1.000000
0.011234
0.668224
0.189173
0.710928
0.249016
1.000000
0.011231
0.369733
0.120322
0.407648
0.177858
1.000000
0.011211
0.665544
0.437414
0.778467
0.621572
1.000000
0.011209
0.560326
0.149758
0.656700
0.278507
1.000000
0.011203
0.001598
0.285635
0.033123
0.342947
1.000000
0.011193
0.662969
0.401224
0.718968
0.482416
1.000000
0.011158
0.267269
0.221321
0.362085
0.346123
1.000000
0.011153
0.714280
0.224647
0.755228
0.278240
1.000000
0.011147
0.110502
0.492091
0.212452
0.653630
1.000000
0.011112
0.000983
0.581804
0.035656
0.647918
1.000000
0.011067
0.291694
0.716588
0.336831
0.781379
1.000000
0.011062
0.961639
0.615265
0.996448
0.684496
1.000000
0.011021
0.515366
0.354200
0.557763
0.418822
1.000000
0.010993
0.741070
0.955045
0.786280
1.002330
1.000000
0.010986
0.292915
0.121309
0.331518
0.179763
1.000000
0.010986
0.940253
0.307140
1.003406
0.459802
1.000000
0.010983
0.709449
0.259445
0.751525
0.319994
1.000000
0.010954
0.144210
0.256693
0.180085
0.307098
1.000000
0.010948
0.698951
0.004457
0.794840
0.104369
1.000000
0.010946
0.518527
0.154579
0.560697
0.210428
1.000000
0.010941
0.017355
0.479998
0.111397
0.633776
1.000000
0.010935
0.262490
0.587877
0.360058
0.734590
1.000000
0.010911
0.171871
0.219273
0.208364
0.271469
1.000000
0.010894
0.111985
0.820249
0.217009
0.956843
1.000000
0.010881
0.516787
0.224186
0.554782
0.277366
1.000000
0.010874
0.192408
0.186130
0.231894
0.243885
1.000000
0.010857
0.664994
0.155124
0.707995
0.212379
1.000000
0.010847
0.620064
0.081899
0.716278
0.212545
1.000000
0.010844
0.342312
0.118422
0.381373
0.176698
1.000000
0.010841
0.693876
0.024717
0.741758
0.087542
1.000000
0.010831
0.419552
0.258366
0.457072
0.310610
1.000000
0.010795
0.000817
0.817841
0.034519
0.872336
1.000000
0.010783
0.015180
0.351289
0.055478
0.412320
1.000000
0.010740
0.917521
0.190781
0.960849
0.251116
1.000000
0.010730
0.467462
0.189465
0.505938
0.245359
1.000000
0.010729
0.615134
0.955110
0.656745
0.998723
1.000000
0.010726
0.731670
0.749130
0.832524
0.906735
1.000000
0.010718
0.236016
0.774701
0.349526
0.926410
1.000000
0.010653
0.791630
0.258957
0.830421
0.313668
1.000000
0.010644
0.092708
0.255030
0.130384
0.307910
1.000000
0.010641
0.220395
0.220969
0.257347
0.273617
1.000000
0.010637
0.850862
0.009784
0.985570
0.185817
1.000000
0.010622
0.001391
0.857223
0.033953
0.911367
1.000000
0.010595
0.394993
0.257271
0.432202
0.308913
1.000000
0.010589
0.267189
0.121238
0.305352
0.179641
1.000000
0.010585
0.461729
0.884849
0.562497
0.998839
1.000000
0.010583
0.469826
0.222374
0.506682
0.273184
1.000000
0.010575
-0.004061
0.285044
0.061996
0.408813
1.000000
0.010573
0.009868
0.552792
0.049942
0.616654
1.000000
0.010568
0.788383
0.436588
0.886289
0.600849
1.000000
0.010566
0.240812
0.754823
0.286340
0.819626
1.000000
0.010559
0.289941
0.654663
0.333505
0.717367
1.000000
0.010467
-0.002727
0.205811
0.063154
0.331960
1.000000
0.010463
0.421047
0.223197
0.457889
0.273068
1.000000
0.010453
0.668313
0.086552
0.711962
0.142682
1.000000
0.010443
0.086501
0.681852
0.134531
0.752555
1.000000
0.010410
0.719238
0.151639
0.762293
0.207522
1.000000
0.010381
0.767468
0.258652
0.806512
0.313618
1.000000
0.010371
0.338991
-0.003831
0.545561
0.235640
1.000000
0.010369
0.738237
0.169118
1.003338
0.791646
1.000000
0.010356
-0.002702
0.424529
0.059680
0.542873
1.000000
0.010348
0.319269
0.117016
0.358065
0.175393
1.000000
0.010341
0.960534
0.004416
0.998666
0.056571
1.000000
0.010299
0.144916
0.220535
0.181575
0.272725
1.000000
0.010284
0.874935
0.600871
1.011088
0.931018
1.000000
0.010276
0.947394
0.857794
0.989287
0.919552
1.000000
0.010210
0.765768
0.124591
0.806572
0.177333
1.000000
0.010201
0.218461
0.956244
0.263234
0.999881
1.000000
0.010200
0.818638
0.259536
0.857726
0.315802
1.000000
0.010194
0.119468
0.289527
0.156249
0.341691
1.000000
0.010191
0.171897
0.257887
0.208157
0.309956
1.000000
0.010190
0.587823
0.005582
0.636516
0.056948
1.000000
0.010184
0.518002
0.186692
0.558933
0.244568
1.000000
0.010180
0.967139
0.680861
0.998836
0.746934
1.000000
0.010177
0.169542
0.122810
0.205914
0.178032
1.000000
0.010173
0.241595
0.121313
0.281495
0.182107
1.000000
0.010142
0.466827
0.119183
0.505560
0.176417
1.000000
0.010117
0.792882
0.287354
0.833824
0.345746
1.000000
0.010111
0.420520
0.290063
0.456829
0.341110
1.000000
0.010074
0.321680
0.225235
0.358053
0.275325
1.000000
0.010073
0.419612
0.187494
0.458420
0.243882
1.000000
0.010060
0.732832
0.380872
0.778564
0.448102
1.000000
0.010060
0.866227
0.288105
0.905138
0.346511
1.000000
0.010039
0.220356
0.255398
0.256061
0.307303
1.000000
0.010023
0.670815
0.056068
0.711685
0.111568
