1.000000
0.989849
0.415293
0.244960
0.574343
0.530162
1.000000
0.048781
0.275272
-0.010071
0.496109
0.240955
1.000000
0.048114
-0.003273
0.762913
0.252985
1.014675
1.000000
0.042202
0.620951
0.551676
0.954873
1.068930
1.000000
0.040617
0.221378
0.466996
0.767505
1.100302
1.000000
0.034239
0.009882
0.943402
0.061402
0.994526
1.000000
0.032019
0.680010
0.113553
1.010776
0.759815
1.000000
0.028985
0.080745
0.734495
0.187869
0.853786
1.000000
0.028222
0.021903
0.449076
0.340392
0.967192
1.000000
0.025353
0.899077
0.125797
0.993831
0.275102
1.000000
0.024417
0.159360
0.728896
0.256553
0.865173
1.000000
0.023423
0.723065
0.707662
0.822944
0.844656
1.000000
0.022799
0.611954
0.060917
0.716122
0.224118
1.000000
0.022518
0.110552
0.763122
0.160130
0.819921
1.000000
0.021940
0.577393
0.102430
0.667757
0.241636
1.000000
0.021707
0.851310
0.147039
0.999167
0.451881
1.000000
0.021428
0.537778
0.138735
0.628711
0.283837
1.000000
0.020016
0.357298
0.484976
0.470834
0.639836
1.000000
0.020007
0.016381
0.754293
0.057021
0.805906
1.000000
0.019764
0.431691
0.186908
0.546398
0.372639
1.000000
0.019287
0.477909
0.154253
0.581796
0.304622
1.000000
0.019269
0.182751
0.514500
0.275017
0.649649
1.000000
0.019016
0.699169
-0.012372
0.945884
0.204871
1.000000
0.018985
0.052111
0.883248
0.175538
0.998761
1.000000
0.018958
0.009593
0.643626
0.055573
0.713370
1.000000
0.018843
0.002278
0.894177
0.037182
0.946943
1.000000
0.018459
0.242031
0.682035
0.332339
0.823978
1.000000
0.018210
0.091845
0.613397
0.181539
0.744591
1.000000
0.017803
0.009473
0.014946
0.090854
0.129046
1.000000
0.017718
0.557630
0.213177
0.653760
0.365221
1.000000
0.017519
0.084975
0.810838
0.199527
0.948721
1.000000
0.017500
0.682992
0.802205
0.863959
1.022537
1.000000
0.017451
0.385537
0.117327
0.492117
0.256940
1.000000
0.017377
0.098233
0.479809
0.185915
0.620682
1.000000
0.017232
0.511524
0.217218
0.560154
0.286582
1.000000
0.017205
0.088454
0.778380
0.136853
0.833169
1.000000
0.017136
0.032141
0.646304
0.222076
0.888860
1.000000
0.017115
0.093406
0.649150
0.133237
0.707857
1.000000
0.017092
0.907693
0.320482
0.993924
0.486850
1.000000
0.016976
0.040780
0.759272
0.084276
0.810019
1.000000
0.016842
-0.001527
0.898710
0.105283
0.999330
1.000000
0.016763
0.525488
0.053428
0.715435
0.386000
1.000000
0.016739
0.961314
0.751425
0.996290
0.819170
1.000000
0.016677
0.268363
0.089165
0.379410
0.245699
1.000000
0.016544
0.588882
0.684626
0.789208
0.975058
1.000000
0.016498
0.006188
0.601110
0.097072
0.743375
1.000000
0.016386
0.570256
0.149251
0.610317
0.209501
1.000000
0.016253
0.115811
0.687482
0.158583
0.745646
1.000000
0.016252
0.066173
0.650968
0.106250
0.709526
1.000000
0.016194
0.533482
0.286985
0.583861
0.360022
1.000000
0.016004
0.614995
0.144838
0.659551
0.211248
1.000000
0.015935
0.955193
0.015737
0.998737
0.085149
1.000000
0.015902
0.218556
0.524201
0.263326
0.588439
1.000000
0.015856
0.294684
0.715173
0.333791
0.776474
1.000000
0.015795
0.002464
0.860643
0.035192
0.910052
1.000000
0.015762
0.958197
0.175777
0.999480
0.252842
1.000000
0.015716
0.210616
0.615482
0.302070
0.753524
1.000000
0.015683
0.566671
0.181002
0.606443
0.244764
1.000000
0.015652
0.120307
0.553043
0.160411
0.618193
1.000000
0.015612
0.115491
0.649822
0.157434
0.709427
1.000000
0.015594
0.112059
0.726496
0.160052
0.787214
1.000000
0.015546
0.059125
0.956607
0.108690
1.001207
1.000000
0.015511
0.012705
0.545273
0.057364
0.617517
1.000000
0.015489
0.791600
0.874983
0.891439
0.997660
1.000000
0.015384
0.017188
0.787831
0.056773
0.835716
1.000000
0.015304
0.122743
0.545971
0.210182
0.681831
1.000000
0.015241
0.166652
0.723213
0.208943
0.781812
1.000000
0.015221
0.276301
0.624375
0.368381
0.766649
1.000000
0.015156
0.065836
0.760148
0.111013
0.812953
1.000000
0.015155
0.410938
0.312382
0.464127
0.385161
1.000000
0.015151
0.215210
0.720380
0.259316
0.784587
1.000000
0.015138
0.713730
0.883236
0.809485
0.996430
1.000000
0.015129
0.135453
0.778162
0.188589
0.839220
1.000000
0.015039
0.717643
0.954290
0.759737
0.996446
1.000000
0.015029
0.228251
0.542725
0.323536
0.682632
1.000000
0.015005
0.113454
0.027624
0.562338
0.640675
1.000000
0.014997
0.167741
0.655304
0.205659
0.710344
1.000000
0.014957
0.375903
0.221514
0.481869
0.380174
1.000000
0.014924
0.463555
0.214325
0.512023
0.285784
1.000000
0.014910
0.541649
0.185250
0.585509
0.249234
1.000000
0.014775
0.363155
0.541492
0.420233
0.619927
1.000000
0.014769
0.968233
0.691615
0.999151
0.750567
1.000000
0.014767
0.020950
0.725688
0.118997
0.837244
1.000000
0.014745
0.191197
0.722354
0.233765
0.783803
1.000000
0.014705
0.487624
0.251772
0.538588
0.325661
1.000000
0.014702
0.815625
0.956068
0.858865
0.999718
1.000000
0.014675
0.617032
0.081075
0.661913
0.147969
1.000000
0.014668
0.212811
0.758676
0.258594
0.824655
1.000000
0.014645
0.614250
0.861615
0.709566
0.990423
1.000000
0.014625
0.363864
0.609967
0.469626
0.776748
1.000000
0.014601
0.295848
0.543649
0.406388
0.692986
1.000000
0.014592
0.086233
0.729626
0.133946
0.789387
1.000000
0.014549
0.964405
0.949980
0.999677
0.998174
1.000000
0.014450
0.168585
0.690350
0.207948
0.746470
1.000000
0.014384
0.289676
0.706800
0.376501
0.852933
1.000000
0.014261
0.001351
0.246430
0.035081
0.313145
1.000000
0.014238
0.001796
0.683183
0.035771
0.742443
1.000000
0.014235
0.161661
0.760034
0.211319
0.824277
1.000000
0.014218
0.219246
0.654599
0.260147
0.711570
1.000000
0.014203
0.002942
0.185106
0.036606
0.250304
1.000000
0.014176
0.036144
0.781115
0.150687
0.902187
1.000000
0.014169
0.116740
0.093745
0.216988
0.246700
1.000000
0.014150
0.748819
0.755889
0.857334
0.916235
1.000000
0.014067
-0.000628
0.687957
0.066252
0.793514
1.000000
0.014064
0.091535
0.689450
0.133906
0.746801
1.000000
0.014035
0.000362
0.150429
0.061647
0.273380
1.000000
0.014032
0.141204
0.617494
0.230860
0.753838
1.000000
0.014009
0.269705
0.717655
0.309914
0.779425
1.000000
0.013998
0.002759
0.791742
0.034796
0.839382
1.000000
0.013984
0.118866
0.518027
0.158295
0.581702
1.000000
0.013978
0.066492
0.690218
0.106730
0.745399
1.000000
0.013936
0.168487
0.521857
0.206975
0.581771
1.000000
0.013898
0.961576
0.379071
0.999165
0.453211
1.000000
0.013871
0.113883
0.955238
0.161614
1.001265
1.000000
0.013789
0.065257
0.413570
0.161560
0.559852
1.000000
0.013745
0.002539
0.722863
0.037389
0.778837
1.000000
0.013742
0.539394
0.218593
0.585516
0.286271
1.000000
0.013739
0.765230
0.958454
0.809350
1.000070
1.000000
0.013737
0.867488
0.816622
0.999304
0.999997
1.000000
0.013711
0.485373
0.179207
0.536271
0.251833
1.000000
0.013677
0.141283
0.584965
0.180353
0.643194
1.000000
0.013672
0.670266
0.910918
0.755234
1.005214
1.000000
0.013640
0.294463
0.658390
0.336250
0.720394
1.000000
0.013633
0.216281
0.688050
0.258448
0.748840
1.000000
0.013590
0.520467
0.069282
0.616830
0.206369
1.000000
0.013568
0.001852
0.825823
0.033963
0.873345
1.000000
0.013537
0.490318
0.224585
0.600218
0.396351
1.000000
0.013528
0.440349
0.181694
0.489596
0.251893
1.000000
0.013427
0.239993
0.719097
0.281655
0.781429
1.000000
0.013400
0.002419
0.583729
0.038273
0.652904
1.000000
0.013390
0.614929
0.747733
0.718877
0.906079
1.000000
0.013374
0.966249
0.586900
0.997700
0.643667
1.000000
0.013299
0.193322
0.691622
0.234196
0.749506
1.000000
0.013262
0.115002
0.247645
0.158271
0.310769
1.000000
0.013243
0.317319
0.154514
0.528199
0.466547
1.000000
0.013218
0.317745
0.147406
0.362136
0.207629
1.000000
0.013182
0.197175
0.526250
0.238675
0.584259
1.000000
0.013182
0.836963
0.186653
0.942467
0.336966
1.000000
0.013128
0.267079
0.753671
0.305575
0.812583
1.000000
0.013116
0.116981
0.617785
0.158411
0.678116
1.000000
0.013116
0.606636
0.532487
0.700283
0.672356
1.000000
0.013086
0.194112
0.658004
0.232695
0.711860
1.000000
0.013048
0.538108
0.003581
0.584569
0.057439
1.000000
0.013009
0.313049
0.685146
0.353427
0.745399
1.000000
0.013009
0.089450
0.347279
0.184511
0.496987
1.000000
0.012993
0.170253
0.102192
0.270029
0.253797
1.000000
0.012962
0.382672
0.514422
0.437720
0.595926
1.000000
0.012952
0.217828
0.577472
0.263608
0.647129
1.000000
0.012938
0.315537
0.754331
0.353195
0.811978
1.000000
0.012928
0.263044
0.516290
0.303390
0.576226
1.000000
0.012900
0.921304
0.701203
0.998673
0.850213
1.000000
0.012867
0.012013
0.488809
0.098751
0.634539
1.000000
0.012842
0.140002
0.724656
0.184228
0.783704
1.000000
0.012827
0.965871
0.489042
0.997753
0.548493
1.000000
0.012786
0.591456
0.002323
0.635406
0.053438
1.000000
0.012765
0.968177
0.655824
0.999432
0.715389
1.000000
0.012765
0.115939
0.905555
0.215067
1.006076
1.000000
0.012761
0.143404
0.439004
0.320190
0.717738
1.000000
0.012681
0.669836
0.733017
0.777798
0.886319
1.000000
0.012647
0.140930
0.649655
0.183285
0.708695
1.000000
0.012629
0.142818
0.458401
0.234371
0.598969
1.000000
0.012598
0.065068
0.207209
0.161185
0.347329
1.000000
0.012584
0.262154
0.488475
0.366263
0.619470
1.000000
0.012513
0.379624
0.411935
0.563407
0.729670
1.000000
0.012481
0.441675
0.599671
0.536918
0.753530
1.000000
0.012441
0.064976
0.820204
0.110581
0.874692
1.000000
0.012435
0.508380
0.310408
0.565810
0.393658
1.000000
0.012413
0.039929
0.732326
0.082925
0.783293
1.000000
0.012381
0.615929
0.002457
0.661886
0.055640
1.000000
0.012379
0.316947
0.551867
0.362293
0.616698
1.000000
0.012340
0.114134
0.816588
0.164523
0.879226
1.000000
0.012323
0.592388
0.124173
0.633873
0.188623
1.000000
0.012295
0.238360
0.758508
0.280638
0.820455
1.000000
0.012270
0.963292
0.815224
0.998300
0.882905
1.000000
0.012256
0.295452
0.751332
0.333130
0.809554
1.000000
0.012253
0.094699
0.591548
0.134455
0.650121
1.000000
0.012242
0.001762
0.830577
0.090955
0.945062
1.000000
0.012217
0.146312
0.518214
0.186079
0.579125
1.000000
0.012213
0.517939
0.655401
0.556385
0.712330
1.000000
0.012205
0.961555
0.317290
0.999829
0.392542
1.000000
0.012169
0.067325
0.183382
0.104417
0.242253
1.000000
0.012144
0.563318
0.002730
0.608841
0.055789
1.000000
0.012117
0.003156
0.121448
0.034605
0.178342
1.000000
0.012095
0.591833
0.177448
0.631408
0.239310
1.000000
0.012084
0.166872
0.619681
0.205063
0.676125
1.000000
0.012056
0.561966
0.251590
0.604607
0.320354
1.000000
0.012051
0.209573
0.062264
0.317040
0.225789
1.000000
0.012034
0.848665
0.745377
0.949125
0.898616
1.000000
0.012015
0.114101
0.854923
0.164625
0.916037
1.000000
0.011969
0.773861
0.738693
0.833777
0.821363
1.000000
0.011966
0.614702
0.202231
0.714074
0.354548
1.000000
0.011906
0.011583
0.199355
0.105294
0.348328
1.000000
0.011893
0.165052
0.955933
0.209667
0.999680
1.000000
0.011836
-0.001791
0.762233
0.069182
0.859500
1.000000
0.011785
0.849854
0.904805
0.942837
1.008530
1.000000
0.011779
0.270197
0.656848
0.310061
0.715265
1.000000
0.011760
0.166277
0.584505
0.204611
0.645585
1.000000
0.011758
0.464439
0.148609
0.512441
0.215744
1.000000
0.011750
0.480034
0.432274
0.542606
0.523849
1.000000
0.011699
0.232807
0.543412
0.280924
0.618181
1.000000
0.011688
0.777463
0.111228
0.894635
0.249935
1.000000
0.011686
0.637934
0.547071
0.687841
0.619545
1.000000
0.011671
0.237120
0.556485
0.434732
0.869041
1.000000
0.011657
0.617869
0.217899
0.658175
0.281350
1.000000
0.011652
0.116497
0.283298
0.158445
0.345026
1.000000
0.011627
0.371188
0.697357
0.458516
0.851025
1.000000
0.011617
0.236214
0.617208
0.279305
0.679835
1.000000
0.011612
0.037740
0.647549
0.082147
0.709499
1.000000
0.011596
0.141537
0.690359
0.184232
0.748132
1.000000
0.011575
0.913366
0.617456
0.996448
0.770351
1.000000
0.011556
0.665489
0.116660
0.707722
0.181069
1.000000
0.011535
0.965972
0.555583
0.997334
0.611585
1.000000
0.011500
0.119603
0.120241
0.159247
0.181283
1.000000
0.011500
0.966337
0.521944
0.997360
0.577740
1.000000
0.011436
0.573445
0.022591
0.670071
0.163199
1.000000
0.011425
0.509664
0.149827
0.556948
0.215642
1.000000
0.011420
0.810449
0.749842
0.855487
0.816260
1.000000
0.011392
0.188190
0.780278
0.237247
0.846836
1.000000
0.011368
0.538128
0.047457
0.584494
0.119356
1.000000
0.011363
0.163787
0.811328
0.212948
0.872713
1.000000
0.011329
0.033109
0.547103
0.124823
0.689011
1.000000
0.011324
0.463428
0.079382
0.560072
0.215335
1.000000
0.011322
0.244272
0.373738
0.458832
0.659543
1.000000
0.011278
0.635958
0.622159
0.736949
0.769619
1.000000
0.011272
0.263476
0.583454
0.304161
0.645508
1.000000
0.011245
0.665994
0.954841
0.707882
0.998087
1.000000
0.011228
0.965984
0.453412
0.998985
0.515105
1.000000
0.011219
0.769630
0.662396
0.875886
0.807905
1.000000
0.011214
0.968644
0.621865
0.998782
0.676177
1.000000
0.011175
0.369910
0.655449
0.411731
0.718074
1.000000
0.011135
0.063500
0.280710
0.163900
0.431336
1.000000
0.011109
0.910245
0.547393
0.989473
0.676309
1.000000
0.011053
0.115979
0.320427
0.158369
0.383403
1.000000
0.011031
0.582664
0.281630
0.683224
0.444209
1.000000
0.011003
0.116365
0.454786
0.159624
0.520895
1.000000
0.011000
0.559388
0.312647
0.604227
0.384395
1.000000
0.010996
0.342377
0.656766
0.382861
0.715594
1.000000
0.010973
0.395783
0.290559
0.445913
0.358746
1.000000
0.010961
0.290610
0.518711
0.331748
0.577197
1.000000
0.010931
0.342288
0.518904
0.393904
0.590448
1.000000
0.010931
0.164597
0.489004
0.204659
0.547985
1.000000
0.010896
0.918641
0.691395
0.954829
0.746975
1.000000
0.010894
0.394209
0.657368
0.437047
0.721867
1.000000
0.010886
0.412576
0.479352
0.465116
0.553135
1.000000
0.010809
0.790889
0.958164
0.834781
1.000395
1.000000
0.010757
0.718751
0.778294
0.764691
0.846990
1.000000
0.010745
0.574404
0.783856
0.673871
0.935105
1.000000
0.010744
0.886974
0.176813
0.940298
0.252289
1.000000
0.010692
0.443323
0.124836
0.486358
0.184132
1.000000
0.010673
0.095220
0.515571
0.136148
0.579921
1.000000
0.010648
0.657807
0.120999
0.762356
0.276022
1.000000
0.010631
0.092294
0.383610
0.137003
0.450961
1.000000
0.010616
0.294714
0.552423
0.337439
0.614805
1.000000
0.010575
0.095401
0.552710
0.137229
0.617945
1.000000
0.010559
0.441572
0.654021
0.481614
0.713068
1.000000
0.010558
0.867353
0.923451
0.913795
0.983327
1.000000
0.010499
0.542669
0.115737
0.587353
0.178511
1.000000
0.010481
0.118425
0.185727
0.157629
0.245980
1.000000
0.010444
0.002423
0.519375
0.038948
0.590011
1.000000
0.010434
0.412933
0.215149
0.462946
0.284501
1.000000
0.010383
0.151643
-0.014550
0.358406
0.293295
1.000000
0.010349
0.262468
0.547970
0.303446
0.612336
1.000000
0.010320
0.927877
0.192945
1.005032
0.345919
1.000000
0.010318
0.091013
0.450476
0.135705
0.517465
1.000000
0.010295
0.343617
0.720184
0.380043
0.774402
1.000000
0.010262
0.037811
0.135152
0.129787
0.281384
1.000000
0.010257
0.598718
0.052055
0.638816
0.116461
1.000000
0.010248
0.042600
0.277015
0.231150
0.597401
1.000000
0.010241
0.318063
0.657111
0.415308
0.816738
1.000000
0.010241
0.639453
0.020540
0.686936
0.089450
1.000000
0.010192
0.812060
0.275104
0.912959
0.421531
1.000000
0.010185
0.265637
0.619918
0.306282
0.679658
1.000000
0.010178
0.071124
0.063200
0.164963
0.208921
1.000000
0.010163
0.564127
0.052402
0.604672
0.114210
1.000000
0.010122
0.956761
0.117128
1.001253
0.193093
1.000000
0.010108
0.165025
0.203778
0.267590
0.345155
1.000000
0.010088
0.441284
0.507492
0.492722
0.586102
1.000000
0.010083
0.000876
0.316002
0.033117
0.378613
1.000000
0.010077
0.806788
0.039866
1.019027
0.300738
1.000000
0.010060
0.000363
0.386525
0.032726
0.447401
