1.000000
0.953137
0.332554
0.291287
0.554640
0.664839
1.000000
0.049069
0.000818
0.748630
0.258390
0.999047
1.000000
0.030844
0.047186
0.599237
0.419504
1.078962
1.000000
0.028406
0.382276
0.249039
0.521769
0.435855
1.000000
0.026805
0.011849
0.944826
0.062101
0.994971
1.000000
0.026422
0.754240
0.734965
0.999489
1.015720
1.000000
0.025748
0.158404
0.581210
0.264169
0.715957
1.000000
0.025611
0.821670
0.879242
0.862295
0.945808
1.000000
0.025483
0.024377
0.698521
0.110994
0.837211
1.000000
0.025300
0.071096
0.592226
0.166669
0.721659
1.000000
0.024447
0.540637
0.378554
0.582906
0.451180
1.000000
0.023432
0.906411
0.899907
0.993591
0.996733
1.000000
0.023345
0.244280
0.676557
0.697042
1.013180
1.000000
0.022964
0.962347
0.947997
0.999517
0.998498
1.000000
0.021868
0.110062
0.613450
0.215968
0.749149
1.000000
0.021365
0.085196
0.680985
0.186917
0.823705
1.000000
0.020993
0.833789
0.915582
0.880253
0.979749
1.000000
0.020756
0.059971
0.717112
0.103598
0.783279
1.000000
0.020716
0.082579
0.434970
0.271738
0.719342
1.000000
0.020134
0.293220
0.279994
0.421833
0.455163
1.000000
0.019953
0.503215
0.345079
0.595091
0.509866
1.000000
0.019899
0.061128
0.956422
0.106758
0.997895
1.000000
0.019397
0.798224
0.826344
0.885143
0.960192
1.000000
0.018975
0.002535
0.022097
0.078516
0.136473
1.000000
0.018958
0.861564
0.917888
0.911864
0.984669
1.000000
0.018874
0.114361
0.617958
0.161134
0.685218
1.000000
0.018657
0.345056
0.427929
0.465793
0.623856
1.000000
0.018586
0.070603
0.622324
0.110419
0.685184
1.000000
0.018451
0.114305
0.742514
0.208581
0.876292
1.000000
0.018344
0.863599
0.095531
1.004310
0.377480
1.000000
0.018210
0.961141
0.248984
0.999175
0.322621
1.000000
0.018088
0.003465
0.250199
0.035772
0.312307
1.000000
0.018006
0.191415
0.584206
0.241351
0.650365
1.000000
0.017965
0.007515
0.633372
0.084881
0.772734
1.000000
0.017814
0.059553
0.780401
0.163833
0.921405
1.000000
0.017715
0.961969
0.882592
0.998386
0.949060
1.000000
0.017683
0.002024
0.713866
0.039352
0.785242
1.000000
0.017555
0.317410
0.410394
0.365243
0.475677
1.000000
0.017348
0.919919
0.238248
0.999144
0.378198
1.000000
0.017216
0.012736
0.739299
0.061530
0.813814
1.000000
0.017153
0.525103
0.414788
0.925349
1.021652
1.000000
0.017107
0.965884
0.818878
0.999047
0.882910
1.000000
0.016965
0.679865
0.046207
1.004734
0.742516
1.000000
0.016921
0.111146
0.527325
0.214403
0.671531
1.000000
0.016876
0.771550
0.209329
0.870602
0.339628
1.000000
0.016869
0.767782
0.959665
0.808786
1.001817
1.000000
0.016754
0.818276
0.947385
0.861357
0.997103
1.000000
0.016731
0.531339
0.042940
0.637512
0.207200
1.000000
0.016671
0.712704
0.954160
0.757488
0.999165
1.000000
0.016344
0.656179
0.100249
0.778293
0.258972
1.000000
0.016313
0.656396
0.013770
0.904953
0.313143
1.000000
0.016305
0.211564
0.610617
0.260080
0.681402
1.000000
0.016209
0.116972
0.958892
0.160454
0.998786
1.000000
0.016112
0.165057
0.588464
0.214274
0.651440
1.000000
0.016034
0.138400
0.592276
0.186004
0.654639
1.000000
0.015898
0.963847
0.185523
0.999213
0.252827
1.000000
0.015823
0.963778
0.115850
0.998194
0.182350
1.000000
0.015752
0.841144
0.871181
0.941163
0.991971
1.000000
0.015748
0.045464
0.889684
0.161499
0.999443
1.000000
0.015748
0.001681
0.892342
0.035362
0.949022
1.000000
0.015581
0.664315
0.953992
0.712035
0.999472
1.000000
0.015571
-0.000757
0.210022
0.057162
0.328932
1.000000
0.015489
0.004945
0.897803
0.091678
0.995046
1.000000
0.015473
0.665311
0.686567
0.874992
0.968272
1.000000
0.015437
0.203123
0.610097
0.302668
0.748731
1.000000
0.015346
0.923444
0.391501
0.996495
0.578903
1.000000
0.015319
0.088912
0.644513
0.135433
0.710047
1.000000
0.015191
0.001026
0.651944
0.036753
0.721347
1.000000
0.015158
0.163951
0.784267
0.259099
0.918639
1.000000
0.015135
0.159605
0.677027
0.258984
0.824237
1.000000
0.015009
0.403394
0.065688
0.623342
0.422155
1.000000
0.015001
0.667406
0.915105
0.759222
1.006824
1.000000
0.014866
0.707047
0.876817
0.811492
1.000599
1.000000
0.014823
0.738522
0.003682
0.784183
0.052814
1.000000
0.014802
0.133239
0.645231
0.184267
0.712140
1.000000
0.014769
0.163666
0.958370
0.207215
0.999859
1.000000
0.014666
0.573795
0.809577
0.769298
1.027329
1.000000
0.014523
0.002123
0.784667
0.036609
0.845295
1.000000
0.014509
0.091818
0.555937
0.131914
0.611101
1.000000
0.014498
0.916424
0.248802
0.962572
0.318558
1.000000
0.014349
0.691230
0.003738
0.736334
0.052421
1.000000
0.014264
0.088278
0.960000
0.133665
1.000435
1.000000
0.014228
0.003032
0.764669
0.084837
0.902271
1.000000
0.014222
0.502119
0.861187
0.619180
0.992073
1.000000
0.014203
0.002590
0.188014
0.035144
0.249753
1.000000
0.014202
0.961908
0.309220
0.998745
0.383669
1.000000
0.014055
0.363223
0.477010
0.419542
0.559429
1.000000
0.013997
0.911490
0.947570
0.960938
1.000484
1.000000
0.013995
0.091338
0.591361
0.132738
0.652532
1.000000
0.013994
0.794295
0.953715
0.837442
1.001074
1.000000
0.013896
0.618207
0.145700
0.725043
0.284971
1.000000
0.013887
0.124836
0.567197
0.319795
0.851781
1.000000
0.013883
0.113529
0.556538
0.154298
0.613429
1.000000
0.013764
0.532375
0.293519
0.626977
0.454642
1.000000
0.013698
0.738423
0.956246
0.783762
1.001399
1.000000
0.013679
0.065250
0.781075
0.107980
0.838223
1.000000
0.013652
0.011514
0.816126
0.055122
0.875434
1.000000
0.013645
0.086422
0.099171
0.189416
0.262447
1.000000
0.013549
0.863849
0.120413
0.904965
0.182083
1.000000
0.013515
0.695654
0.014948
0.793329
0.128617
1.000000
0.013513
0.111676
0.811012
0.211049
0.953224
1.000000
0.013512
0.778171
0.900847
0.864530
1.006330
1.000000
0.013503
0.244973
0.683936
0.355068
0.839580
1.000000
0.013503
0.118605
0.787202
0.158968
0.838312
1.000000
0.013332
0.134151
0.880917
0.230757
0.995597
1.000000
0.013260
0.001899
0.855938
0.034108
0.910771
1.000000
0.013185
0.436916
0.251429
0.488812
0.324615
1.000000
0.013181
0.460203
0.314100
0.512946
0.389268
1.000000
0.013175
0.053246
0.521494
0.142800
0.661975
1.000000
0.013146
0.515937
0.817093
0.563136
0.882181
1.000000
0.013128
0.932669
0.158274
1.002372
0.292796
1.000000
0.013050
0.194499
0.874399
0.295974
0.994345
1.000000
0.012988
0.387842
0.281074
0.439992
0.356210
1.000000
0.012968
0.217688
0.952550
0.262162
0.997277
1.000000
0.012959
0.588183
0.003277
0.634788
0.057228
1.000000
0.012953
0.639761
0.001359
0.683853
0.051925
1.000000
0.012953
0.190259
0.646206
0.239502
0.713938
1.000000
0.012879
0.299750
0.392096
0.410064
0.553730
1.000000
0.012783
0.065282
0.199961
0.167662
0.345176
1.000000
0.012774
0.657418
0.192443
0.765239
0.333339
1.000000
0.012773
0.465485
0.098043
0.572497
0.242088
1.000000
0.012762
0.118029
0.722299
0.161196
0.783375
1.000000
0.012693
0.138112
0.754057
0.184876
0.816870
1.000000
0.012658
0.728753
0.750321
0.835739
0.904858
1.000000
0.012616
0.503247
-0.006009
0.731363
0.277396
1.000000
0.012543
0.480317
0.790704
0.584081
0.921784
1.000000
0.012345
0.715369
0.200550
0.819944
0.335311
1.000000
0.012325
0.818417
0.253472
0.857941
0.309162
1.000000
0.012286
0.139709
0.956608
0.184718
0.998845
1.000000
0.012259
0.093394
0.789639
0.131776
0.838074
1.000000
0.012247
0.649230
0.675809
0.759438
0.838585
1.000000
0.012242
0.838180
0.199837
0.938578
0.345254
1.000000
0.012239
0.815361
0.825911
0.861423
0.892970
1.000000
0.012239
0.299015
0.490030
0.406698
0.653580
1.000000
0.012228
0.582962
0.357473
0.688405
0.534610
1.000000
0.012212
0.002376
0.319564
0.033112
0.378854
1.000000
0.012150
0.010504
0.623135
0.049759
0.686284
1.000000
0.012125
0.942555
0.145697
0.988777
0.214152
1.000000
0.012117
0.116153
0.823740
0.158114
0.876043
1.000000
0.012106
0.785914
0.088322
0.896856
0.248162
1.000000
0.012076
0.084968
0.722468
0.128368
0.782717
1.000000
0.012039
0.665900
0.000752
0.710222
0.051315
1.000000
0.012037
0.487075
0.349238
0.537255
0.421855
1.000000
0.011985
0.567062
0.207743
0.667724
0.345554
1.000000
0.011975
0.893647
0.251943
0.935801
0.314924
1.000000
0.011952
0.363542
0.246542
0.417848
0.326807
1.000000
0.011911
0.865023
0.182791
0.906849
0.244671
1.000000
0.011898
0.362912
0.535441
0.419388
0.619127
1.000000
0.011802
0.228572
-0.016829
0.430544
0.257609
1.000000
0.011801
0.001606
0.585531
0.034354
0.649139
1.000000
0.011795
0.467913
0.254776
0.578198
0.415004
1.000000
0.011761
0.269379
0.217077
0.380747
0.363322
1.000000
0.011747
0.135276
0.682264
0.184023
0.749278
1.000000
0.011715
0.614155
0.240359
0.714384
0.387554
1.000000
0.011619
0.866842
0.253788
0.907482
0.313542
1.000000
0.011614
0.316333
0.513172
0.363897
0.581506
1.000000
0.011541
0.288496
0.115079
0.499677
0.483982
1.000000
0.011532
0.483108
0.283805
0.534322
0.355665
1.000000
0.011495
0.205958
0.526959
0.302161
0.665159
1.000000
0.011479
0.712950
0.113021
0.760187
0.178627
1.000000
0.011474
0.916764
0.118972
0.956865
0.178744
1.000000
0.011473
0.563461
0.626718
0.778727
0.933381
1.000000
0.011462
0.511155
0.948280
0.557475
0.997006
1.000000
0.011435
0.166769
0.785871
0.208020
0.838031
1.000000
0.011425
0.962545
0.646632
0.996953
0.715465
1.000000
0.011405
0.214150
0.561658
0.257128
0.621922
1.000000
0.011392
0.233001
0.584162
0.280735
0.652918
1.000000
0.011340
0.890260
0.120276
0.931624
0.180986
1.000000
0.011328
0.202299
0.411682
0.393700
0.695438
1.000000
0.011327
0.510098
0.215371
0.612676
0.361109
1.000000
0.011298
0.005222
0.549889
0.081835
0.696957
1.000000
0.011290
0.615808
0.184696
0.664766
0.253956
1.000000
0.011286
0.963941
0.412740
0.999060
0.488485
1.000000
0.011285
0.936858
0.309366
1.003727
0.460081
1.000000
0.011269
0.966840
0.713583
0.999552
0.778627
1.000000
0.011250
0.841463
0.253456
0.881025
0.309946
1.000000
0.011219
-0.000583
0.134913
0.063041
0.268318
1.000000
0.011214
0.968440
0.752151
0.999877
0.816869
1.000000
0.011185
0.918081
0.186830
0.959659
0.249747
1.000000
0.011182
0.264712
0.581209
0.368960
0.731783
1.000000
0.011132
0.814672
0.004614
0.858666
0.050464
1.000000
0.011122
0.926695
0.832114
1.003055
0.956812
1.000000
0.011081
0.411152
0.320348
0.461938
0.392350
1.000000
0.011077
0.614686
0.954356
0.661844
0.999331
1.000000
0.011076
0.204928
0.086218
0.315673
0.254384
1.000000
0.011057
0.889137
0.186421
0.929984
0.247844
1.000000
0.010989
0.090752
0.249742
0.132822
0.308881
1.000000
0.010966
0.087285
0.683777
0.131254
0.747414
1.000000
0.010961
0.789102
0.182435
0.832748
0.240747
1.000000
0.010932
0.273607
0.502275
0.503070
0.824634
1.000000
0.010931
0.010360
0.278749
0.050526
0.343532
1.000000
0.010926
0.001766
0.519359
0.033797
0.581502
1.000000
0.010893
0.858297
0.854735
0.904528
0.920669
1.000000
0.010867
0.557989
0.358911
0.599827
0.423689
1.000000
0.010822
0.383947
0.499213
0.441769
0.586167
1.000000
0.010798
0.794522
0.254171
0.834648
0.309595
1.000000
0.010748
0.606913
0.885889
0.715769
1.000410
1.000000
0.010734
0.540394
0.329638
0.582733
0.397766
1.000000
0.010724
0.002526
0.117267
0.038371
0.180560
1.000000
0.010706
0.139688
0.558460
0.184429
0.617573
1.000000
0.010689
0.611447
0.114239
0.656782
0.180245
1.000000
0.010662
0.091810
0.824632
0.133841
0.876400
1.000000
0.010655
0.217013
0.721730
0.258979
0.780810
1.000000
0.010641
0.217191
0.822160
0.257106
0.875993
1.000000
0.010636
0.190943
0.790529
0.230023
0.843046
1.000000
0.010622
0.869631
0.581950
1.008083
0.918192
1.000000
0.010594
0.315375
0.564304
0.427369
0.726580
1.000000
0.010583
0.937221
0.757659
1.005474
0.893287
1.000000
0.010573
0.314200
0.282823
0.365644
0.355175
1.000000
0.010540
0.088281
0.047220
0.292774
0.386288
1.000000
0.010535
0.789476
0.003500
0.833236
0.049822
1.000000
0.010534
0.337585
0.160238
0.444604
0.311477
1.000000
0.010491
0.528350
0.412768
0.621662
0.590697
1.000000
0.010488
0.664344
0.114391
0.713002
0.183785
1.000000
0.010482
0.566224
0.955225
0.610607
1.000007
1.000000
0.010475
0.164095
0.211630
0.263869
0.346223
1.000000
0.010460
0.217854
0.791536
0.255816
0.845673
1.000000
0.010410
0.410633
0.219089
0.459959
0.286431
1.000000
0.010393
0.565339
0.184741
0.607178
0.246549
1.000000
0.010392
0.340773
0.505303
0.394439
0.581793
1.000000
0.010389
0.890590
0.886513
0.939389
0.954789
1.000000
0.010355
0.768237
0.851532
0.809900
0.911620
1.000000
0.010344
0.868015
0.286119
0.908171
0.345141
1.000000
0.010308
0.564335
0.909400
0.662188
1.007161
1.000000
0.010267
0.585107
0.107795
0.633500
0.179574
1.000000
0.010248
0.498481
0.533610
0.601543
0.705015
1.000000
0.010227
0.001584
0.451594
0.034065
0.514817
1.000000
0.010214
0.067282
0.444982
0.159886
0.599376
1.000000
0.010196
0.192304
0.682562
0.238503
0.748430
1.000000
0.010193
0.466453
0.119931
0.508919
0.181742
1.000000
0.010166
0.517543
0.125114
0.617391
0.273148
1.000000
0.010116
0.591227
0.187191
0.635109
0.248984
1.000000
0.010097
0.539848
0.003317
0.586082
0.054423
1.000000
0.010097
0.010836
0.552579
0.048310
0.613709
1.000000
0.010082
0.308211
0.656238
0.426993
0.819554
1.000000
0.010031
0.191213
0.768390
0.404724
1.017876
1.000000
0.010012
0.418974
0.878556
0.521348
0.993433
1.000000
0.010007
0.817936
0.117447
0.861342
0.179013
