1.000000
0.068571
0.312157
0.329291
0.624457
0.810441
1.000000
0.056745
0.006591
0.762368
0.269762
1.008792
1.000000
0.037655
0.313194
0.462719
0.418504
0.624449
1.000000
0.036600
0.509070
0.383318
0.585631
0.531145
1.000000
0.033524
0.268544
0.453633
0.464387
0.767821
1.000000
0.032981
0.258830
0.403548
0.376153
0.564019
1.000000
0.029861
0.317905
0.593603
0.423143
0.744342
1.000000
0.029666
0.049584
0.701980
0.150381
0.835480
1.000000
0.028744
0.092322
0.542673
0.539025
1.093061
1.000000
0.027063
0.012587
0.927586
0.064130
0.989328
1.000000
0.026835
0.381688
0.415924
0.494604
0.579575
1.000000
0.025459
0.634691
0.712182
0.985362
1.018807
1.000000
0.023897
0.103171
0.679874
0.205348
0.822945
1.000000
0.023762
0.362156
0.623616
0.469960
0.774574
1.000000
0.022835
0.355009
0.478195
0.410551
0.558207
1.000000
0.021960
0.062377
0.718605
0.110201
0.786437
1.000000
0.021670
0.511624
0.924401
0.557342
0.983353
1.000000
0.021665
0.908068
0.900149
0.994902
0.997607
1.000000
0.021563
0.094631
0.595313
0.189131
0.729112
1.000000
0.021264
0.526336
0.043945
0.635589
0.219713
1.000000
0.021230
0.652950
0.083606
0.780362
0.259559
1.000000
0.021183
0.278672
0.532870
0.382330
0.689244
1.000000
0.020697
0.162230
0.955896
0.208034
0.999097
1.000000
0.020483
0.382049
0.374684
0.873370
1.020893
1.000000
0.020444
0.011893
0.188976
0.054621
0.254624
1.000000
0.020390
0.061904
0.955243
0.106630
0.997372
1.000000
0.020389
0.361109
0.643987
0.410555
0.716208
1.000000
0.020220
0.002278
0.696040
0.073344
0.807068
1.000000
0.020016
0.931764
0.219990
0.999176
0.349937
1.000000
0.019698
0.961885
0.947412
0.999703
0.998813
1.000000
0.019550
0.158599
0.581862
0.258443
0.719199
1.000000
0.018788
0.327699
0.349676
0.451346
0.522741
1.000000
0.018704
0.116107
0.616734
0.162456
0.684235
1.000000
0.018434
0.377404
0.495471
0.500238
0.690454
1.000000
0.018182
0.069416
0.213826
0.170472
0.343407
1.000000
0.018173
0.225178
0.471609
0.331031
0.612889
1.000000
0.018038
0.032026
0.633975
0.123538
0.769045
1.000000
0.017762
0.313531
0.509729
0.365372
0.582820
1.000000
0.017722
0.416208
0.205647
0.512637
0.341053
1.000000
0.017598
0.411780
0.761966
0.522063
0.894153
1.000000
0.017451
0.188702
0.523575
0.285858
0.657166
1.000000
0.017388
0.003523
0.212001
0.038935
0.274853
1.000000
0.017335
0.862170
0.139832
1.007149
0.446571
1.000000
0.017279
0.003185
0.250104
0.036209
0.312339
1.000000
0.017255
0.314940
0.548967
0.364383
0.621166
1.000000
0.017227
0.115609
0.526458
0.213692
0.667165
1.000000
0.017169
0.340672
0.613387
0.392185
0.686302
1.000000
0.017084
0.117446
0.958800
0.160163
0.998354
1.000000
0.017077
0.001887
0.718589
0.037575
0.781235
1.000000
0.016875
0.541671
0.049556
0.952349
0.759272
1.000000
0.016791
0.114108
0.107271
0.218764
0.268774
1.000000
0.016708
0.264491
0.443237
0.320740
0.525069
1.000000
0.016690
0.013048
0.227919
0.291084
0.756783
1.000000
0.016686
0.137568
0.888074
0.231469
0.994994
1.000000
0.016670
0.162648
0.585353
0.212544
0.652067
1.000000
0.016581
0.071808
0.621426
0.111063
0.681833
1.000000
0.016546
0.838169
0.864468
0.945149
0.992079
1.000000
0.016521
0.215566
0.953081
0.259913
0.997745
1.000000
0.016434
0.002914
0.895961
0.036535
0.950632
1.000000
0.016426
0.070348
0.654808
0.112325
0.717418
1.000000
0.016360
0.440722
0.349109
0.546961
0.510543
1.000000
0.016250
0.066504
0.625610
0.266235
0.897532
1.000000
0.016238
0.415987
0.419622
0.462853
0.488957
1.000000
0.016190
0.411528
0.284969
0.516052
0.435419
1.000000
0.016149
0.271089
0.655632
0.377136
0.803037
1.000000
0.016116
0.115548
0.251113
0.159678
0.309450
1.000000
0.015967
0.356920
0.580473
0.407334
0.658365
1.000000
0.015830
0.000943
0.680486
0.037667
0.746021
1.000000
0.015707
0.439707
0.028848
0.629008
0.368084
1.000000
0.015677
0.088777
0.958885
0.132940
0.999556
1.000000
0.015574
0.192679
0.879790
0.292450
0.993924
1.000000
0.015525
0.440198
0.448726
0.485118
0.515317
1.000000
0.015458
0.041786
0.893872
0.154195
1.000949
1.000000
0.015426
0.542812
0.220615
0.586988
0.278722
1.000000
0.015415
0.264455
0.508294
0.316771
0.579294
1.000000
0.015288
0.706337
0.013619
0.942821
0.366414
1.000000
0.015273
0.737164
0.332538
1.004837
0.969323
1.000000
0.015239
0.418778
0.956391
0.457420
0.996214
1.000000
0.015211
0.965304
0.815191
0.998786
0.881317
1.000000
0.015177
0.377057
0.178482
0.576825
0.489473
1.000000
0.015138
0.924256
0.402857
0.996340
0.573541
1.000000
0.015077
0.387598
0.684456
0.439313
0.750112
1.000000
0.015044
0.284186
0.265375
0.508389
0.586297
1.000000
0.015019
0.388709
0.447594
0.437974
0.522823
1.000000
0.014883
0.212148
0.620778
0.310459
0.755280
1.000000
0.014829
0.131357
0.745315
0.223561
0.872346
1.000000
0.014806
0.690247
0.003683
0.738126
0.052603
1.000000
0.014795
0.114510
0.557784
0.157053
0.615883
1.000000
0.014758
0.495586
0.947750
0.539234
0.995282
1.000000
0.014745
0.336161
0.203938
0.445508
0.341847
1.000000
0.014722
0.213264
0.553542
0.261424
0.621270
1.000000
0.014648
0.261498
0.056055
0.365394
0.214371
1.000000
0.014628
0.084943
0.748077
0.130223
0.810247
1.000000
0.014622
0.368190
0.956607
0.406861
0.996042
1.000000
0.014597
0.054383
0.777391
0.162683
0.914278
1.000000
0.014591
0.091633
0.620001
0.135398
0.683413
1.000000
0.014578
0.579146
0.067088
0.690561
0.230922
1.000000
0.014440
0.137681
0.207646
0.238035
0.339337
1.000000
0.014358
0.865405
0.952147
0.910198
1.000422
1.000000
0.014309
0.484398
0.207186
0.582946
0.350678
1.000000
0.014270
0.442795
0.955684
0.483040
0.997452
1.000000
0.014262
0.138279
0.425763
0.331577
0.712757
1.000000
0.014183
0.002330
0.774272
0.089277
0.902738
1.000000
0.014166
0.318281
0.647544
0.366402
0.715087
1.000000
0.014103
0.306036
0.277764
0.426709
0.433471
1.000000
0.014068
0.470558
0.955044
0.509823
0.996235
1.000000
0.014058
0.091780
0.555494
0.134467
0.612891
1.000000
0.014028
0.869384
0.119269
0.909597
0.180039
1.000000
0.014022
0.563757
0.247863
0.605666
0.306384
1.000000
0.014010
0.962253
0.882342
0.998667
0.949819
1.000000
0.014007
0.040470
0.741886
0.093556
0.812584
1.000000
0.013991
0.263613
0.548319
0.310920
0.614314
1.000000
0.013985
0.001899
0.787515
0.035399
0.842451
1.000000
0.013901
0.819996
0.909008
0.862910
0.973190
1.000000
0.013901
0.066541
0.777907
0.109147
0.832449
1.000000
0.013880
0.114882
0.816656
0.213225
0.953590
1.000000
0.013839
0.362650
0.416615
0.414199
0.493709
1.000000
0.013789
0.314254
0.686420
0.362608
0.753343
1.000000
0.013686
0.413474
0.549330
0.461487
0.617810
1.000000
0.013679
0.766370
0.213564
0.865545
0.340081
1.000000
0.013673
0.795793
0.818305
0.884256
0.958559
1.000000
0.013664
0.368097
0.878788
0.464735
0.996696
1.000000
0.013565
0.768536
0.959916
0.807129
1.000934
1.000000
0.013549
0.341539
0.681556
0.390675
0.749478
1.000000
0.013549
0.509236
0.721112
0.560623
0.783347
1.000000
0.013527
0.815472
0.093910
0.918864
0.253670
1.000000
0.013515
0.067272
0.250429
0.109095
0.310697
1.000000
0.013503
0.664421
0.000614
0.711165
0.051853
1.000000
0.013501
0.290733
0.652169
0.337640
0.717537
1.000000
0.013497
0.961398
0.220724
0.997912
0.289951
1.000000
0.013494
0.190364
0.677150
0.287131
0.817396
1.000000
0.013400
0.912217
0.947699
0.962208
1.000765
1.000000
0.013369
0.006915
0.195259
0.076805
0.323334
1.000000
0.013356
0.118776
0.785195
0.159175
0.834350
1.000000
0.013351
0.316602
0.954635
0.357575
0.995589
1.000000
0.013311
0.285902
0.475995
0.342813
0.554067
1.000000
0.013281
0.487254
0.221359
0.531133
0.281620
1.000000
0.013248
0.494117
0.893792
0.581301
0.998145
1.000000
0.013224
0.589117
0.017949
0.640816
0.090260
1.000000
0.013223
0.432203
0.634545
0.550580
0.782024
1.000000
0.013218
0.118003
0.220331
0.160248
0.277996
1.000000
0.013152
0.113595
0.680667
0.160923
0.748601
1.000000
0.013127
0.464535
0.384280
0.507138
0.453177
1.000000
0.013122
0.135093
0.647961
0.184248
0.714598
1.000000
0.013120
0.333851
0.796980
0.517589
1.017696
1.000000
0.013045
0.140340
0.188083
0.182070
0.249952
1.000000
0.013044
0.008593
0.652240
0.052080
0.717575
1.000000
0.013033
0.139807
0.926992
0.187449
0.985871
1.000000
0.013018
0.392262
0.956346
0.432261
0.997395
1.000000
0.012958
0.839092
0.951283
0.884770
1.001456
1.000000
0.012926
0.464495
0.224924
0.506709
0.283081
1.000000
0.012921
0.003098
0.121985
0.035938
0.178227
1.000000
0.012921
0.566989
0.954687
0.609420
0.998789
1.000000
0.012915
0.515673
0.222082
0.558055
0.279334
1.000000
0.012868
0.191362
0.648984
0.239572
0.716126
1.000000
0.012833
0.390149
0.386559
0.438025
0.457462
1.000000
0.012815
0.050122
0.519897
0.139382
0.656056
1.000000
0.012811
0.418979
0.924103
0.460101
0.978834
1.000000
0.012802
0.213925
0.098627
0.321750
0.250656
1.000000
0.012798
0.817292
0.952018
0.858329
0.999769
1.000000
0.012786
0.294947
0.580039
0.341610
0.647860
1.000000
0.012775
0.638366
0.001163
0.684767
0.052878
1.000000
0.012762
0.467908
0.452491
0.509234
0.518171
1.000000
0.012754
0.706599
0.874895
0.810155
0.999656
1.000000
0.012731
0.759711
0.755272
0.859213
0.907816
1.000000
0.012719
0.293066
0.616474
0.340454
0.683239
1.000000
0.012684
0.161708
0.791264
0.257597
0.919173
1.000000
0.012681
0.002189
0.158230
0.036806
0.216021
1.000000
0.012670
0.414641
0.478964
0.462998
0.553557
1.000000
0.012638
0.866074
0.184798
0.908116
0.246847
1.000000
0.012584
0.737339
0.002854
0.784722
0.050446
1.000000
0.012566
0.187884
0.612794
0.237430
0.682335
1.000000
0.012560
0.163234
0.786244
0.205177
0.838651
1.000000
0.012549
0.566995
0.208716
0.666011
0.343251
1.000000
0.012541
0.587527
0.114036
0.634028
0.181521
1.000000
0.012521
0.001268
0.821756
0.033731
0.872252
1.000000
0.012425
0.442177
0.922695
0.483644
0.977852
1.000000
0.012424
0.418135
0.349043
0.463910
0.416294
1.000000
0.012422
0.541503
0.185143
0.587326
0.247568
1.000000
0.012413
0.071184
0.558340
0.109857
0.612350
1.000000
0.012409
0.963820
0.447550
0.998282
0.521054
1.000000
0.012391
0.461546
0.819906
0.508988
0.879111
1.000000
0.012363
0.002615
0.319907
0.032620
0.378251
1.000000
0.012286
0.112920
0.717841
0.158505
0.782744
1.000000
0.012277
0.466449
0.655455
0.511322
0.712909
1.000000
0.012273
0.866094
0.153787
0.906911
0.211323
1.000000
0.012247
0.310860
0.313598
0.362924
0.384189
1.000000
0.012235
0.962679
0.309247
0.998891
0.382773
1.000000
0.012208
0.712381
0.113208
0.761763
0.182160
1.000000
0.012183
0.310295
0.880209
0.412988
0.996953
1.000000
0.012177
0.963701
0.647376
0.997113
0.714684
1.000000
0.012166
0.249197
0.324075
0.354941
0.484263
1.000000
0.012164
0.490728
0.745944
0.535472
0.799081
1.000000
0.012161
0.267767
0.954347
0.311159
0.997313
1.000000
0.012154
0.466741
0.321198
0.618723
0.594524
1.000000
0.012153
0.138490
0.755552
0.186377
0.817888
1.000000
0.012136
-0.001390
0.555538
0.059577
0.672380
1.000000
0.012128
0.002539
0.859484
0.033670
0.910127
1.000000
0.012114
0.191349
0.955769
0.236491
0.999808
1.000000
0.012109
0.388373
0.517674
0.435718
0.586031
1.000000
0.012109
0.839961
0.197207
0.940659
0.345337
1.000000
0.012101
0.011773
0.281523
0.051140
0.342535
1.000000
0.012068
0.439398
0.796427
0.485515
0.851897
1.000000
0.012057
0.364862
0.349476
0.412248
0.415762
1.000000
0.012035
0.233804
0.648225
0.284099
0.717662
1.000000
0.012029
0.430411
0.453575
0.547289
0.642956
1.000000
0.011966
0.092481
0.782566
0.132019
0.831819
1.000000
0.011952
0.616375
0.198075
0.722683
0.341234
1.000000
0.011947
0.092688
0.190120
0.133388
0.249156
1.000000
0.011935
0.614731
0.181466
0.663425
0.250444
1.000000
0.011925
0.818969
0.856487
0.860964
0.925610
1.000000
0.011911
0.963993
0.115769
0.997779
0.178996
1.000000
0.011881
0.957199
0.005468
0.995916
0.058963
1.000000
0.011825
0.610372
0.002685
0.660160
0.059064
1.000000
0.011812
0.116768
0.283569
0.159253
0.341780
1.000000
0.011795
0.407213
0.102733
0.504763
0.248575
1.000000
0.011793
0.139712
0.250291
0.183771
0.308977
1.000000
0.011774
0.167969
0.221352
0.211776
0.280034
1.000000
0.011766
0.834464
0.881644
0.878454
0.945665
1.000000
0.011765
0.469197
0.723200
0.517300
0.780875
1.000000
0.011763
0.410120
0.710760
0.459407
0.772732
1.000000
0.011734
0.338460
0.386034
0.389541
0.457507
1.000000
0.011729
0.613608
-0.002319
0.705353
0.093858
1.000000
0.011657
0.308112
0.411204
0.364511
0.493440
1.000000
0.011648
0.168316
0.855087
0.209155
0.906716
1.000000
0.011614
0.817541
0.121471
0.858073
0.179387
1.000000
0.011603
0.226508
0.716191
0.330529
0.855613
1.000000
0.011596
0.291712
0.954254
0.333939
0.996216
1.000000
0.011585
0.918579
0.245460
0.966311
0.317919
1.000000
0.011582
0.460488
0.707557
0.566345
0.827009
1.000000
0.011569
0.066616
0.188204
0.106356
0.247269
1.000000
0.011567
0.093918
0.222673
0.136077
0.279616
1.000000
0.011514
0.271468
0.216666
0.379805
0.353117
1.000000
0.011503
0.139499
0.558926
0.186788
0.621332
1.000000
0.011460
0.854164
0.005590
0.992050
0.244942
1.000000
0.011459
0.342190
0.955849
0.382851
0.996674
1.000000
0.011399
0.167050
0.824674
0.207481
0.874935
1.000000
0.011389
0.714946
0.953421
0.755795
0.996850
1.000000
0.011352
0.686036
0.012484
0.791767
0.132008
1.000000
0.011300
0.420040
0.905964
0.509695
1.005000
1.000000
0.011297
0.190525
0.556345
0.390976
0.845519
1.000000
0.011236
0.918485
0.282325
1.002076
0.469628
1.000000
0.011193
0.262764
0.651319
0.311622
0.718661
1.000000
0.011183
0.391684
0.352152
0.437908
0.417882
1.000000
0.011140
0.291931
0.716487
0.338960
0.782523
1.000000
0.011137
0.614169
0.119264
0.658568
0.182471
1.000000
0.011110
0.013297
0.077100
0.061403
0.142944
1.000000
0.011097
0.001670
0.583930
0.034600
0.648276
1.000000
0.011003
0.001699
0.620813
0.035653
0.686044
1.000000
0.010998
0.167299
0.186125
0.210622
0.249418
1.000000
0.010992
0.531475
0.132177
0.735032
0.442320
1.000000
0.010986
0.844261
0.253873
0.882249
0.307616
1.000000
0.010980
0.496902
0.648183
0.595486
0.794116
1.000000
0.010975
-0.000646
0.123009
0.065109
0.240974
1.000000
0.010972
0.281709
0.036750
0.483719
0.400925
1.000000
0.010946
0.966722
0.682325
0.998140
0.746512
1.000000
0.010944
0.085857
0.055301
0.276087
0.381845
1.000000
0.010941
0.234048
0.579980
0.284729
0.650201
1.000000
0.010925
0.215848
0.517948
0.261527
0.584737
1.000000
0.010867
0.565814
0.286469
0.607088
0.346316
1.000000
0.010844
0.588704
0.247984
0.633576
0.308122
1.000000
0.010832
0.001165
0.351501
0.032055
0.410894
1.000000
0.010804
0.267968
0.118809
0.311050
0.184083
1.000000
0.010773
0.967108
0.751210
0.999118
0.819596
1.000000
0.010763
0.466044
0.687164
0.512235
0.743637
1.000000
0.010724
0.002033
0.520704
0.035513
0.584712
1.000000
0.010702
0.888889
0.187715
0.929587
0.249076
1.000000
0.010699
0.868328
0.252505
0.908123
0.310857
1.000000
0.010688
0.858177
0.701847
1.001779
0.978721
1.000000
0.010677
0.239408
0.954120
0.285493
0.998623
1.000000
0.010667
0.410066
0.654761
0.458706
0.720866
1.000000
0.010653
0.285768
0.383481
0.339802
0.458845
1.000000
0.010628
0.966418
0.387490
0.999865
0.457268
1.000000
0.010619
0.641182
0.120700
0.687715
0.185035
1.000000
0.010612
0.492480
0.192621
0.532728
0.249940
1.000000
0.010600
0.878404
0.337601
1.005022
0.690571
1.000000
0.010600
0.690887
0.050177
0.740434
0.117240
1.000000
0.010582
0.817645
0.255612
0.856003
0.308515
1.000000
0.010581
0.138426
0.717534
0.185042
0.781992
1.000000
0.010578
0.929660
0.070391
1.000114
0.208951
1.000000
0.010564
0.001799
0.386760
0.032491
0.446592
1.000000
0.010550
0.105784
0.070940
0.543906
0.708346
1.000000
0.010549
0.394104
0.582242
0.438680
0.646840
1.000000
0.010510
0.420242
0.119306
0.460977
0.178956
1.000000
0.010510
0.168411
0.448129
0.266185
0.597857
1.000000
0.010506
0.241560
0.720648
0.284094
0.779337
1.000000
0.010501
0.842530
0.154671
0.885239
0.214615
1.000000
0.010446
0.443100
0.244302
0.487422
0.306699
1.000000
0.010446
0.216426
0.205891
0.314677
0.335642
1.000000
0.010405
0.010160
0.019117
0.091935
0.126756
1.000000
0.010401
0.538650
0.254338
0.628928
0.396344
1.000000
0.010398
0.707727
0.772505
0.815900
0.937245
1.000000
0.010391
0.087635
0.687241
0.131877
0.752346
1.000000
0.010379
0.218328
0.719492
0.259921
0.779138
1.000000
0.010376
0.215745
0.856155
0.255879
0.910312
1.000000
0.010375
0.677829
0.195912
0.784108
0.337521
1.000000
0.010362
0.117519
0.856188
0.158038
0.905830
1.000000
0.010361
0.143148
0.115257
0.182673
0.176836
1.000000
0.010354
0.216881
0.679839
0.261854
0.744682
1.000000
0.010348
0.168078
0.114116
0.207892
0.176374
1.000000
0.010334
0.366679
0.712141
0.411480
0.775175
1.000000
0.010321
0.966392
0.150862
0.998611
0.210358
1.000000
0.010316
0.892556
0.116574
0.933705
0.179852
1.000000
0.010308
0.539228
0.366885
0.581636
0.437828
1.000000
0.010299
0.793144
0.955058
0.834801
1.001412
1.000000
0.010257
0.790796
0.271188
0.884895
0.403788
1.000000
0.010246
0.590213
0.186483
0.633897
0.248261
1.000000
0.010227
0.819111
0.152084
0.862385
0.211418
1.000000
0.010208
0.085199
0.272826
0.185953
0.415007
1.000000
0.010183
0.792327
0.255205
0.831467
0.309132
1.000000
0.010172
0.025098
0.237612
0.109666
0.370674
1.000000
0.010139
0.843439
0.124315
0.882512
0.181705
1.000000
0.010139
0.363682
0.284539
0.410796
0.350284
1.000000
0.010134
0.665916
0.082336
0.716359
0.150118
1.000000
0.010125
0.190819
0.718543
0.232900
0.778991
1.000000
0.010122
0.119232
0.119326
0.158018
0.176464
1.000000
0.010108
0.117074
0.320415
0.156792
0.376636
1.000000
0.010102
0.142568
0.856115
0.184112
0.906985
1.000000
0.010085
0.916665
0.189372
0.957876
0.251897
1.000000
0.010076
0.893506
0.250317
0.935506
0.313317
1.000000
0.010074
0.709242
0.018201
0.763666
0.083764
1.000000
0.010048
0.542396
0.286439
0.584659
0.343830
1.000000
0.010039
0.190744
0.222595
0.236396
0.283683
