1.000000
0.940995
0.382335
0.233793
0.524825
0.457453
1.000000
0.054252
0.001936
0.769238
0.255730
1.016423
1.000000
0.048829
0.513385
0.257517
0.556818
0.325886
1.000000
0.040827
0.604436
0.558002
0.952724
1.058773
1.000000
0.032879
0.009799
0.943207
0.063064
0.995499
1.000000
0.032638
0.387295
0.312506
0.442665
0.397594
1.000000
0.030913
0.075112
0.730114
0.186234
0.853926
1.000000
0.030630
0.276574
0.311731
0.719451
1.002467
1.000000
0.030270
0.367072
0.253459
0.409580
0.322015
1.000000
0.028903
0.385456
0.057189
0.579787
0.355062
1.000000
0.027698
0.036168
0.434639
0.354761
0.965094
1.000000
0.025707
0.156583
0.729279
0.256224
0.866336
1.000000
0.024108
0.903992
0.115970
0.995535
0.274876
1.000000
0.023994
0.488566
0.100159
0.584655
0.239227
1.000000
0.023924
0.489817
0.276368
0.544909
0.354687
1.000000
0.023919
0.906876
0.309693
0.993091
0.492538
1.000000
0.023282
0.458797
0.215616
0.506243
0.282959
1.000000
0.022701
0.005576
0.537277
0.088172
0.685292
1.000000
0.022385
0.176292
0.516212
0.272473
0.653260
1.000000
0.022187
0.679139
0.095646
1.008779
0.743483
1.000000
0.021849
0.435582
0.246729
0.491324
0.322977
1.000000
0.021725
0.084800
0.756904
0.137131
0.819430
1.000000
0.021487
0.012237
0.542280
0.057543
0.618212
1.000000
0.021039
0.064813
0.648985
0.106110
0.712016
1.000000
0.021025
0.010677
0.641875
0.058193
0.715667
1.000000
0.020906
0.707515
0.714560
0.815319
0.849324
1.000000
0.020603
0.957572
0.017012
0.997792
0.085069
1.000000
0.020422
0.047818
0.884834
0.172879
0.999910
1.000000
0.020373
0.035030
0.555761
0.219647
0.822010
1.000000
0.020225
0.135298
0.759194
0.186751
0.821187
1.000000
0.020011
0.091014
0.610042
0.181998
0.741390
1.000000
0.019902
0.004492
0.914462
0.108501
1.004005
1.000000
0.019764
0.422518
0.078059
0.521705
0.214020
1.000000
0.019715
0.122617
0.553258
0.208472
0.683953
1.000000
0.019578
0.013730
0.750507
0.056884
0.807112
1.000000
0.019564
0.400844
0.176472
0.510527
0.334123
1.000000
0.019481
0.937782
0.003991
0.987828
0.057178
1.000000
0.019464
0.133677
0.689192
0.589204
1.037036
1.000000
0.019384
0.439308
0.194474
0.487366
0.259361
1.000000
0.019279
0.717751
0.953073
0.760199
0.996305
1.000000
0.019158
0.002292
0.580002
0.038275
0.652498
1.000000
0.019158
0.412580
0.217166
0.461845
0.286324
1.000000
0.019053
0.454856
0.159586
0.555325
0.310381
1.000000
0.019023
0.531206
0.215325
0.623570
0.359298
1.000000
0.018886
0.034461
0.613124
0.127458
0.748014
1.000000
0.018877
0.079163
0.809008
0.196243
0.949567
1.000000
0.018870
0.387392
0.248870
0.440742
0.327554
1.000000
0.018695
0.958781
0.749511
0.995749
0.819013
1.000000
0.018576
0.073509
0.512529
0.165918
0.655861
1.000000
0.018443
0.091389
0.648549
0.133527
0.710835
1.000000
0.018429
0.956143
0.112538
0.998936
0.190218
1.000000
0.018285
0.121829
0.554423
0.161888
0.618702
1.000000
0.018243
0.123739
0.588398
0.165222
0.651234
1.000000
0.018219
0.392313
0.191164
0.438840
0.258628
1.000000
0.018190
0.170518
0.610509
0.263858
0.753313
1.000000
0.018116
0.963980
0.950776
0.999311
0.998435
1.000000
0.018002
0.390900
0.005397
0.433566
0.051744
1.000000
0.017996
0.109933
0.779102
0.163327
0.839687
1.000000
0.017968
0.960713
0.175444
1.000380
0.252600
1.000000
0.017806
0.324619
0.518129
0.440312
0.669706
1.000000
0.017770
0.440809
0.342176
0.552125
0.514480
1.000000
0.017665
0.511119
0.302393
0.555842
0.381757
1.000000
0.017460
0.518842
0.148507
0.561024
0.204913
1.000000
0.017455
0.114033
0.644983
0.158617
0.708772
1.000000
0.017428
0.112908
0.683529
0.159036
0.746159
1.000000
0.017006
0.335647
0.075778
0.433750
0.223613
1.000000
0.016892
0.161529
0.757805
0.215199
0.825328
1.000000
0.016860
0.512716
0.003926
0.562910
0.056435
1.000000
0.016845
0.488860
0.221102
0.535430
0.287491
1.000000
0.016789
0.184899
0.779899
0.235211
0.847669
1.000000
0.016771
0.834670
0.132235
1.005990
0.486213
1.000000
0.016740
0.635644
0.799346
0.816813
1.024094
1.000000
0.016667
0.001326
0.892268
0.038027
0.949063
1.000000
0.016512
0.096747
0.452249
0.185230
0.595448
1.000000
0.016463
0.407322
0.363338
0.468441
0.449477
1.000000
0.016460
-0.000958
0.683104
0.068543
0.792928
1.000000
0.016330
0.238776
0.064217
0.336617
0.218745
1.000000
0.016278
0.116791
0.248089
0.157217
0.308577
1.000000
0.016204
0.216696
0.649150
0.259503
0.709657
1.000000
0.016197
0.415978
0.005932
0.460005
0.053287
1.000000
0.016150
0.066438
0.684831
0.108663
0.745002
1.000000
0.016116
0.166134
0.649913
0.206342
0.708588
1.000000
0.016098
0.020994
0.714549
0.126667
0.834328
1.000000
0.016084
0.166817
0.688625
0.207902
0.746992
1.000000
0.016062
0.486353
0.009848
0.591600
0.132177
1.000000
0.016032
0.217313
0.521993
0.263302
0.587368
1.000000
0.015989
0.563590
0.073074
0.663067
0.218145
1.000000
0.015978
0.364004
0.004792
0.408860
0.054111
1.000000
0.015917
0.089110
0.686693
0.133333
0.748119
1.000000
0.015887
0.120061
0.520463
0.158219
0.581449
1.000000
0.015877
0.118413
0.208778
0.215045
0.347670
1.000000
0.015762
0.002113
0.682952
0.036390
0.745018
1.000000
0.015657
0.242764
0.365241
0.442222
0.642939
1.000000
0.015634
0.204050
0.691535
0.300705
0.835781
1.000000
0.015606
0.260326
0.952787
0.304475
0.998030
1.000000
0.015602
0.735950
0.875973
0.836603
0.999413
1.000000
0.015581
0.817122
0.956464
0.859789
1.000060
1.000000
0.015560
0.851754
0.906235
0.939108
1.007250
1.000000
0.015507
0.272936
0.544598
0.385883
0.688148
1.000000
0.015441
0.189478
0.724105
0.235119
0.789117
1.000000
0.015384
0.213062
0.719807
0.260031
0.785251
1.000000
0.015373
0.122604
0.091375
0.218540
0.242811
1.000000
0.015342
0.038379
0.448794
0.131184
0.600127
1.000000
0.015322
0.215476
0.686214
0.259299
0.748902
1.000000
0.015307
0.067542
0.782373
0.115680
0.837023
1.000000
0.015242
0.923211
0.704724
1.000211
0.845568
1.000000
0.015242
0.537100
0.143785
0.625185
0.280646
1.000000
0.015227
0.318601
0.004187
0.363130
0.054797
1.000000
0.015202
0.869543
0.818829
0.997304
1.006647
1.000000
0.015101
0.066752
0.350088
0.160667
0.494630
1.000000
0.015005
0.001511
0.720113
0.037788
0.781034
1.000000
0.015001
0.040539
0.756549
0.088122
0.812638
1.000000
0.014992
0.038372
0.645012
0.084603
0.711475
1.000000
0.014987
0.964624
0.585820
0.997478
0.644502
1.000000
0.014977
0.109346
0.725412
0.161062
0.789762
1.000000
0.014897
0.765035
0.957719
0.808900
1.000445
1.000000
0.014873
0.066074
0.207464
0.158561
0.347611
1.000000
0.014843
0.135242
0.373338
0.327273
0.662010
1.000000
0.014825
0.229400
0.484626
0.328432
0.613665
1.000000
0.014822
0.207844
0.754516
0.257720
0.823962
1.000000
0.014778
0.549587
0.487518
0.654721
0.640270
1.000000
0.014701
0.668234
0.887595
0.762657
0.999464
1.000000
0.014689
0.507958
0.493464
0.709080
0.793189
1.000000
0.014648
0.166356
0.550962
0.206704
0.614776
1.000000
0.014635
0.318610
0.954084
0.358469
0.997188
1.000000
0.014617
0.164677
0.724373
0.210940
0.787572
1.000000
0.014582
0.192976
0.650342
0.235211
0.709411
1.000000
0.014564
0.465785
0.004599
0.511131
0.052199
1.000000
0.014558
0.517626
0.190543
0.557817
0.248985
1.000000
0.014555
0.782019
0.800533
0.880073
0.948030
1.000000
0.014551
0.359036
0.131954
0.464114
0.292689
1.000000
0.014542
0.219462
0.953330
0.263284
0.997511
1.000000
0.014519
0.338983
0.214803
0.429895
0.367423
1.000000
0.014510
0.653126
-0.007469
0.866770
0.224116
1.000000
0.014489
0.057581
0.954849
0.110076
1.001329
1.000000
0.014443
0.565185
0.220250
0.606592
0.281236
1.000000
0.014406
0.118489
0.188359
0.156294
0.246804
1.000000
0.014390
0.065498
0.723983
0.114316
0.787421
1.000000
0.014345
0.163700
0.617618
0.204887
0.678055
1.000000
0.014312
0.835496
0.114955
0.945004
0.247523
1.000000
0.014267
0.967660
0.691454
0.999064
0.751186
1.000000
0.014228
0.883454
0.017204
0.941078
0.090264
1.000000
0.014225
0.142768
0.557086
0.183894
0.621345
1.000000
0.014215
0.192817
0.690189
0.235401
0.750315
1.000000
0.014208
0.897211
0.005548
0.990117
0.116707
1.000000
0.014164
0.566058
0.150181
0.604882
0.205603
1.000000
0.014164
0.373434
0.471111
0.491623
0.626948
1.000000
0.014138
0.139500
0.658032
0.232766
0.800223
1.000000
0.014123
0.250918
0.041567
0.450847
0.389841
1.000000
0.014106
0.139634
0.614781
0.182793
0.677152
1.000000
0.014093
0.371181
0.339872
0.419911
0.412534
1.000000
0.014042
0.143519
0.459916
0.237844
0.597603
1.000000
0.013996
0.562209
0.003379
0.606233
0.053242
1.000000
0.013966
0.165410
0.811421
0.216022
0.873417
1.000000
0.013953
0.140059
0.687996
0.184876
0.748474
1.000000
0.013940
0.035641
0.777514
0.152270
0.902142
1.000000
0.013890
0.265003
0.755816
0.306048
0.816028
1.000000
0.013868
0.888387
0.120858
0.940373
0.188531
1.000000
0.013858
0.268762
0.151181
0.305691
0.205595
1.000000
0.013846
0.003456
0.521166
0.039796
0.592878
1.000000
0.013832
0.203975
0.910937
0.292282
1.003979
1.000000
0.013789
0.165503
0.490385
0.205979
0.547286
1.000000
0.013783
0.094163
0.247983
0.133611
0.307979
1.000000
0.013767
0.238912
0.719485
0.282212
0.781612
1.000000
0.013767
0.089063
0.277992
0.184656
0.431593
1.000000
0.013751
0.963966
0.814314
0.999070
0.881765
1.000000
0.013745
0.138099
0.725175
0.186109
0.787638
1.000000
0.013745
0.117218
0.284012
0.157120
0.343416
1.000000
0.013733
0.465993
0.003039
0.658597
0.274086
1.000000
0.013725
0.959547
0.375039
0.998554
0.454936
1.000000
0.013701
0.015878
0.788142
0.057704
0.839192
1.000000
0.013664
0.112745
0.953964
0.161615
1.000803
1.000000
0.013664
0.164910
0.957829
0.209214
1.000630
1.000000
0.013651
0.469390
0.241616
0.565832
0.397598
1.000000
0.013646
0.866487
0.951909
0.910787
0.998542
1.000000
0.013639
0.667050
0.956990
0.707087
0.997783
1.000000
0.013633
0.618013
0.057158
0.721280
0.213078
1.000000
0.013577
0.797377
0.907938
0.883874
1.008803
1.000000
0.013547
0.001845
0.859912
0.035871
0.912188
1.000000
0.013488
0.694165
0.957196
0.737640
0.999661
1.000000
0.013423
0.467988
0.115072
0.513362
0.176605
1.000000
0.013326
0.266600
0.716868
0.358900
0.857367
1.000000
0.013315
0.093021
0.452720
0.135355
0.516962
1.000000
0.013314
0.131816
0.876444
0.244985
0.997212
1.000000
0.013308
0.536067
0.019503
0.585048
0.088756
1.000000
0.013269
0.011785
0.198301
0.100734
0.347117
1.000000
0.013269
0.584394
0.210942
0.680284
0.354149
1.000000
0.013266
0.002711
0.185072
0.037074
0.253662
1.000000
0.013203
0.273758
0.210111
0.361982
0.343989
1.000000
0.013196
0.324345
0.188222
0.357934
0.240719
1.000000
0.013170
0.219338
0.211543
0.312458
0.340291
1.000000
0.013154
0.716845
0.775319
0.765732
0.845322
1.000000
0.013148
0.264964
0.720220
0.306223
0.781168
1.000000
0.013140
0.093715
0.386318
0.135749
0.449307
1.000000
0.013110
0.194337
0.525050
0.238051
0.584856
1.000000
0.013095
0.484183
0.376037
0.537862
0.452073
1.000000
0.013086
0.119249
0.487764
0.158267
0.547146
1.000000
0.013054
0.146262
0.521050
0.185732
0.579290
1.000000
0.013039
0.094235
0.589712
0.135558
0.649902
1.000000
0.013038
0.966114
0.520708
0.997972
0.579964
1.000000
0.013009
0.915319
0.546843
0.991469
0.678140
1.000000
0.012917
0.790616
0.958297
0.834465
1.001146
1.000000
0.012827
0.112003
0.814849
0.163339
0.878588
1.000000
0.012812
0.338807
0.019432
0.386739
0.086346
1.000000
0.012777
0.441676
0.005739
0.485751
0.052630
1.000000
0.012777
0.094408
0.552567
0.136412
0.616030
1.000000
0.012763
0.411581
0.478714
0.463253
0.550028
1.000000
0.012759
0.344181
0.157239
0.382199
0.211427
1.000000
0.012759
0.066693
0.587730
0.104357
0.647425
1.000000
0.012744
0.616768
0.119142
0.658377
0.180476
1.000000
0.012724
0.167894
0.251660
0.208904
0.307853
1.000000
0.012685
0.591878
0.002638
0.633183
0.050386
1.000000
0.012653
0.013185
0.822402
0.055185
0.875190
1.000000
0.012629
0.909322
0.002506
0.960531
0.055845
1.000000
0.012578
0.465719
0.153385
0.509184
0.212068
1.000000
0.012541
0.929325
0.202013
1.004166
0.359150
1.000000
0.012537
0.565273
0.186151
0.603783
0.244924
1.000000
0.012526
0.202231
0.565839
0.300314
0.708179
1.000000
0.012501
0.390778
0.156310
0.434331
0.214861
1.000000
0.012498
0.038530
0.724071
0.086525
0.783338
1.000000
0.012481
0.539221
0.119730
0.583081
0.184124
1.000000
0.012476
0.001464
0.244533
0.035501
0.312623
1.000000
0.012472
0.239145
0.756002
0.283264
0.819167
1.000000
0.012438
0.369398
0.192119
0.410640
0.255057
1.000000
0.012426
0.909815
0.173461
0.962571
0.250003
1.000000
0.012424
0.617863
0.951385
0.657945
0.994580
1.000000
0.012424
0.776935
0.741617
0.834275
0.819529
1.000000
0.012412
0.317850
0.724734
0.356344
0.781473
1.000000
0.012399
0.038313
0.684263
0.083388
0.745667
1.000000
0.012382
0.812520
0.205375
0.911346
0.342334
1.000000
0.012377
0.093134
0.199370
0.468706
0.748754
1.000000
0.012298
0.387088
0.514907
0.439303
0.587174
1.000000
0.012295
0.316183
0.551362
0.366520
0.622706
1.000000
0.012292
0.002467
0.139578
0.073918
0.286309
1.000000
0.012284
0.010891
0.486333
0.054558
0.559911
1.000000
0.012281
0.237819
0.615614
0.334629
0.754536
1.000000
0.012252
0.967962
0.654790
0.999591
0.714711
1.000000
0.012250
0.914534
0.952234
0.959426
0.999739
1.000000
0.012245
0.606330
0.877479
0.700466
0.996370
1.000000
0.012239
0.563770
0.667653
0.676528
0.829412
1.000000
0.012234
0.541323
0.187853
0.579606
0.244511
1.000000
0.012227
0.960201
0.316996
0.999494
0.395982
1.000000
0.012189
0.968062
0.620081
0.998846
0.675506
1.000000
0.012159
0.094770
0.189920
0.131740
0.246519
1.000000
0.012150
0.009299
0.013732
0.087436
0.138775
1.000000
0.012103
0.001091
0.834129
0.095006
0.951060
1.000000
0.012094
0.862773
0.123359
0.910891
0.182220
1.000000
0.012081
0.889719
0.950297
0.936113
0.999101
1.000000
0.012057
0.512359
0.160138
0.709726
0.460328
1.000000
0.012024
0.038790
0.204234
0.231848
0.530252
1.000000
0.012020
0.116698
0.320307
0.156814
0.380567
1.000000
0.011980
0.346325
0.190002
0.382515
0.244672
1.000000
0.011952
0.290718
0.108954
0.387730
0.253160
1.000000
0.011920
0.292797
0.125628
0.329970
0.181620
1.000000
0.011915
0.095244
0.517238
0.135132
0.579647
1.000000
0.011904
0.037565
0.581175
0.078074
0.643785
1.000000
0.011895
0.113065
0.854163
0.163426
0.915818
1.000000
0.011863
0.640778
0.953904
0.681866
0.996907
1.000000
0.011836
0.434235
0.538073
0.536024
0.681059
1.000000
0.011816
0.194981
0.763643
0.303874
0.918535
1.000000
0.011811
0.373655
0.559200
0.487561
0.715231
1.000000
0.011801
0.865063
0.188811
0.968644
0.354962
1.000000
0.011792
0.215692
0.579086
0.262529
0.650905
1.000000
0.011780
0.322359
0.155963
0.357460
0.207481
1.000000
0.011764
0.171846
0.149382
0.210569
0.207622
1.000000
0.011755
0.841102
0.955202
0.884782
1.000037
1.000000
0.011749
0.332826
0.299003
0.435279
0.458862
1.000000
0.011726
0.295326
0.004178
0.337248
0.051487
1.000000
0.011686
0.838191
0.121078
0.883903
0.177204
1.000000
0.011652
0.367570
0.414613
0.414922
0.480899
1.000000
0.011646
0.628047
0.540632
0.724341
0.677475
1.000000
0.011641
0.001216
0.387364
0.032691
0.448207
1.000000
0.011614
0.321118
0.124471
0.357956
0.180120
1.000000
0.011586
0.343704
0.124895
0.383584
0.181881
1.000000
0.011579
0.616723
0.003009
0.659533
0.052431
1.000000
0.011572
-0.003251
0.760299
0.069154
0.860393
1.000000
0.011543
0.760618
0.694705
0.872753
0.835648
1.000000
0.011483
0.389234
0.443791
0.440091
0.516507
1.000000
0.011472
0.441893
0.158668
0.484630
0.214396
1.000000
0.011468
0.123463
0.132636
0.343479
0.487581
1.000000
0.011358
0.116609
0.354147
0.157304
0.416568
1.000000
0.011352
0.220665
0.251495
0.258127
0.304381
1.000000
0.011332
0.782255
0.068161
0.891643
0.206584
1.000000
0.011288
0.233454
0.545694
0.281861
0.619062
1.000000
0.011275
0.413147
0.578046
0.459825
0.644558
1.000000
0.011272
0.368496
0.125143
0.408802
0.182061
1.000000
0.011257
0.116770
0.346947
0.213750
0.496216
1.000000
0.011257
0.842154
0.745031
0.942478
0.893629
1.000000
0.011252
0.002312
0.419886
0.081430
0.573050
1.000000
0.011247
0.434786
0.548156
0.488159
0.622040
1.000000
0.011246
0.271097
0.184723
0.304443
0.236055
1.000000
0.011224
0.763376
0.154345
0.865624
0.281286
1.000000
0.011217
0.141765
0.249585
0.183982
0.307253
1.000000
0.011205
0.261937
0.513785
0.305169
0.576640
1.000000
0.011195
0.963898
0.244185
1.001782
0.319264
1.000000
0.011182
0.269052
0.655438
0.309656
0.714211
1.000000
0.011178
0.839159
0.004070
0.888516
0.051382
1.000000
0.011173
0.194093
0.251897
0.231893
0.304035
1.000000
0.011166
0.443262
0.119401
0.486503
0.177277
1.000000
0.011163
0.492082
0.017526
0.540235
0.081427
1.000000
0.011152
0.068785
0.187402
0.104872
0.246897
1.000000
0.011132
0.060888
0.553127
0.100781
0.614694
1.000000
0.011104
0.194307
0.957959
0.237430
1.000532
1.000000
0.011102
0.429935
0.308876
0.490947
0.394775
1.000000
0.011091
0.165566
0.172564
0.261484
0.315914
1.000000
0.011072
0.812616
0.821847
0.859753
0.886410
1.000000
0.011064
0.246410
0.123937
0.284951
0.183274
1.000000
0.011052
0.592496
0.122244
0.633062
0.181441
1.000000
0.011043
0.665537
0.758852
0.775495
0.910693
1.000000
0.011011
0.009726
0.211180
0.052663
0.282158
1.000000
0.010991
0.389345
0.126142
0.431816
0.184144
1.000000
0.010976
0.064793
0.816917
0.112121
0.873779
1.000000
0.010966
0.267289
0.688436
0.308321
0.747652
1.000000
0.010956
0.290113
0.654834
0.333810
0.716431
1.000000
0.010941
0.914708
0.614362
0.996919
0.770369
1.000000
0.010935
0.221291
0.184867
0.256065
0.237717
1.000000
0.010931
0.347926
0.317530
0.389643
0.378478
1.000000
0.010912
0.427065
0.070629
0.825205
0.631866
1.000000
0.010894
0.095203
0.318745
0.134276
0.379024
1.000000
0.010886
0.667282
0.004682
0.711113
0.053592
1.000000
0.010852
0.693179
0.720161
0.744315
0.788476
1.000000
0.010844
0.295739
0.720380
0.336540
0.778761
1.000000
0.010844
0.364972
0.372909
0.478848
0.546549
1.000000
0.010837
0.346551
0.351379
0.390348
0.414815
1.000000
0.010811
0.262483
0.583126
0.305179
0.645303
1.000000
0.010777
0.265563
0.908584
0.357270
1.006612
1.000000
0.010741
0.193639
0.182181
0.228803
0.234077
1.000000
0.010731
0.433851
0.402620
0.491518
0.482782
1.000000
0.010721
0.529781
0.281077
0.575963
0.345344
1.000000
0.010709
0.034038
0.266908
0.134311
0.423694
1.000000
0.010704
0.116379
0.417500
0.158480
0.480504
1.000000
0.010695
0.592899
0.247631
0.632410
0.306495
1.000000
0.010689
0.764725
0.123623
0.806471
0.176901
1.000000
0.010682
0.293719
0.583077
0.339627
0.646186
1.000000
0.010655
0.658241
0.579937
0.758869
0.731806
1.000000
0.010650
0.170483
0.181388
0.208559
0.236463
1.000000
0.010643
0.615295
0.654848
0.657758
0.715550
1.000000
0.010606
0.269828
0.316557
0.364458
0.461489
1.000000
0.010591
0.236272
0.544183
0.440094
0.854307
1.000000
0.010588
0.243236
0.251026
0.280259
0.303488
1.000000
0.010558
0.490359
0.148655
0.536045
0.208473
1.000000
0.010553
0.669813
0.118510
0.710460
0.178487
1.000000
0.010548
0.466199
0.057574
0.506811
0.111513
1.000000
0.010544
0.538570
0.221822
0.579752
0.281670
1.000000
0.010517
0.764926
0.003828
0.814523
0.052276
1.000000
0.010506
0.001845
0.452839
0.033564
0.516578
1.000000
0.010499
0.086227
0.918955
0.142083
0.986085
1.000000
0.010498
0.095195
0.285408
0.134335
0.344878
1.000000
0.010498
0.965783
0.451678
0.998787
0.516260
1.000000
0.010484
0.296154
0.756814
0.336337
0.813712
1.000000
0.010469
0.074566
0.106616
0.164043
0.252340
1.000000
0.010453
0.013669
0.418715
0.052074
0.479678
1.000000
0.010453
0.359231
0.574995
0.413084
0.650805
1.000000
0.010427
0.791466
0.122274
0.835065
0.176136
1.000000
0.010425
0.938572
0.923779
0.988337
0.988529
1.000000
0.010408
0.350530
0.284680
0.389740
0.345489
1.000000
0.010370
0.141893
0.186970
0.179910
0.241268
1.000000
0.010344
0.825712
-0.002604
0.945760
0.114361
1.000000
0.010330
0.741179
0.123790
0.783671
0.177944
1.000000
0.010318
0.893009
0.320239
0.938421
0.388956
1.000000
0.010316
0.211755
0.813195
0.255177
0.869920
1.000000
0.010308
0.067724
0.451189
0.108802
0.514384
1.000000
0.010274
0.642852
0.004725
0.685192
0.052301
1.000000
0.010253
0.457295
0.279803
0.512758
0.359055
1.000000
0.010180
0.340225
0.517640
0.392830
0.589799
1.000000
0.010178
0.234001
0.615919
0.279407
0.679876
1.000000
0.010157
0.810683
0.750071
0.857262
0.815911
1.000000
0.010051
0.244487
0.184046
0.280525
0.237536
1.000000
0.010051
0.066721
0.487512
0.106247
0.550598
1.000000
0.010039
0.474043
0.596348
0.570484
0.738843
1.000000
0.010039
0.815789
0.188272
0.858910
0.242625
1.000000
0.010010
0.920889
0.750188
0.962474
0.812388
