1.000000
0.978070
0.506662
0.315428
0.712695
0.675919
1.000000
0.058996
0.002007
0.755354
0.263369
1.001738
1.000000
0.049341
0.033835
0.615734
0.411294
1.123174
1.000000
0.041787
0.237635
0.507685
0.704465
1.056334
1.000000
0.039520
0.811722
0.863788
0.862368
0.946905
1.000000
0.032404
0.682295
0.419818
0.727349
0.493396
1.000000
0.031094
0.648291
0.364606
0.738618
0.522922
1.000000
0.028402
0.632964
0.512438
0.680049
0.587220
1.000000
0.027565
0.556807
0.254914
0.677746
0.418686
1.000000
0.027363
0.938915
0.945058
0.988036
0.998424
1.000000
0.026713
0.024237
0.716124
0.114545
0.836648
1.000000
0.026103
0.114170
0.606030
0.220923
0.740710
1.000000
0.025058
0.513650
0.057866
0.619852
0.210278
1.000000
0.023724
0.461824
0.389321
0.503379
0.462816
1.000000
0.023202
-0.000940
0.219383
0.273621
0.783543
1.000000
0.023000
0.081386
0.672312
0.191843
0.824284
1.000000
0.022900
0.663023
0.090974
0.776986
0.245569
1.000000
0.022377
0.012605
0.945878
0.061937
0.995185
1.000000
0.022224
0.662848
0.320223
0.708450
0.393372
1.000000
0.021894
0.426897
0.515581
0.655707
0.838620
1.000000
0.021501
0.466227
0.344203
0.564875
0.523656
1.000000
0.021337
0.730298
0.748769
0.991088
1.014664
1.000000
0.020988
0.114562
0.618805
0.165168
0.690763
1.000000
0.020331
0.608037
0.532959
0.662925
0.618666
1.000000
0.020089
0.014077
0.746010
0.067531
0.820303
1.000000
0.020061
0.172057
0.597056
0.278922
0.735488
1.000000
0.019931
0.541187
0.322367
0.586383
0.386220
1.000000
0.019854
0.615701
0.284308
0.664202
0.355186
1.000000
0.019854
0.860132
0.950025
0.906728
0.999353
1.000000
0.019791
0.627261
0.263128
0.730774
0.418888
1.000000
0.019738
0.762796
0.953021
0.808361
1.000248
1.000000
0.019341
0.592049
0.320070
0.639712
0.389005
1.000000
0.018976
0.587726
0.448644
0.694675
0.628520
1.000000
0.018916
0.645676
0.348714
0.689838
0.415806
1.000000
0.018788
0.590450
0.021483
0.638797
0.091215
1.000000
0.018691
0.069440
0.567436
0.167466
0.698050
1.000000
0.018611
0.962876
0.883894
0.998089
0.950016
1.000000
0.018438
0.927865
0.222019
0.997542
0.353538
1.000000
0.018318
0.965297
0.816272
0.998748
0.881754
1.000000
0.018293
0.715654
0.878734
0.816410
0.996649
1.000000
0.017990
0.715232
0.951600
0.762489
0.998485
1.000000
0.017628
0.068774
0.005560
0.549328
0.802425
1.000000
0.017530
0.669656
0.393305
0.711195
0.463962
1.000000
0.017480
0.543112
0.912269
0.585707
0.972123
1.000000
0.017329
0.644062
0.416494
0.688538
0.484319
1.000000
0.017236
0.541821
0.118667
0.587686
0.183414
1.000000
0.017181
0.246683
0.680155
0.350803
0.830786
1.000000
0.017046
0.060563
0.954944
0.107841
0.998222
1.000000
0.016984
0.565720
0.951725
0.606292
0.996766
1.000000
0.016846
0.003903
0.250874
0.035461
0.309957
1.000000
0.016842
0.540770
0.288486
0.586649
0.351671
1.000000
0.016829
0.615804
0.393254
0.656709
0.456890
1.000000
0.016744
0.524358
0.090717
0.726983
0.425419
1.000000
0.016675
0.907027
0.885988
0.995605
0.994900
1.000000
0.016503
0.696549
0.000453
0.901359
0.237766
1.000000
0.016400
0.614117
0.449117
0.662247
0.523691
1.000000
0.016357
0.063866
0.691168
0.108249
0.757057
1.000000
0.016230
0.535673
0.008153
0.634721
0.124287
1.000000
0.016166
0.476176
-0.026003
0.682593
0.249090
1.000000
0.016153
0.162083
0.588008
0.214157
0.655241
1.000000
0.016135
0.152150
0.654966
0.256958
0.814890
1.000000
0.016104
0.466925
0.712827
0.885987
1.010912
1.000000
0.016062
0.912933
0.950115
0.959960
0.999876
1.000000
0.016011
0.926961
0.401371
0.998849
0.584659
1.000000
0.015985
0.666283
0.003039
0.708639
0.050882
1.000000
0.015979
0.960883
0.218825
0.997697
0.286001
1.000000
0.015950
0.187827
0.646892
0.241436
0.722975
1.000000
0.015917
0.554752
0.148313
0.657406
0.279390
1.000000
0.015773
0.047512
0.628367
0.147953
0.763039
1.000000
0.015759
0.513956
0.225525
0.619843
0.365498
1.000000
0.015745
0.589746
0.119474
0.632481
0.178642
1.000000
0.015731
0.092229
0.647988
0.139148
0.714373
1.000000
0.015727
0.640195
0.002824
0.683167
0.051686
1.000000
0.015696
0.592558
0.008225
0.808748
0.303029
1.000000
0.015690
0.517570
0.117949
0.561141
0.179999
1.000000
0.015617
0.614751
0.352580
0.658353
0.416763
1.000000
0.015592
0.579259
0.070952
0.678536
0.210547
1.000000
0.015579
0.871106
0.169471
1.006073
0.450217
1.000000
0.015532
0.563705
0.351819
0.608835
0.418011
1.000000
0.015374
0.616413
0.143264
0.720406
0.277957
1.000000
0.015328
0.611548
0.004593
0.657176
0.056846
1.000000
0.015287
0.563520
0.147839
0.606351
0.205985
1.000000
0.015224
0.798311
0.890174
0.881768
1.001898
1.000000
0.015218
0.002880
0.787108
0.039140
0.845024
1.000000
0.015080
0.210507
0.616259
0.261974
0.691708
1.000000
0.015045
0.674105
0.911113
0.768912
1.005380
1.000000
0.014903
0.001418
0.892489
0.035057
0.947804
1.000000
0.014849
0.069951
0.621503
0.111676
0.684828
1.000000
0.014849
0.116400
0.956872
0.160372
0.998046
1.000000
0.014835
0.391083
0.110419
0.488004
0.258127
1.000000
0.014748
0.567875
0.223288
0.611315
0.281215
1.000000
0.014719
0.083191
0.719569
0.130883
0.784488
1.000000
0.014672
0.540986
0.254268
0.586692
0.317617
1.000000
0.014611
0.755482
0.821863
0.856806
0.961077
1.000000
0.014595
0.003171
0.321762
0.033301
0.377872
1.000000
0.014585
0.737409
0.922099
0.786763
0.985877
1.000000
0.014512
0.491997
0.287390
0.605074
0.459598
1.000000
0.014427
0.089588
0.553200
0.132746
0.611390
1.000000
0.014419
0.664550
0.258200
0.708171
0.321110
1.000000
0.014344
0.614914
0.124028
0.655627
0.180385
1.000000
0.014303
0.072424
0.210686
0.165920
0.345622
1.000000
0.014296
0.603532
0.617774
0.725840
0.781177
1.000000
0.014290
0.528751
0.872299
0.612768
0.984216
1.000000
0.014287
0.885698
0.921645
0.939311
0.989646
1.000000
0.014254
0.817366
0.945012
0.863138
0.997489
1.000000
0.014189
0.002569
0.772314
0.085647
0.897214
1.000000
0.014169
0.710907
0.321504
0.751313
0.383719
1.000000
0.014164
0.009939
0.681861
0.057187
0.750643
1.000000
0.014100
0.162035
0.957948
0.205863
1.000117
1.000000
0.014099
-0.000579
0.208423
0.057972
0.326363
1.000000
0.014092
0.267737
0.719356
0.310918
0.782830
1.000000
0.014087
0.420831
0.590111
0.552758
0.761186
1.000000
0.014081
0.642386
0.125240
0.684248
0.181141
1.000000
0.014073
0.564974
0.004498
0.610943
0.054808
1.000000
0.014071
0.590058
0.247654
0.636799
0.313322
1.000000
0.014020
0.090115
0.590518
0.134918
0.654359
1.000000
0.013998
0.004085
0.190699
0.037756
0.252053
1.000000
0.013985
0.664494
0.148034
0.711854
0.211226
1.000000
0.013937
0.637994
0.256087
0.685251
0.322205
1.000000
0.013862
0.688794
0.256595
0.732711
0.316919
1.000000
0.013767
0.691863
0.004446
0.735257
0.050069
1.000000
0.013652
0.267094
0.753169
0.310096
0.816884
1.000000
0.013621
0.112912
0.675627
0.165416
0.752516
1.000000
0.013605
0.088050
0.684682
0.134718
0.752722
1.000000
0.013561
0.214909
0.714191
0.257446
0.777858
1.000000
0.013461
0.517271
0.285561
0.562701
0.349324
1.000000
0.013445
0.045051
0.893445
0.161707
1.001362
1.000000
0.013436
0.743005
0.855874
0.788720
0.916243
1.000000
0.013426
0.963360
0.117672
0.997830
0.180652
1.000000
0.013406
0.960201
0.277453
0.997982
0.349586
1.000000
0.013392
0.056863
0.777901
0.164073
0.922267
1.000000
0.013351
0.010009
0.814166
0.056364
0.874062
1.000000
0.013339
0.515418
0.349740
0.563577
0.421293
1.000000
0.013302
0.714642
0.082481
0.763509
0.145587
1.000000
0.013292
0.469580
0.102398
0.574132
0.246926
1.000000
0.013290
0.261185
0.618266
0.307563
0.686010
1.000000
0.013289
0.764481
0.118697
0.808631
0.176721
1.000000
0.013227
0.002568
0.283295
0.033781
0.340232
1.000000
0.013193
0.113426
0.096354
0.220060
0.260147
1.000000
0.013143
0.495274
0.118532
0.536035
0.177678
1.000000
0.013075
0.001343
0.719124
0.038264
0.783850
1.000000
0.013063
0.588369
0.189237
0.630851
0.245913
1.000000
0.013000
0.964660
0.152867
0.997892
0.211710
1.000000
0.012979
0.769715
0.854014
0.813706
0.918608
1.000000
0.012968
0.667351
0.089687
0.711287
0.149142
1.000000
0.012964
0.088140
0.957977
0.133906
0.999636
1.000000
0.012949
0.715581
0.003916
0.763189
0.052566
1.000000
0.012938
0.614267
0.955095
0.656468
0.999709
1.000000
0.012920
0.668577
0.739560
0.784977
0.900763
1.000000
0.012887
0.116055
0.252886
0.155783
0.308459
1.000000
0.012873
0.937355
0.018435
0.993062
0.093288
1.000000
0.012849
0.713102
0.115252
0.760500
0.178475
1.000000
0.012838
0.613334
0.224854
0.658784
0.284023
1.000000
0.012762
0.290852
0.110541
0.394057
0.259593
1.000000
0.012736
0.684984
0.350467
0.729422
0.419360
1.000000
0.012736
0.590001
0.954643
0.631806
0.999526
1.000000
0.012722
0.242155
0.718209
0.283926
0.778713
1.000000
0.012561
0.235312
0.644243
0.284991
0.718527
1.000000
0.012521
0.520539
0.955799
0.558744
0.997334
1.000000
0.012520
0.616315
0.185685
0.660167
0.245427
1.000000
0.012498
0.940971
0.190625
0.987866
0.257216
1.000000
0.012486
0.687397
0.289413
0.731870
0.353200
1.000000
0.012464
0.236289
0.590566
0.281006
0.654980
1.000000
0.012451
0.528147
0.806873
0.714674
1.023884
1.000000
0.012438
0.791819
0.951711
0.838511
1.001667
1.000000
0.012378
0.565655
0.186214
0.607749
0.242823
1.000000
0.012357
0.264932
0.681677
0.310522
0.750008
1.000000
0.012337
0.738533
0.115824
0.784730
0.175939
1.000000
0.012295
0.684545
0.466685
0.730968
0.538826
1.000000
0.012133
0.589791
0.484693
0.640846
0.559102
1.000000
0.012068
0.667534
0.956494
0.711572
1.000722
1.000000
0.012056
0.137150
0.539605
0.236722
0.679010
1.000000
0.012056
0.918611
0.245924
0.964503
0.316678
1.000000
0.012046
0.117447
0.528606
0.310517
0.801982
1.000000
0.012025
0.306910
0.651271
0.433119
0.821800
1.000000
0.011960
0.420063
0.117909
0.458698
0.176773
1.000000
0.011922
0.468300
0.120382
0.506517
0.178111
1.000000
0.011920
0.542846
0.183033
0.586370
0.238934
1.000000
0.011912
0.005702
0.898632
0.094773
0.997082
1.000000
0.011906
0.918195
0.193449
0.960265
0.253582
1.000000
0.011882
0.441449
0.118617
0.481488
0.178024
1.000000
0.011880
0.094094
0.251458
0.135042
0.307679
1.000000
0.011871
0.711712
0.288461
0.754512
0.351703
1.000000
0.011823
0.001129
0.653099
0.037749
0.718422
1.000000
0.011811
0.815131
0.117220
0.860446
0.175941
1.000000
0.011732
0.087008
0.021053
0.288342
0.382013
1.000000
0.011731
0.060208
0.776465
0.106644
0.835048
1.000000
0.011694
0.516596
0.224990
0.559035
0.282531
1.000000
0.011662
0.565294
0.086599
0.609931
0.146632
1.000000
0.011630
0.588661
0.079596
0.635291
0.144174
1.000000
0.011566
0.005206
0.591604
0.084617
0.728448
1.000000
0.011559
0.002030
0.352317
0.033619
0.410004
1.000000
0.011554
0.687958
0.118691
0.736477
0.182568
1.000000
0.011513
0.959944
0.005540
0.997786
0.058287
1.000000
0.011496
0.219026
0.952061
0.261785
0.996291
1.000000
0.011425
0.517795
0.744046
0.619316
0.897092
1.000000
0.011420
0.064517
0.499041
0.154270
0.633542
1.000000
0.011365
0.563338
0.907068
0.651757
1.006857
1.000000
0.011354
0.255806
0.592894
0.359989
0.739990
1.000000
0.011345
0.479316
0.637221
0.596759
0.801634
1.000000
0.011334
0.959706
0.048917
0.996095
0.112242
1.000000
0.011328
0.281844
0.501619
0.513609
0.819808
1.000000
0.011311
0.818059
0.257512
0.857642
0.313184
1.000000
0.011304
0.466816
0.954056
0.507380
0.995573
1.000000
0.011303
0.491190
0.956917
0.530806
0.998551
1.000000
0.011291
0.966379
0.348878
0.998924
0.416724
1.000000
0.011287
0.802565
0.094979
0.916493
0.244234
1.000000
0.011270
0.466928
0.154180
0.506139
0.209843
1.000000
0.011247
0.640127
0.957652
0.684716
1.001943
1.000000
0.011237
0.679201
0.221075
0.777280
0.358847
1.000000
0.011231
0.789642
0.215696
0.885621
0.346071
1.000000
0.011227
0.967148
0.752388
0.999229
0.818839
1.000000
0.011158
0.001423
0.857812
0.033814
0.911415
1.000000
0.011099
0.961904
0.617433
0.996197
0.682060
1.000000
0.011086
0.702633
0.446157
0.745477
0.513191
1.000000
0.011082
0.467802
0.884977
0.562829
0.997625
1.000000
0.011076
0.894693
0.223052
0.935773
0.279605
1.000000
0.011072
0.636338
0.299960
0.829407
0.590446
1.000000
0.010991
0.002264
0.387117
0.033412
0.445639
1.000000
0.010988
0.667357
0.053480
0.707618
0.110887
1.000000
0.010956
0.134281
0.712667
0.184980
0.783883
1.000000
0.010948
0.593564
0.413453
0.640601
0.486748
1.000000
0.010938
0.713369
0.253700
0.756050
0.313573
1.000000
0.010931
0.746737
0.004748
0.845156
0.103044
1.000000
0.010920
0.211879
0.099853
0.321266
0.259020
1.000000
0.010893
0.369514
0.119460
0.407672
0.175479
1.000000
0.010876
0.113377
0.748446
0.159715
0.811823
1.000000
0.010817
0.340220
0.136462
0.442161
0.277966
1.000000
0.010792
0.216343
0.751643
0.257390
0.813264
1.000000
0.010785
0.892289
0.193389
0.933014
0.250971
1.000000
0.010785
0.540381
0.018681
0.587905
0.085724
1.000000
0.010773
0.946620
0.855482
0.990099
0.920004
1.000000
0.010748
0.634428
0.649095
0.695206
0.729640
1.000000
0.010724
0.817588
0.287689
0.858625
0.347329
1.000000
0.010704
0.543085
0.224336
0.587809
0.282302
1.000000
0.010701
0.192455
0.752198
0.235351
0.815496
1.000000
0.010656
0.350179
0.334595
0.541343
0.675222
1.000000
0.010619
0.848741
0.210255
0.946401
0.349039
1.000000
0.010618
0.866340
0.189525
0.907916
0.247275
1.000000
0.010612
0.211963
0.018795
0.430349
0.382271
1.000000
0.010540
0.001732
0.450746
0.034623
0.513711
1.000000
0.010517
0.965097
0.384602
0.998907
0.458225
1.000000
0.010515
0.157803
0.673442
0.211686
0.750422
1.000000
0.010508
0.922371
0.750542
0.999380
0.898218
1.000000
0.010501
0.493602
0.151087
0.535745
0.208439
1.000000
0.010482
0.139846
0.254410
0.179337
0.308303
1.000000
0.010458
0.244377
0.754801
0.285730
0.815531
1.000000
0.010382
0.515195
0.086459
0.560972
0.146455
1.000000
0.010336
0.318657
0.117126
0.356017
0.173447
1.000000
0.010321
0.540902
0.384343
0.587966
0.453953
1.000000
0.010302
0.342920
0.120006
0.381059
0.176060
1.000000
0.010271
0.606686
0.000291
0.694441
0.092617
1.000000
0.010271
0.132192
0.209240
0.236492
0.350236
1.000000
0.010269
0.664902
0.221895
0.708651
0.280356
1.000000
0.010245
0.856151
0.856970
0.900532
0.919232
1.000000
0.010241
0.740950
0.821005
0.789507
0.885323
1.000000
0.010218
0.687646
0.178721
0.734594
0.241881
1.000000
0.010203
0.859670
0.826928
0.901563
0.886405
1.000000
0.010185
0.716729
0.222116
0.759134
0.277703
1.000000
0.010171
0.394819
0.120492
0.432927
0.177492
1.000000
0.010171
0.765597
0.152246
0.811281
0.210946
1.000000
0.010171
0.701133
0.285574
0.800106
0.432747
1.000000
0.010068
0.859183
0.002371
0.997386
0.213061
1.000000
0.010057
0.715116
0.854054
0.760392
0.914053
1.000000
0.010032
0.708996
0.391951
0.749312
0.456333
1.000000
0.010009
0.891118
0.887926
0.934214
0.948284
