1.000000
0.300033
0.347661
0.255410
0.520341
0.524681
1.000000
0.068029
0.614093
0.533054
0.977809
1.073657
1.000000
0.051264
0.483939
0.286679
0.530293
0.349902
1.000000
0.041500
-0.001489
0.774757
0.248158
1.012981
1.000000
0.038338
0.295673
0.283058
0.702073
0.976772
1.000000
0.034784
0.429736
0.229772
0.536623
0.373192
1.000000
0.031631
0.364315
0.378144
0.415410
0.450508
1.000000
0.030462
0.389740
0.439938
0.443867
0.517416
1.000000
0.029762
0.009089
0.940953
0.065878
0.996697
1.000000
0.027326
0.698677
0.125057
1.011200
0.789131
1.000000
0.026774
0.010532
0.016238
0.090636
0.122025
1.000000
0.025477
0.109489
0.727471
0.221387
0.859587
1.000000
0.025227
0.371157
0.394505
0.478941
0.554682
1.000000
0.024805
0.008932
0.635430
0.059730
0.716139
1.000000
0.024688
0.317055
0.243923
0.440149
0.413745
1.000000
0.023386
0.371907
0.679257
0.836130
1.024289
1.000000
0.022604
0.897654
0.129538
0.994050
0.281902
1.000000
0.022447
0.344469
0.353164
0.392874
0.417168
1.000000
0.022000
0.359876
0.183341
0.485547
0.352544
1.000000
0.021977
0.466773
0.953949
0.505019
0.996325
1.000000
0.021898
0.418034
0.950331
0.457696
0.994768
1.000000
0.021602
0.018956
0.909269
0.132854
1.004294
1.000000
0.021169
0.035993
0.417317
0.360958
0.963500
1.000000
0.020912
0.176933
0.722341
0.268856
0.859747
1.000000
0.020612
0.296414
0.664906
0.382576
0.811773
1.000000
0.020590
0.391589
0.513112
0.438470
0.578411
1.000000
0.020161
0.907047
0.316087
0.995285
0.505663
1.000000
0.019975
0.309696
0.336070
0.410132
0.471421
1.000000
0.019908
0.719335
0.706726
0.825347
0.843541
1.000000
0.019844
0.191357
0.518079
0.279780
0.646904
1.000000
0.019781
0.467858
0.261918
0.517547
0.329306
1.000000
0.019720
0.958877
0.747366
0.996499
0.820720
1.000000
0.019684
0.321917
0.351391
0.364974
0.410387
1.000000
0.019401
0.318213
0.543970
0.412659
0.691116
1.000000
0.019396
0.150871
0.717653
0.547013
1.041256
1.000000
0.019326
0.319963
0.720510
0.357427
0.778455
1.000000
0.019197
0.963788
0.948847
0.999178
0.997697
1.000000
0.019183
0.095212
0.605063
0.186252
0.740069
1.000000
0.019107
0.849781
0.164236
0.999921
0.482720
1.000000
0.019088
0.618621
0.950645
0.658544
0.994479
1.000000
0.019010
0.471632
0.295112
0.568836
0.454873
1.000000
0.018994
0.419111
0.548522
0.465136
0.613049
1.000000
0.018831
0.321741
0.752572
0.357434
0.806221
1.000000
0.018798
0.397060
0.117504
0.578420
0.420425
1.000000
0.018796
0.412510
0.247450
0.465997
0.321050
1.000000
0.018788
0.365688
0.535076
0.468024
0.679564
1.000000
0.018657
0.058463
0.700274
0.167009
0.829911
1.000000
0.018590
0.296080
0.658100
0.335189
0.716257
1.000000
0.018544
0.319069
0.953229
0.358763
0.996534
1.000000
0.018505
0.393963
0.950470
0.434268
0.996289
1.000000
0.018343
0.013126
0.070016
0.063416
0.138267
1.000000
0.018317
0.273370
0.518809
0.370112
0.657550
1.000000
0.018257
0.262799
0.346249
0.455869
0.626612
1.000000
0.018010
0.265892
0.888300
0.361055
1.000878
1.000000
0.017850
0.053203
0.773777
0.178181
0.908616
1.000000
0.017795
0.503958
0.221324
0.596370
0.359769
1.000000
0.017730
0.568420
0.209779
0.663637
0.350282
1.000000
0.017725
0.419351
0.908054
0.499532
1.001784
1.000000
0.017563
0.298209
0.718301
0.334985
0.774379
1.000000
0.017416
0.275032
0.743875
0.363027
0.886167
1.000000
0.017399
0.274844
0.380660
0.371000
0.513986
1.000000
0.017376
0.319948
0.382712
0.362737
0.443509
1.000000
0.017337
0.439788
0.395845
0.550023
0.555750
1.000000
0.017310
0.363935
0.285137
0.413454
0.351848
1.000000
0.017302
0.566523
0.954323
0.605208
0.996034
1.000000
0.017280
0.040530
0.551048
0.223597
0.822970
1.000000
0.017267
0.005962
0.560093
0.088053
0.707312
1.000000
0.017232
0.565329
0.282786
0.665692
0.438503
1.000000
0.017223
0.101570
0.518760
0.190520
0.657657
1.000000
0.017219
0.362007
0.324334
0.412931
0.395250
1.000000
0.017112
0.457283
0.236964
0.651024
0.527252
1.000000
0.017091
0.960345
0.178329
1.000106
0.252829
1.000000
0.017089
0.130145
0.377698
0.326938
0.653218
1.000000
0.017037
0.523855
0.448898
0.620712
0.602652
1.000000
0.017029
0.375035
0.904400
0.457701
1.000472
1.000000
0.017014
0.436558
0.537237
0.536045
0.680258
1.000000
0.016992
0.319208
0.419544
0.360683
0.477824
1.000000
0.016949
0.242487
0.672176
0.333352
0.818434
1.000000
0.016946
0.003259
0.187276
0.036924
0.249945
1.000000
0.016925
0.411105
0.318520
0.463104
0.387923
1.000000
0.016915
0.368580
0.954372
0.407445
0.997009
1.000000
0.016868
0.000876
0.890431
0.039482
0.949768
1.000000
0.016864
0.362562
0.517636
0.409396
0.584620
1.000000
0.016860
0.062324
0.649713
0.103440
0.712397
1.000000
0.016723
0.010066
0.588148
0.054557
0.662546
1.000000
0.016712
0.442285
0.951739
0.484058
0.997007
1.000000
0.016663
0.403253
0.460020
0.511255
0.611621
1.000000
0.016516
0.542414
0.952312
0.582887
0.995979
1.000000
0.016512
0.218399
0.523614
0.258406
0.580072
1.000000
0.016498
0.446602
0.166558
0.551729
0.305046
1.000000
0.016356
0.096546
0.097446
0.188686
0.240104
1.000000
0.016304
0.420244
0.582735
0.460488
0.641076
1.000000
0.016301
0.393198
0.549829
0.440142
0.614476
1.000000
0.016293
0.435828
0.215710
0.489637
0.286715
1.000000
0.016265
0.873216
0.817329
0.996662
1.005263
1.000000
0.016216
0.014189
0.749076
0.057892
0.808853
1.000000
0.016201
0.342164
0.458752
0.445916
0.613827
1.000000
0.016161
0.438417
0.315570
0.489444
0.381104
1.000000
0.016161
0.924835
0.702623
0.999309
0.851596
1.000000
0.016150
0.571760
0.880408
0.663732
0.995221
1.000000
0.016143
0.521338
0.954325
0.559688
0.996178
1.000000
0.016132
0.761647
0.873095
0.862672
0.995777
1.000000
0.016110
0.144075
0.495570
0.234115
0.628434
1.000000
0.016106
0.137296
0.758173
0.190789
0.822428
1.000000
0.016012
0.832887
0.019683
1.000329
0.211982
1.000000
0.015925
0.002028
0.247014
0.036521
0.314090
1.000000
0.015896
0.316760
0.685487
0.356561
0.745938
1.000000
0.015841
0.341428
0.953581
0.382592
0.997724
1.000000
0.015834
0.229837
0.484949
0.325720
0.612003
1.000000
0.015821
0.669740
0.599604
0.872956
0.867144
1.000000
0.015805
0.222381
0.908440
0.307012
1.000849
1.000000
0.015795
0.211840
0.611579
0.304126
0.752326
1.000000
0.015752
0.003335
0.123490
0.034404
0.177223
1.000000
0.015697
0.115331
0.249053
0.157235
0.311651
1.000000
0.015571
0.466982
0.884938
0.559240
0.997852
1.000000
0.015408
0.405010
0.377448
0.462376
0.456925
1.000000
0.015388
0.124248
0.215999
0.509827
0.712300
1.000000
0.015373
0.068032
0.186162
0.104038
0.243271
1.000000
0.015279
0.361919
0.579240
0.405218
0.645415
1.000000
0.015274
0.094073
0.649501
0.134229
0.709445
1.000000
0.015273
0.010299
0.215822
0.053619
0.283671
1.000000
0.015242
0.321049
0.881932
0.412062
0.996518
1.000000
0.015202
0.507259
0.479141
0.714690
0.814903
1.000000
0.015162
0.003370
0.202869
0.079048
0.336310
1.000000
0.015149
0.438661
0.526964
0.484996
0.587183
1.000000
0.015135
0.316396
0.283511
0.363504
0.348274
1.000000
0.015053
0.184853
0.759989
0.232433
0.826548
1.000000
0.015019
0.319891
0.157059
0.432008
0.297101
1.000000
0.014968
0.007331
0.828479
0.124088
0.959353
1.000000
0.014964
0.596423
0.065643
0.694113
0.207639
1.000000
0.014958
0.012308
0.158370
0.051309
0.215239
1.000000
0.014927
0.299367
0.754698
0.335146
0.807924
1.000000
0.014924
0.514049
0.225129
0.552700
0.280441
1.000000
0.014903
-0.000610
0.675142
0.067594
0.792441
1.000000
0.014849
0.514674
0.336531
0.610661
0.487757
1.000000
0.014795
0.088833
0.211976
0.183876
0.350022
1.000000
0.014784
0.118444
0.187431
0.156847
0.244388
1.000000
0.014769
0.084443
0.780107
0.136024
0.838358
1.000000
0.014707
0.956470
0.115634
1.000042
0.190639
1.000000
0.014695
0.168353
0.690531
0.206751
0.746231
1.000000
0.014664
0.214323
0.720537
0.257856
0.781974
1.000000
0.014628
0.519338
0.880964
0.608546
0.995670
1.000000
0.014627
0.070282
0.450527
0.164860
0.593185
1.000000
0.014608
0.210117
0.755984
0.254982
0.818583
1.000000
0.014595
0.120836
0.616563
0.161926
0.677994
1.000000
0.014589
0.120193
0.552610
0.160061
0.615298
1.000000
0.014587
0.320486
0.788242
0.354914
0.840522
1.000000
0.014576
0.298485
0.792856
0.330942
0.841351
1.000000
0.014562
0.967483
0.689499
0.999145
0.751645
1.000000
0.014551
0.319781
0.582183
0.362855
0.647623
1.000000
0.014529
0.001331
0.677732
0.037100
0.743339
1.000000
0.014522
0.030512
0.644609
0.129923
0.782973
1.000000
0.014493
0.190608
0.724523
0.232811
0.785569
1.000000
0.014477
0.292568
0.520827
0.333405
0.577859
1.000000
0.014457
0.340520
0.654634
0.379116
0.710939
1.000000
0.014433
0.563418
0.453131
0.609595
0.520855
1.000000
0.014411
0.055044
0.952353
0.110082
1.001467
1.000000
0.014400
0.965680
0.585918
0.998403
0.645731
1.000000
0.014393
0.268509
0.718624
0.307442
0.776608
1.000000
0.014374
0.217708
0.652000
0.256839
0.707311
1.000000
0.014364
0.512300
0.445942
0.557488
0.514179
1.000000
0.014357
0.753748
0.758643
0.860913
0.914151
1.000000
0.014354
0.320991
0.787047
0.408738
0.930815
1.000000
0.014312
0.420197
0.603601
0.512753
0.742347
1.000000
0.014274
0.719855
0.955385
0.759728
0.996452
1.000000
0.014245
0.341881
0.724329
0.377984
0.777690
1.000000
0.014228
0.867715
0.954945
0.909141
0.999443
1.000000
0.014222
0.831370
0.151595
0.944048
0.293564
1.000000
0.014196
0.196937
0.527574
0.235674
0.580261
1.000000
0.014189
0.550974
0.507310
0.659092
0.663543
1.000000
0.014176
0.489765
0.226705
0.532653
0.285129
1.000000
0.014169
0.165774
0.723796
0.210630
0.786000
1.000000
0.014124
0.616005
0.118892
0.659301
0.180631
1.000000
0.014112
0.418958
0.619728
0.458459
0.676235
1.000000
0.014093
0.816066
0.957642
0.857494
0.999949
1.000000
0.014090
0.594457
0.953384
0.634540
0.996622
1.000000
0.014065
0.488844
0.379794
0.536531
0.446220
1.000000
0.013972
0.246567
0.288570
0.349003
0.424256
1.000000
0.013924
0.339798
0.546573
0.388455
0.617914
1.000000
0.013909
0.318551
0.618438
0.361135
0.681567
1.000000
0.013904
0.462455
0.521304
0.508136
0.583105
1.000000
0.013900
0.233307
0.816763
0.406351
1.028090
1.000000
0.013886
0.775479
0.741061
0.832581
0.820057
1.000000
0.013883
0.066438
0.876124
0.191853
0.996592
1.000000
0.013868
0.239776
0.719006
0.280843
0.777878
1.000000
0.013858
0.392344
0.285635
0.441034
0.351377
1.000000
0.013846
0.239101
0.518474
0.281710
0.578410
1.000000
0.013845
0.167204
0.526058
0.204708
0.581882
1.000000
0.013845
0.263346
0.518929
0.303428
0.575265
1.000000
0.013808
0.216892
0.689270
0.257040
0.747781
1.000000
0.013710
0.492480
0.956291
0.531140
0.998126
1.000000
0.013689
0.116593
0.282336
0.157891
0.344290
1.000000
0.013679
0.638761
0.549608
0.687818
0.618232
1.000000
0.013648
0.959929
0.316868
0.998883
0.396706
1.000000
0.013614
0.510994
0.154350
0.605951
0.287218
1.000000
0.013606
0.339744
0.440753
0.525337
0.748788
1.000000
0.013599
0.381954
0.350115
0.436864
0.426757
1.000000
0.013584
0.001423
0.717671
0.037507
0.780181
1.000000
0.013584
0.767394
0.957194
0.810218
0.999470
1.000000
0.013571
0.065193
0.346800
0.160539
0.489799
1.000000
0.013540
0.320552
0.823852
0.355544
0.876732
1.000000
0.013530
0.509334
0.261289
0.548912
0.318137
1.000000
0.013491
0.395830
0.728312
0.429554
0.776489
1.000000
0.013461
0.875362
0.576884
1.006607
0.863772
1.000000
0.013454
0.185019
0.345501
0.288830
0.491497
1.000000
0.013447
0.965929
0.519989
0.997927
0.578682
1.000000
0.013418
0.093818
0.190756
0.131405
0.245596
1.000000
0.013406
0.364635
0.213973
0.414574
0.283899
1.000000
0.013406
0.115763
0.685293
0.160265
0.746347
1.000000
0.013393
0.064758
0.687713
0.106269
0.746672
1.000000
0.013386
0.469993
0.651794
0.506672
0.703680
1.000000
0.013377
0.272739
0.656493
0.311054
0.712930
1.000000
0.013365
0.118061
0.115843
0.158668
0.179137
1.000000
0.013333
0.336524
0.249148
0.386658
0.317099
1.000000
0.013293
0.487313
0.341359
0.534482
0.411359
1.000000
0.013290
0.001205
0.859713
0.037021
0.913978
1.000000
0.013284
0.261620
0.950148
0.305231
0.996470
1.000000
0.013283
0.371865
0.790154
0.403668
0.838787
1.000000
0.013260
0.019418
0.406908
0.113414
0.550664
1.000000
0.013245
0.281966
0.218399
0.382248
0.349500
1.000000
0.013224
0.268597
0.754158
0.306566
0.809521
1.000000
0.013223
0.112226
0.721622
0.162616
0.784883
1.000000
0.013221
0.469155
0.596620
0.563566
0.740473
1.000000
0.013200
0.195729
0.653074
0.232929
0.706608
1.000000
0.013178
0.344822
0.416477
0.390906
0.479446
1.000000
0.013172
0.568418
0.787637
0.605472
0.841623
1.000000
0.013140
0.291263
0.488290
0.333831
0.544463
1.000000
0.013124
0.370426
0.862650
0.402602
0.912510
1.000000
0.013121
0.140149
0.656093
0.230697
0.799177
1.000000
0.013106
0.521396
0.724940
0.557631
0.775964
1.000000
0.013056
0.013309
0.483428
0.101764
0.634306
1.000000
0.013044
0.168185
0.651468
0.205420
0.707095
1.000000
0.013033
0.365954
0.680962
0.456349
0.825164
1.000000
0.013026
0.850942
0.905548
0.937365
1.007545
1.000000
0.013015
0.295469
0.554175
0.336733
0.612904
1.000000
0.013012
0.603776
0.496580
0.702473
0.631249
1.000000
0.012967
0.462123
0.191851
0.508100
0.254031
1.000000
0.012956
0.492136
0.535049
0.595510
0.693153
1.000000
0.012946
0.722294
0.917096
0.808055
1.008326
1.000000
0.012918
0.428986
0.444093
0.485609
0.519289
1.000000
0.012917
0.523192
0.790882
0.557363
0.841181
1.000000
0.012908
0.194060
0.692316
0.232481
0.748214
1.000000
0.012867
0.933716
0.013345
0.992140
0.084566
1.000000
0.012854
0.446435
0.809030
0.617505
1.029499
1.000000
0.012832
0.966730
0.654658
0.999016
0.716662
1.000000
0.012830
0.141824
0.590900
0.180540
0.649433
1.000000
0.012827
0.012485
0.821350
0.056920
0.878325
1.000000
0.012821
0.966101
0.553685
0.998468
0.613566
1.000000
0.012803
0.010267
0.550165
0.053164
0.622043
1.000000
0.012788
0.062828
0.721282
0.111164
0.785612
1.000000
0.012786
0.963398
0.811853
0.999022
0.881753
1.000000
0.012771
0.718662
0.777003
0.764098
0.842956
1.000000
0.012763
0.094969
0.587750
0.134272
0.646709
1.000000
0.012756
0.419914
0.653813
0.455889
0.705895
1.000000
0.012743
0.239076
0.653915
0.277497
0.708177
1.000000
0.012740
0.569689
0.224594
0.606426
0.278557
1.000000
0.012736
0.474119
0.748278
0.563289
0.883633
1.000000
0.012715
0.014738
0.785955
0.058839
0.841283
1.000000
0.012693
0.395166
0.620660
0.436317
0.677859
1.000000
0.012689
0.319395
0.521252
0.364460
0.584220
1.000000
0.012687
0.364401
0.615745
0.405556
0.676501
1.000000
0.012667
0.390143
0.214528
0.443259
0.287248
1.000000
0.012636
0.344841
0.787694
0.378863
0.837919
1.000000
0.012630
0.639698
0.805636
0.819803
1.025627
1.000000
0.012612
0.567864
0.770906
0.664283
0.916811
1.000000
0.012606
0.771680
0.662169
0.874661
0.805982
1.000000
0.012578
0.396225
0.653666
0.433078
0.705743
1.000000
0.012578
0.217505
0.213512
0.313343
0.337859
1.000000
0.012567
0.166335
0.618476
0.204550
0.674861
1.000000
0.012561
0.093447
0.386557
0.135208
0.449121
1.000000
0.012543
0.203558
0.773975
0.306012
0.921820
1.000000
0.012521
0.067908
0.158029
0.103460
0.211529
1.000000
0.012515
0.619378
0.223205
0.655841
0.277450
1.000000
0.012515
0.916183
0.953358
0.959888
0.999778
1.000000
0.012504
0.490121
0.194371
0.531673
0.249109
1.000000
0.012501
0.298489
0.823013
0.331614
0.873241
1.000000
0.012470
0.010786
0.260853
0.108678
0.418288
1.000000
0.012444
0.790172
0.203860
0.896451
0.338866
1.000000
0.012436
0.460470
0.481807
0.510570
0.549229
1.000000
0.012426
0.317329
0.449502
0.359593
0.510069
1.000000
0.012418
0.514255
0.383595
0.558668
0.449418
1.000000
0.012404
0.038348
0.206025
0.134285
0.345672
1.000000
0.012404
0.619596
0.786699
0.656343
0.840502
1.000000
0.012374
0.521970
0.824647
0.555409
0.872944
1.000000
0.012367
0.514403
0.518242
0.560283
0.584985
1.000000
0.012362
0.369755
0.757983
0.403951
0.807019
1.000000
0.012351
0.619341
0.287955
0.657447
0.345656
1.000000
0.012328
0.140183
0.568387
0.228102
0.709069
1.000000
0.012322
0.116632
0.320524
0.157391
0.381223
1.000000
0.012322
0.366753
0.653325
0.403965
0.707697
1.000000
0.012307
0.074441
0.207738
0.293940
0.539116
1.000000
0.012301
0.667069
0.958424
0.706047
0.998714
1.000000
0.012292
0.667762
0.888819
0.762026
0.999144
1.000000
0.012289
0.066477
0.218650
0.104491
0.277929
1.000000
0.012281
0.238864
0.755175
0.280153
0.813235
1.000000
0.012272
0.164681
0.250102
0.207523
0.310403
1.000000
0.012258
0.617864
0.909408
0.698830
1.001794
1.000000
0.012252
0.564054
0.383239
0.611154
0.450891
1.000000
0.012239
0.446302
0.728099
0.479466
0.775379
1.000000
0.012228
0.564096
0.683620
0.668308
0.840150
1.000000
0.012210
0.412777
0.188597
0.465448
0.259795
1.000000
0.012208
0.420211
0.745578
0.504839
0.881009
1.000000
0.012194
0.343333
0.755728
0.379178
0.806985
1.000000
0.012172
0.467990
0.759986
0.501003
0.807952
1.000000
0.012167
0.271590
0.689093
0.309364
0.745635
1.000000
0.012097
0.960837
0.375843
0.999210
0.455389
1.000000
0.012086
0.369095
0.728116
0.403425
0.778740
1.000000
0.012081
0.913852
0.473979
0.991470
0.616059
1.000000
0.012065
0.526128
0.738077
0.618523
0.881921
1.000000
0.012057
0.250978
0.480921
0.431800
0.783673
1.000000
0.012039
0.423124
0.862861
0.455252
0.911476
1.000000
0.012038
0.140367
0.645409
0.182565
0.706877
1.000000
0.012023
0.098969
0.620279
0.138389
0.680323
1.000000
0.012023
0.043780
0.113169
0.129924
0.243868
1.000000
0.012001
0.447393
0.759633
0.481325
0.808128
1.000000
0.011986
0.446374
0.861692
0.479397
0.911107
1.000000
0.011982
0.470733
0.790952
0.501575
0.837006
1.000000
0.011976
0.909677
0.180180
0.962675
0.254301
1.000000
0.011975
0.394978
0.792297
0.425839
0.838847
1.000000
0.011966
0.141363
0.688744
0.184741
0.748280
1.000000
0.011965
0.566546
0.321829
0.607434
0.380993
1.000000
0.011936
0.605521
0.611189
0.709707
0.764150
1.000000
0.011906
0.340804
0.615756
0.383850
0.678266
1.000000
0.011882
0.121032
0.152327
0.159712
0.208897
1.000000
0.011871
0.090607
0.688376
0.134015
0.747647
1.000000
0.011861
0.334001
0.818910
0.498886
1.028878
1.000000
0.011854
0.614399
0.245484
0.711088
0.396657
1.000000
0.011849
0.163453
0.218312
0.262875
0.352348
1.000000
0.011849
0.340138
0.689149
0.378386
0.746333
1.000000
0.011841
0.166671
0.097895
0.265879
0.240111
1.000000
0.011838
0.322289
0.856874
0.357733
0.911602
1.000000
0.011820
0.293252
0.956093
0.333444
0.999040
1.000000
0.011819
0.671485
0.665300
0.777795
0.811178
1.000000
0.011793
0.644942
0.248995
0.680842
0.304924
1.000000
0.011779
0.499728
0.674525
0.591898
0.817351
1.000000
0.011771
0.069663
0.119327
0.106521
0.177203
1.000000
0.011768
0.115597
0.385437
0.156408
0.445671
1.000000
0.011731
0.218421
0.494508
0.258930
0.548881
1.000000
0.011720
0.507779
0.312914
0.548888
0.373786
1.000000
0.011683
0.166486
0.491544
0.205484
0.545635
1.000000
0.011680
0.928373
0.199568
1.005060
0.357585
1.000000
0.011672
0.515657
0.194439
0.555297
0.248148
1.000000
0.011670
0.145382
0.552026
0.184836
0.613788
1.000000
0.011667
0.371294
0.826629
0.402910
0.875559
1.000000
0.011662
0.762055
0.693746
0.810671
0.761453
1.000000
0.011641
0.118630
0.426238
0.213123
0.566662
1.000000
0.011632
0.269653
0.791493
0.306500
0.843724
1.000000
0.011611
0.521878
0.861573
0.554616
0.910197
1.000000
0.011609
0.039107
0.753750
0.086408
0.813482
1.000000
0.011602
0.533960
0.798150
0.712830
1.024029
1.000000
0.011574
0.639479
0.953994
0.681525
0.997434
1.000000
0.011572
0.497847
0.794061
0.529503
0.839819
1.000000
0.011562
0.369161
0.476602
0.417201
0.545885
1.000000
0.011514
0.718390
0.691336
0.763733
0.757890
1.000000
0.011504
0.513736
0.349634
0.554854
0.411730
1.000000
0.011496
0.115664
0.277911
0.216902
0.432944
1.000000
0.011488
0.967307
0.621266
0.999007
0.678938
1.000000
0.011467
0.000411
0.386919
0.032896
0.447453
1.000000
0.011444
0.095108
0.320550
0.134715
0.380241
1.000000
0.011394
0.142070
0.183901
0.180561
0.239719
1.000000
0.011376
0.653160
0.544875
0.749624
0.687193
1.000000
0.011348
0.522393
0.756339
0.558360
0.808577
1.000000
0.011342
0.118857
0.488822
0.158141
0.546907
1.000000
0.011340
0.346694
0.860245
0.380523
0.911330
1.000000
0.011334
0.569959
0.194027
0.604920
0.244385
1.000000
0.011332
0.004952
0.743388
0.097091
0.864384
1.000000
0.011322
0.297963
0.585222
0.337577
0.645103
1.000000
0.011312
0.193386
0.154575
0.419839
0.463146
1.000000
0.011278
0.839452
0.742333
0.937671
0.890656
1.000000
0.011278
0.394118
0.757923
0.428584
0.806494
1.000000
0.011275
0.264370
0.550599
0.303674
0.608922
1.000000
0.011275
0.570434
0.819876
0.605867
0.871895
1.000000
0.011239
0.472434
0.826646
0.503715
0.873344
1.000000
0.011217
0.434193
0.037971
0.910245
0.678333
1.000000
0.011211
0.139962
0.250896
0.183397
0.310605
1.000000
0.011199
0.940829
0.922786
0.989953
0.988381
1.000000
0.011198
0.935064
0.555585
1.003674
0.683621
1.000000
0.011188
0.421795
0.691025
0.456186
0.741165
1.000000
0.011181
0.449220
0.787289
0.481704
0.834881
1.000000
0.011175
0.466764
0.586686
0.507789
0.645153
1.000000
0.011157
0.535541
0.070738
0.634997
0.208033
1.000000
0.011157
0.096039
0.487828
0.136517
0.547861
1.000000
0.011153
0.446922
0.653479
0.484101
0.705410
1.000000
0.011147
0.296371
0.624258
0.337028
0.684616
1.000000
0.011133
0.001021
0.315077
0.033451
0.377909
1.000000
0.011109
0.622651
0.860087
0.656470
0.911279
1.000000
0.011099
0.842408
0.957300
0.883993
1.000705
1.000000
0.011087
0.921311
0.751384
0.962160
0.816582
1.000000
0.011077
0.813187
0.690517
0.854011
0.750490
1.000000
0.011061
0.460853
0.381144
0.510935
0.449964
1.000000
0.011004
0.541141
0.255250
0.579474
0.310906
1.000000
0.010993
0.094006
0.220768
0.133881
0.278788
1.000000
0.010978
0.641779
0.731418
0.751119
0.879612
1.000000
0.010963
0.421863
0.727143
0.454835
0.775067
1.000000
0.010941
0.215977
0.619360
0.257382
0.678863
1.000000
0.010936
0.397006
0.865733
0.427959
0.912617
1.000000
0.010936
0.442958
0.678191
0.527884
0.811940
1.000000
0.010926
0.318757
0.225518
0.361838
0.286071
1.000000
0.010900
0.617856
0.654672
0.658657
0.712774
1.000000
0.010896
0.170540
0.149473
0.210774
0.207278
1.000000
0.010896
0.498526
0.827578
0.530527
0.873942
1.000000
0.010894
0.595429
0.787161
0.631781
0.840317
1.000000
0.010892
0.093586
0.117088
0.132985
0.176887
1.000000
0.010882
0.497532
0.724862
0.531923
0.772771
1.000000
0.010881
0.787579
0.277729
0.890027
0.425556
1.000000
0.010881
0.469546
0.726491
0.502192
0.774160
1.000000
0.010866
0.559690
0.368711
0.654121
0.519304
1.000000
0.010859
0.239094
0.787828
0.279525
0.842262
1.000000
0.010858
0.560212
0.511518
0.611637
0.588273
1.000000
0.010832
0.443761
0.621433
0.485183
0.678727
1.000000
0.010816
0.616116
0.320699
0.655812
0.380069
1.000000
0.010798
0.092217
0.452689
0.133799
0.514459
1.000000
0.010797
0.886552
0.146438
0.938926
0.210649
1.000000
0.010792
0.465670
0.154963
0.510064
0.210155
1.000000
0.010792
0.523586
0.890273
0.556953
0.943058
1.000000
0.010772
0.560911
0.576944
0.610139
0.644680
1.000000
0.010748
0.367358
0.689924
0.404556
0.745308
1.000000
0.010731
0.298621
0.321219
0.341887
0.380101
1.000000
0.010726
-0.006080
0.422485
0.059775
0.543620
1.000000
0.010724
0.669215
0.288893
0.704183
0.341895
1.000000
0.010719
0.194850
0.492356
0.235793
0.544903
1.000000
0.010714
0.595025
0.248615
0.630012
0.301580
1.000000
0.010714
0.009935
0.277344
0.053080
0.346674
1.000000
0.010712
0.541524
0.120745
0.584177
0.180414
1.000000
0.010702
0.764525
0.341714
0.860512
0.488196
1.000000
0.010679
0.910068
0.118727
0.967121
0.189022
1.000000
0.010675
0.547578
0.788570
0.583741
0.839655
1.000000
0.010651
0.065747
0.421284
0.109422
0.482505
1.000000
0.010641
0.808506
0.749428
0.853607
0.814739
1.000000
0.010636
0.422424
0.757416
0.455715
0.805308
1.000000
0.010628
0.618980
0.191702
0.654281
0.243936
1.000000
0.010616
0.935660
0.625192
1.004202
0.767091
1.000000
0.010614
0.491675
0.649920
0.530323
0.703772
1.000000
0.010614
0.189387
0.430036
0.288002
0.566405
1.000000
0.010614
0.888104
0.214864
0.940335
0.281770
1.000000
0.010607
0.096503
0.519673
0.135500
0.580829
1.000000
0.010587
0.616098
0.580922
0.661227
0.645994
1.000000
0.010569
0.540054
0.320293
0.579718
0.377741
1.000000
0.010550
0.116097
0.624154
0.302590
0.906909
1.000000
0.010534
0.515213
0.585465
0.557393
0.647181
1.000000
0.010508
0.593310
0.726540
0.633178
0.782320
1.000000
0.010473
0.001859
0.519754
0.035680
0.587130
1.000000
0.010453
0.062916
0.815764
0.113425
0.876618
1.000000
0.010453
0.345435
0.828401
0.379377
0.879394
1.000000
0.010444
0.315273
0.487291
0.360655
0.548607
1.000000
0.010443
0.168244
0.180357
0.208098
0.239039
1.000000
0.010443
0.668282
0.250157
0.703850
0.305826
1.000000
0.010433
0.963950
0.244338
1.001938
0.319107
1.000000
0.010430
0.591074
0.321693
0.631377
0.380466
1.000000
0.010415
0.422196
0.829012
0.453934
0.876628
1.000000
0.010415
0.111953
0.955553
0.161442
1.002707
1.000000
0.010412
0.544051
0.482536
0.592533
0.552793
1.000000
0.010410
0.069667
0.588087
0.107456
0.647225
1.000000
0.010408
0.665584
0.205875
0.761054
0.335996
1.000000
0.010391
0.645221
0.289096
0.681670
0.344261
1.000000
0.010349
0.542740
0.727582
0.581835
0.779311
1.000000
0.010341
0.669522
0.786490
0.707868
0.840112
1.000000
0.010333
0.342219
0.184231
0.389158
0.248785
1.000000
0.010327
-0.006928
0.352784
0.058728
0.469669
1.000000
0.010327
0.195151
0.620330
0.234640
0.677151
1.000000
0.010288
0.292915
0.456026
0.335510
0.514755
1.000000
0.010287
0.398750
0.896858
0.430364
0.947590
1.000000
0.010261
0.470802
0.861039
0.502728
0.909305
1.000000
0.010254
0.004762
0.122440
0.076087
0.248405
1.000000
0.010241
0.645331
0.321524
0.681758
0.376109
1.000000
0.010240
0.613004
0.518356
0.661205
0.587922
1.000000
0.010227
0.268973
0.822792
0.305592
0.874163
1.000000
0.010227
0.419740
0.896054
0.452468
0.947243
1.000000
0.010203
0.814313
0.614326
0.909683
0.758922
1.000000
0.010166
0.499151
0.861528
0.530140
0.907955
1.000000
0.010152
0.340706
0.486526
0.387729
0.553598
1.000000
0.010146
0.534272
0.003831
0.585069
0.057130
1.000000
0.010122
0.067460
0.388029
0.111077
0.451119
1.000000
0.010108
0.616535
0.724837
0.658818
0.784339
1.000000
0.010095
0.042457
0.183265
0.081445
0.241831
1.000000
0.010076
0.266841
0.142330
0.371138
0.279519
1.000000
0.010071
0.790161
0.406463
0.886832
0.565787
1.000000
0.010059
0.422225
0.790596
0.453792
0.838077
1.000000
0.010046
0.919282
0.690081
0.956200
0.747689
1.000000
0.010044
0.695254
0.959984
0.735702
1.000008
1.000000
0.010037
0.395714
0.691187
0.432948
0.744724
1.000000
0.010035
0.613034
0.138835
0.709009
0.278790
1.000000
0.010032
0.569272
0.727897
0.609399
0.783147
1.000000
0.010023
0.570412
0.856950
0.603806
0.907358
