1.000000
0.931429
0.365819
0.233194
0.509134
0.458945
1.000000
0.050083
0.619755
0.554036
0.966239
1.067901
1.000000
0.049405
-0.001564
0.777721
0.250444
1.017419
1.000000
0.042976
0.633530
-0.000120
0.862766
0.235098
1.000000
0.036275
0.253889
0.677752
0.768725
1.028715
1.000000
0.033625
0.365843
0.316680
0.414489
0.387105
1.000000
0.031797
0.009651
0.939119
0.067127
0.995987
1.000000
0.029945
0.662536
0.026258
1.009161
0.632432
1.000000
0.029535
0.937742
0.014411
0.992138
0.083823
1.000000
0.028848
0.063147
0.727888
0.168919
0.845314
1.000000
0.028331
0.108439
0.744686
0.219773
0.872996
1.000000
0.026215
0.018712
0.911281
0.129910
1.002886
1.000000
0.026017
0.509814
0.285302
0.555297
0.357578
1.000000
0.025871
0.900801
0.115124
0.995884
0.271712
1.000000
0.025605
0.475507
0.271681
0.567785
0.431818
1.000000
0.025438
0.009153
0.017685
0.089670
0.136891
1.000000
0.024364
0.068697
0.879614
0.186134
0.994693
1.000000
0.024359
0.001738
0.608194
0.063746
0.727030
1.000000
0.024316
0.034650
0.383512
0.388379
0.958303
1.000000
0.022995
0.611972
0.064633
0.721716
0.217508
1.000000
0.021986
0.086082
0.758945
0.135985
0.819329
1.000000
0.021982
0.486181
0.251226
0.538189
0.329026
1.000000
0.021809
0.411139
0.218687
0.462622
0.288817
1.000000
0.021710
0.534941
0.207479
0.632057
0.363142
1.000000
0.020715
0.617069
0.950407
0.659163
0.994690
1.000000
0.020594
0.959192
0.748822
0.995782
0.819309
1.000000
0.020224
0.116958
0.094456
0.213509
0.244285
1.000000
0.019773
0.195768
0.517409
0.284603
0.644796
1.000000
0.019525
0.010327
0.674376
0.055253
0.742610
1.000000
0.019512
0.963589
0.950453
0.998800
0.997818
1.000000
0.019384
0.014728
0.751974
0.056259
0.807505
1.000000
0.019227
0.121612
0.554241
0.202862
0.686773
1.000000
0.019227
0.571155
0.132687
0.671425
0.273635
1.000000
0.019170
0.721121
0.705811
0.827567
0.842762
1.000000
0.018875
0.179437
-0.008389
0.397674
0.239620
1.000000
0.018818
0.138013
0.762164
0.186067
0.822604
1.000000
0.018469
0.687104
0.793489
0.868217
1.017931
1.000000
0.018386
0.853034
0.144984
0.999923
0.443171
1.000000
0.018173
0.068750
0.613757
0.159190
0.749238
1.000000
0.018144
0.791271
0.006837
0.932269
0.120633
1.000000
0.018071
0.178334
0.719792
0.271138
0.861288
1.000000
0.018070
0.065853
0.648461
0.104750
0.709295
1.000000
0.018049
0.614222
0.120065
0.660654
0.185246
1.000000
0.018018
0.585213
0.209444
0.688177
0.357647
1.000000
0.017875
0.427755
0.165523
0.534908
0.319908
1.000000
0.017747
0.431242
0.244967
0.490245
0.326153
1.000000
0.017710
0.514380
0.151316
0.609579
0.289127
1.000000
0.017666
0.001086
0.892322
0.039916
0.951969
1.000000
0.017635
0.566739
0.952222
0.607667
0.995324
1.000000
0.017619
0.460963
0.220450
0.510188
0.287526
1.000000
0.017431
0.405324
0.310946
0.466470
0.393033
1.000000
0.017425
0.472522
0.092558
0.664185
0.402759
1.000000
0.017397
0.054675
0.951713
0.110107
1.000787
1.000000
0.017390
0.250557
0.359642
0.457384
0.631143
1.000000
0.017334
0.664901
0.954096
0.707583
0.997356
1.000000
0.017135
0.389082
0.250345
0.442159
0.325612
1.000000
0.017123
0.788457
0.866275
0.887488
0.996154
1.000000
0.017014
0.485224
0.337126
0.539277
0.419102
1.000000
0.016990
0.113204
0.777638
0.164834
0.835827
1.000000
0.016984
0.003334
0.185321
0.038260
0.253491
1.000000
0.016983
0.117905
0.647272
0.158608
0.707491
1.000000
0.016968
0.264379
0.949437
0.309394
0.996171
1.000000
0.016891
0.906374
0.325913
0.991368
0.483221
1.000000
0.016815
0.416771
0.326913
0.539795
0.516389
1.000000
0.016811
0.562518
0.280663
0.667561
0.445910
1.000000
0.016749
0.115835
0.248655
0.157469
0.310383
1.000000
0.016725
0.037958
0.549906
0.221059
0.825137
1.000000
0.016708
0.959775
0.174150
1.000190
0.251335
1.000000
0.016696
0.362217
0.510127
0.468324
0.651359
1.000000
0.016678
0.200915
0.888668
0.300069
1.000845
1.000000
0.016648
0.617506
0.221563
0.657005
0.277976
1.000000
0.016647
0.160665
0.778296
0.214372
0.845102
1.000000
0.016637
0.661551
0.885644
0.758700
0.996662
1.000000
0.016591
0.115617
0.655390
0.209052
0.798021
1.000000
0.016536
0.002192
0.584953
0.037112
0.656059
1.000000
0.016521
0.093561
0.649672
0.132241
0.708431
1.000000
0.016519
0.960720
0.048441
0.998022
0.111994
1.000000
0.016454
0.884837
0.003490
0.940568
0.055124
1.000000
0.016367
0.487965
0.219219
0.536043
0.285802
1.000000
0.016342
0.316952
0.955655
0.356183
0.996762
1.000000
0.016305
0.001831
0.245467
0.036034
0.314360
1.000000
0.016268
0.139796
0.588592
0.178181
0.646922
1.000000
0.016267
0.573035
0.911390
0.657934
1.000939
1.000000
0.016242
0.925195
0.702233
0.999296
0.844198
1.000000
0.016200
0.364319
0.255410
0.410966
0.326418
1.000000
0.016193
0.071648
0.512529
0.161777
0.660218
1.000000
0.016084
0.771986
0.774907
0.879482
0.929263
1.000000
0.016041
0.717780
0.954636
0.759860
0.996534
1.000000
0.016033
0.542035
0.075188
0.639986
0.218333
1.000000
0.016018
0.240325
0.483908
0.330516
0.603494
1.000000
0.015932
0.416906
0.952499
0.457067
0.995828
1.000000
0.015914
0.538551
0.004513
0.582802
0.054979
1.000000
0.015913
0.660179
0.123134
0.758918
0.258121
1.000000
0.015898
0.067888
0.781816
0.116060
0.837320
1.000000
0.015824
0.219188
0.952190
0.261741
0.997014
1.000000
0.015795
0.111591
0.953925
0.160567
1.001064
1.000000
0.015774
0.669048
0.150036
0.712449
0.209336
1.000000
0.015752
0.836671
0.004372
0.889351
0.051426
1.000000
0.015716
0.165191
0.957712
0.208875
1.000797
1.000000
0.015701
0.216499
0.719226
0.256042
0.777614
1.000000
0.015677
0.612478
0.890274
0.706247
0.996149
1.000000
0.015556
0.318939
0.652898
0.360135
0.715102
1.000000
0.015539
0.964040
0.816710
0.998345
0.885160
1.000000
0.015520
0.217488
0.521952
0.258938
0.580688
1.000000
0.015518
0.011738
0.544755
0.054948
0.616932
1.000000
0.015511
0.299335
0.557914
0.399708
0.703458
1.000000
0.015507
0.592165
0.951821
0.635011
0.995931
1.000000
0.015385
0.385552
0.369914
0.445180
0.451727
1.000000
0.015370
0.134888
0.875204
0.241708
0.993967
1.000000
0.015315
0.168662
0.691916
0.205564
0.746516
1.000000
0.015271
0.869952
0.821626
0.995685
1.003416
1.000000
0.015266
0.116479
0.686224
0.158458
0.745337
1.000000
0.015239
0.521736
0.955386
0.559913
0.996562
1.000000
0.015200
0.172887
0.574336
0.260704
0.712802
1.000000
0.015090
0.008699
0.833952
0.124288
0.964769
1.000000
0.014961
0.193207
0.723474
0.232437
0.782576
1.000000
0.014937
0.003790
0.197162
0.077467
0.336601
1.000000
0.014924
0.195598
0.524823
0.234790
0.580908
1.000000
0.014897
0.537668
0.247766
0.582470
0.316046
1.000000
0.014883
0.068297
0.209126
0.162148
0.347751
1.000000
0.014870
0.566061
0.219926
0.608417
0.281704
1.000000
0.014855
0.616023
0.002510
0.663041
0.054019
1.000000
0.014815
0.961475
0.379315
0.998769
0.452053
1.000000
0.014795
0.388239
0.429035
0.494351
0.577018
1.000000
0.014791
0.166521
0.724133
0.208057
0.784080
1.000000
0.014785
0.543658
0.952709
0.584948
0.996270
1.000000
0.014782
0.369998
0.955818
0.408020
0.996053
1.000000
0.014755
0.616315
0.082652
0.665123
0.149136
1.000000
0.014754
0.319640
0.455449
0.430309
0.594043
1.000000
0.014728
0.012215
0.680590
0.112990
0.814078
1.000000
0.014717
0.063900
0.185374
0.100521
0.245507
1.000000
0.014671
0.639760
0.950796
0.684468
0.996704
1.000000
0.014661
0.955850
0.115891
0.999728
0.192937
1.000000
0.014608
0.481988
0.065531
0.584284
0.214406
1.000000
0.014589
0.412928
0.477888
0.467382
0.549176
1.000000
0.014588
0.242247
0.677249
0.328266
0.817826
1.000000
0.014575
0.567891
0.148545
0.607641
0.205875
1.000000
0.014574
0.265355
0.913210
0.353516
1.004022
1.000000
0.014509
0.961550
0.084181
0.999232
0.149621
1.000000
0.014499
0.213576
0.614933
0.303674
0.754032
1.000000
0.014489
0.386893
0.544127
0.441661
0.615614
1.000000
0.014482
0.111859
0.724428
0.159795
0.786128
1.000000
0.014463
0.815491
0.955843
0.859566
1.000737
1.000000
0.014459
0.563974
0.003512
0.607755
0.052806
1.000000
0.014443
0.765098
0.956679
0.810247
1.000019
1.000000
0.014424
0.266670
0.491482
0.309284
0.547962
1.000000
0.014411
0.010601
0.211477
0.053143
0.281394
1.000000
0.014404
0.785649
0.123893
0.892719
0.246803
1.000000
0.014338
0.617151
0.183890
0.658293
0.244374
1.000000
0.014332
0.001787
0.718933
0.036954
0.779026
1.000000
0.014313
0.122604
0.556249
0.161633
0.618898
1.000000
0.014287
0.317911
0.553615
0.363155
0.617683
1.000000
0.014240
0.168348
0.655502
0.204128
0.709307
1.000000
0.014218
0.350168
0.287643
0.392570
0.350153
1.000000
0.014128
0.431269
0.531947
0.530768
0.679893
1.000000
0.014102
0.530989
0.014228
0.633044
0.143909
1.000000
0.014009
0.015426
0.786840
0.057916
0.839634
1.000000
0.013991
0.067783
0.687765
0.107584
0.745847
1.000000
0.013972
0.592870
0.002818
0.635230
0.050377
1.000000
0.013959
0.850773
0.902932
0.940449
1.006973
1.000000
0.013953
0.467362
0.957115
0.503532
0.997242
1.000000
0.013883
0.967685
0.690732
0.999346
0.752495
1.000000
0.013874
0.242195
0.718700
0.279527
0.774005
1.000000
0.013858
0.004873
0.052650
0.044958
0.121997
1.000000
0.013855
0.187596
0.759861
0.230394
0.824295
1.000000
0.013814
0.033399
0.780025
0.149464
0.904963
1.000000
0.013804
0.281873
0.635435
0.372895
0.780052
1.000000
0.013782
0.744606
0.907877
0.835424
1.006595
1.000000
0.013767
0.139558
0.956208
0.186366
1.001570
1.000000
0.013758
0.391621
0.195664
0.437964
0.258605
1.000000
0.013733
0.436185
0.194636
0.485566
0.259286
1.000000
0.013732
0.834954
0.191273
0.938443
0.339274
1.000000
0.013718
0.143124
0.437011
0.324103
0.713696
1.000000
0.013713
0.515587
0.192112
0.558328
0.253055
1.000000
0.013710
0.392710
0.952102
0.433909
0.996840
1.000000
0.013689
0.117150
0.282344
0.157274
0.341876
1.000000
0.013683
0.122053
0.617162
0.162092
0.678027
1.000000
0.013673
0.091053
0.689550
0.132298
0.748036
1.000000
0.013670
0.065219
0.350342
0.157878
0.496071
1.000000
0.013664
0.915037
0.950926
0.960290
0.998588
1.000000
0.013651
0.286576
0.109863
0.388325
0.248811
1.000000
0.013651
0.269356
0.720083
0.304363
0.774587
1.000000
0.013635
0.014031
0.450465
0.105188
0.606186
1.000000
0.013620
0.920687
0.060781
1.001668
0.185990
1.000000
0.013550
0.642831
0.250923
0.680430
0.305845
1.000000
0.013537
0.165648
0.051910
0.276280
0.216871
1.000000
0.013537
0.433727
0.547153
0.486833
0.621331
1.000000
0.013531
0.637456
0.021582
0.690589
0.093580
1.000000
0.013466
0.118731
0.117909
0.160407
0.183581
1.000000
0.013463
0.670603
0.183119
0.711016
0.240751
1.000000
0.013460
0.529766
0.912215
0.610672
1.003141
1.000000
0.013439
0.242901
0.515464
0.286669
0.577411
1.000000
0.013374
0.118988
0.184164
0.159311
0.246894
1.000000
0.013305
0.147647
0.491416
0.231330
0.624907
1.000000
0.013226
0.619292
0.047476
0.667815
0.113968
1.000000
0.013218
0.213076
0.755155
0.253867
0.815982
1.000000
0.013181
0.093571
0.450847
0.180499
0.598189
1.000000
0.013090
0.565953
0.131157
0.781406
0.443423
1.000000
0.013079
0.120183
0.521473
0.157626
0.581423
1.000000
0.013072
0.140318
0.647086
0.180998
0.706276
1.000000
0.013063
0.540736
0.188274
0.582003
0.248385
1.000000
0.013053
0.566609
0.186456
0.606753
0.247570
1.000000
0.013039
0.271171
0.691124
0.306608
0.745531
1.000000
0.013029
0.066466
0.724418
0.113054
0.786172
1.000000
0.013012
0.561358
0.665354
0.664139
0.822740
1.000000
0.012994
0.290574
0.953523
0.332997
0.997360
1.000000
0.012976
0.568134
0.779301
0.660268
0.916766
1.000000
0.012927
0.242680
0.927939
0.288994
0.986577
1.000000
0.012923
0.040124
0.756647
0.085980
0.812151
1.000000
0.012923
0.364038
0.520745
0.416422
0.592089
1.000000
0.012902
0.219398
0.655374
0.256656
0.711365
1.000000
0.012888
0.639547
0.202500
0.735740
0.338548
1.000000
0.012885
0.240415
0.549424
0.331816
0.686863
1.000000
0.012882
0.840801
0.742607
0.939894
0.892697
1.000000
0.012879
0.322140
0.723423
0.356562
0.775910
1.000000
0.012868
0.323225
0.756739
0.358120
0.809573
1.000000
0.012850
0.331331
0.066270
0.435251
0.210583
1.000000
0.012845
0.195963
0.656802
0.231557
0.709709
1.000000
0.012841
0.692637
0.956594
0.736884
0.999162
1.000000
0.012821
0.268960
0.757277
0.303965
0.811772
1.000000
0.012821
0.012518
0.821053
0.056007
0.876460
1.000000
0.012820
0.273337
0.655757
0.309168
0.712215
1.000000
0.012815
0.553501
0.494212
0.662074
0.652244
1.000000
0.012807
0.831267
0.020032
1.000956
0.221110
1.000000
0.012730
0.441395
0.954191
0.481063
0.997021
1.000000
0.012717
0.003115
0.119257
0.035615
0.180728
1.000000
0.012705
0.036098
0.643642
0.080354
0.708847
1.000000
0.012704
0.170413
0.521867
0.207101
0.578251
1.000000
0.012701
0.961680
0.318785
0.999585
0.393036
1.000000
0.012693
0.408224
0.401515
0.468067
0.482716
1.000000
0.012684
0.195497
0.693477
0.233016
0.749219
1.000000
0.012664
0.811808
0.080983
0.867388
0.139429
1.000000
0.012642
0.593055
0.185050
0.633765
0.245131
1.000000
0.012642
0.084462
0.918597
0.141678
0.987464
1.000000
0.012641
0.010427
0.277834
0.052108
0.347911
1.000000
0.012638
0.774806
0.741062
0.834116
0.819990
1.000000
0.012637
0.377836
0.910389
0.460276
1.002988
1.000000
0.012624
0.867769
0.953197
0.910941
0.999387
1.000000
0.012610
0.489516
0.003649
0.536370
0.054602
1.000000
0.012609
0.910100
0.174782
0.964352
0.251006
1.000000
0.012572
0.002493
0.516918
0.075121
0.664443
1.000000
0.012533
0.001183
0.859935
0.036178
0.913302
1.000000
0.012500
0.113270
0.856117
0.163045
0.917349
1.000000
0.012450
0.073018
0.059994
0.165190
0.205389
1.000000
0.012447
0.297900
0.653108
0.336909
0.712415
1.000000
0.012446
0.409539
0.517394
0.464618
0.591145
1.000000
0.012441
0.591065
0.220684
0.633169
0.279600
1.000000
0.012426
0.163426
0.587896
0.201293
0.646519
1.000000
0.012374
0.002933
0.519128
0.038178
0.589323
1.000000
0.012351
0.367403
0.224490
0.410634
0.285461
1.000000
0.012346
0.064785
0.817801
0.112030
0.875148
1.000000
0.012331
0.455864
0.369991
0.514985
0.452072
1.000000
0.012319
0.967862
0.654546
0.999644
0.715835
1.000000
0.012318
0.788874
0.123362
0.835505
0.177772
1.000000
0.012301
0.001360
0.386147
0.034370
0.449296
1.000000
0.012278
0.094403
0.591336
0.132490
0.648237
1.000000
0.012264
0.142879
0.691335
0.183448
0.747962
1.000000
0.012249
0.965441
0.586451
0.997963
0.644843
1.000000
0.012244
0.509391
0.376382
0.556925
0.449472
1.000000
0.012192
0.344147
0.957376
0.382475
0.997698
1.000000
0.012187
0.299611
0.237721
0.612979
0.761459
1.000000
0.012186
0.194612
0.956649
0.237156
1.000062
1.000000
0.012183
0.815445
0.187845
0.860622
0.244268
1.000000
0.012172
0.632406
0.611286
0.737773
0.765412
1.000000
0.012169
0.168456
0.184183
0.207483
0.241811
1.000000
0.012139
0.094479
0.188308
0.132272
0.245135
1.000000
0.012139
0.140888
0.723918
0.185178
0.785071
1.000000
0.012136
0.454591
0.420496
0.559735
0.575735
1.000000
0.012130
0.324488
0.363503
0.431042
0.515872
1.000000
0.012128
0.039253
0.725364
0.084388
0.782393
1.000000
0.012100
0.674179
0.732377
0.780678
0.878832
1.000000
0.012076
0.009724
0.259423
0.104822
0.417435
1.000000
0.012024
0.164828
0.619082
0.202586
0.675352
1.000000
0.012021
0.033160
0.547645
0.122899
0.693867
1.000000
0.011948
0.510913
0.485800
0.709250
0.793148
1.000000
0.011944
0.000008
0.122022
0.062068
0.244292
1.000000
0.011931
0.036831
0.139436
0.124622
0.285161
1.000000
0.011887
0.165959
0.211361
0.262501
0.345980
1.000000
0.011868
0.326575
0.192265
0.424993
0.347043
1.000000
0.011866
0.575503
0.802797
0.766524
1.021077
1.000000
0.011865
0.268496
0.586832
0.306005
0.644647
1.000000
0.011857
0.244164
0.758163
0.281586
0.814356
1.000000
0.011838
0.911016
0.117929
0.968446
0.190825
1.000000
0.011835
0.562607
0.316638
0.610526
0.385671
1.000000
0.011777
0.689983
0.124555
0.735246
0.185955
1.000000
0.011750
0.146714
0.521801
0.183680
0.578399
1.000000
0.011737
0.093241
0.386751
0.134118
0.448663
1.000000
0.011734
0.765534
0.220544
0.871224
0.358731
1.000000
0.011729
0.381466
0.041839
0.577588
0.315334
1.000000
0.011712
0.520477
0.792737
0.552892
0.839045
1.000000
0.011704
0.639558
0.147763
0.683712
0.207692
1.000000
0.011689
0.672248
0.610386
0.870449
0.877015
1.000000
0.011686
0.739834
0.126170
0.784712
0.180644
1.000000
0.011678
0.642323
0.185709
0.682804
0.242752
1.000000
0.011675
0.469894
0.751275
0.557687
0.881331
1.000000
0.011623
0.937835
0.923674
0.987511
0.988646
1.000000
0.011614
0.113873
0.815967
0.163022
0.877875
1.000000
0.011562
0.965840
0.488826
0.998254
0.548163
1.000000
0.011551
0.543947
0.149681
0.585220
0.208113
1.000000
0.011548
0.091789
0.277499
0.184739
0.426208
1.000000
0.011546
0.001450
0.315019
0.033703
0.378525
1.000000
0.011543
0.271867
0.738557
0.364251
0.879803
1.000000
0.011508
0.717846
0.779081
0.763783
0.845256
1.000000
0.011433
0.495653
0.958137
0.533579
0.998897
1.000000
0.011425
0.611959
0.740240
0.712403
0.887578
1.000000
0.011415
-0.002405
0.427781
0.062177
0.551336
1.000000
0.011394
0.367687
0.409595
0.417016
0.478774
1.000000
0.011386
0.789558
0.956775
0.834544
1.000811
1.000000
0.011371
0.857753
0.021558
0.916377
0.086232
1.000000
0.011360
0.473038
0.912330
0.560101
1.007661
1.000000
0.011347
0.408593
0.243424
0.854065
0.973532
1.000000
0.011326
0.562696
0.049747
0.603644
0.108084
1.000000
0.011326
0.670445
0.251621
0.708929
0.307466
1.000000
0.011323
0.205191
0.770735
0.306313
0.916378
1.000000
0.011322
0.175803
0.549205
0.368741
0.850459
1.000000
0.011314
0.389430
0.445469
0.441265
0.515503
1.000000
0.011265
0.670221
0.220733
0.708901
0.275750
1.000000
0.011264
0.324139
0.786516
0.357527
0.836142
1.000000
0.011252
0.387740
0.066215
0.494759
0.211994
1.000000
0.011242
0.240910
0.656221
0.276999
0.709265
1.000000
0.011239
0.571576
0.791553
0.606781
0.841105
1.000000
0.011224
0.937420
0.780013
1.002095
0.905223
1.000000
0.011210
0.418529
0.579820
0.462600
0.643764
1.000000
0.011196
0.241814
0.123053
0.282956
0.180950
1.000000
0.011191
0.483982
0.408644
0.539574
0.486944
1.000000
0.011183
0.458648
0.278744
0.514348
0.361619
1.000000
0.011178
0.141639
0.183666
0.182170
0.242662
1.000000
0.011135
0.297762
0.720688
0.332440
0.771868
1.000000
0.011117
0.563379
0.088892
0.605078
0.146944
1.000000
0.011097
0.271533
0.620978
0.308925
0.677928
1.000000
0.011071
0.466673
0.923423
0.504210
0.977547
1.000000
0.011026
0.168305
0.220346
0.207902
0.278068
1.000000
0.011015
0.811878
0.117077
0.860328
0.173584
1.000000
0.011013
0.268191
0.788584
0.302018
0.838118
1.000000
0.010968
0.839905
0.955623
0.883610
1.000934
1.000000
0.010946
0.096086
0.283956
0.135763
0.342828
1.000000
0.010926
0.001687
0.452641
0.033860
0.515462
1.000000
0.010921
0.478487
0.007632
0.579108
0.119172
1.000000
0.010915
0.508914
0.443182
0.559473
0.520775
1.000000
0.010906
0.887417
0.213790
0.939921
0.281012
1.000000
0.010903
0.620235
0.856102
0.655760
0.907297
1.000000
0.010891
0.265093
0.548576
0.305279
0.610966
1.000000
0.010891
-0.004189
0.355856
0.059077
0.474178
1.000000
0.010876
0.714187
0.124329
0.758044
0.183193
1.000000
0.010857
0.520364
0.825542
0.552858
0.872301
1.000000
0.010854
0.094861
0.554803
0.134548
0.616443
1.000000
0.010852
0.788974
0.005161
0.840242
0.051091
1.000000
0.010826
0.862959
0.184361
0.912084
0.248135
1.000000
0.010802
0.664378
0.003052
0.712154
0.054211
1.000000
0.010792
0.069264
0.591228
0.104871
0.648288
1.000000
0.010788
0.167180
0.551474
0.205391
0.613309
1.000000
0.010785
0.135904
0.917870
0.185806
0.982284
1.000000
0.010783
0.694390
0.249987
0.732489
0.304238
1.000000
0.010775
0.296921
0.685980
0.334714
0.741681
1.000000
0.010762
0.765825
0.124495
0.809925
0.178104
1.000000
0.010762
0.361179
0.124037
0.471718
0.275266
1.000000
0.010760
0.365014
0.120239
0.408442
0.179370
1.000000
0.010757
0.066300
0.247229
0.106129
0.307811
1.000000
0.010755
0.712622
0.182997
0.752721
0.240071
1.000000
0.010724
0.341598
0.654540
0.381520
0.712636
1.000000
0.010711
0.928914
0.193405
1.004309
0.343848
1.000000
0.010708
0.365071
0.655039
0.404004
0.711799
1.000000
0.010700
0.872877
0.585958
1.007937
0.864900
1.000000
0.010699
0.317909
0.123715
0.359268
0.182459
1.000000
0.010694
0.809258
0.749934
0.855435
0.814125
1.000000
0.010680
0.616524
0.287277
0.658837
0.350125
1.000000
0.010679
0.531669
0.358898
0.632189
0.524859
1.000000
0.010663
0.494576
0.588211
0.534755
0.646260
1.000000
0.010658
0.966224
0.878697
0.998589
0.940574
1.000000
0.010645
0.415218
0.118395
0.460398
0.179015
1.000000
0.010644
0.534660
0.314398
0.582759
0.383197
1.000000
0.010638
0.189023
0.812305
0.229631
0.869426
1.000000
0.010638
0.117057
0.319165
0.157416
0.380469
1.000000
0.010626
0.218145
0.619069
0.256789
0.677758
1.000000
0.010602
0.593763
0.146684
0.636530
0.206199
1.000000
0.010588
0.968141
0.621846
0.999110
0.677412
1.000000
0.010570
0.634889
0.547151
0.686239
0.620552
1.000000
0.010565
0.315146
0.702013
0.406168
0.849502
1.000000
0.010552
0.288740
0.515638
0.331441
0.574298
1.000000
0.010552
0.591600
0.721753
0.631207
0.776590
1.000000
0.010547
0.090366
0.027482
0.281933
0.370144
1.000000
0.010520
0.434044
0.446372
0.488606
0.523095
1.000000
0.010511
0.116674
0.352541
0.157933
0.416078
1.000000
0.010509
0.104667
0.666502
0.304658
0.958523
1.000000
0.010505
0.716398
0.717019
0.769686
0.793975
1.000000
0.010491
0.966549
0.522088
0.998249
0.579006
1.000000
0.010477
0.095367
0.519502
0.133477
0.579565
1.000000
0.010474
0.267519
0.378318
0.365372
0.517758
1.000000
0.010472
0.469817
0.675135
0.561186
0.814398
1.000000
0.010468
0.964844
0.283245
1.000903
0.354501
1.000000
0.010467
0.623935
0.538598
0.722501
0.684866
1.000000
0.010444
0.195988
0.585797
0.234099
0.644264
1.000000
0.010434
0.886217
0.147623
0.940073
0.214264
1.000000
0.010391
0.414661
0.153440
0.459801
0.211492
1.000000
0.010382
0.498855
0.795585
0.530593
0.839623
1.000000
0.010379
0.619305
0.791241
0.655332
0.843641
1.000000
0.010370
0.295670
0.555424
0.337289
0.614714
1.000000
0.010358
0.314113
0.894677
0.413368
1.002286
1.000000
0.010343
0.612727
0.517888
0.662750
0.593421
1.000000
0.010327
0.037835
0.685313
0.080900
0.745600
1.000000
0.010285
0.139074
0.249454
0.181595
0.308806
1.000000
0.010264
0.168331
0.151348
0.208905
0.210487
1.000000
0.010254
0.414368
0.784513
0.503901
0.920765
1.000000
0.010248
0.514750
0.269695
0.716698
0.585524
1.000000
0.010248
0.788919
0.154544
0.835666
0.208702
1.000000
0.010242
0.966402
0.454443
0.999079
0.514996
1.000000
0.010234
0.095503
0.318509
0.134631
0.378446
1.000000
0.010224
0.669151
0.721903
0.710785
0.781705
1.000000
0.010215
0.341302
0.194647
0.381518
0.249931
1.000000
0.010198
0.572625
0.856749
0.606728
0.906228
1.000000
0.010196
0.096199
0.222486
0.135517
0.279695
1.000000
0.010192
0.297549
0.589863
0.337964
0.648523
1.000000
0.010189
0.422000
0.794229
0.453741
0.840979
1.000000
0.010183
0.194624
0.251688
0.232685
0.306328
1.000000
0.010166
0.092129
0.451951
0.132960
0.514779
1.000000
0.010164
0.340380
0.121757
0.385320
0.182754
1.000000
0.010152
0.808623
0.021398
0.867262
0.085784
1.000000
0.010136
0.347916
0.346278
0.393342
0.411073
1.000000
0.010124
0.150951
0.794761
0.258591
0.949352
1.000000
0.010113
0.340082
0.546967
0.393125
0.617797
1.000000
0.010083
0.815968
0.218429
0.861474
0.275405
1.000000
0.010051
0.735478
0.071172
0.848317
0.204929
1.000000
0.010041
0.218175
0.119428
0.260118
0.181455
1.000000
0.010037
0.766123
0.661427
0.876243
0.808287
1.000000
0.010012
0.240193
0.548057
0.283884
0.614529
1.000000
0.010002
0.364311
0.576092
0.411560
0.644317
