1.000000
0.813092
0.437096
0.270049
0.581356
0.487272
1.000000
0.050469
0.712377
0.509596
1.011241
1.120684
1.000000
0.049892
0.309504
0.275018
0.834253
1.017797
1.000000
0.035257
0.414050
0.375876
0.461663
0.450238
1.000000
0.032740
0.525345
0.302195
0.586543
0.392239
1.000000
0.031045
0.381128
0.332125
0.473903
0.493064
1.000000
0.030286
0.030362
0.387879
0.457520
1.055357
1.000000
0.023114
0.526220
0.359360
0.628386
0.521668
1.000000
0.022448
0.532021
0.367577
0.587473
0.452191
1.000000
0.022254
0.369887
0.426624
0.467413
0.579702
1.000000
0.021873
0.964325
0.952043
0.997567
0.996582
1.000000
0.021216
0.635858
0.444219
0.751823
0.586463
1.000000
0.021135
0.583290
0.350944
0.688879
0.503814
1.000000
0.021126
0.562688
0.634355
0.655330
0.762960
1.000000
0.021049
0.397957
0.353864
0.443277
0.426774
1.000000
0.020353
0.590982
0.692235
0.634229
0.748137
1.000000
0.020124
0.504547
0.253468
0.567046
0.342258
1.000000
0.019785
0.423061
0.393336
0.538310
0.586525
1.000000
0.019641
0.010982
0.421217
0.252400
0.689888
1.000000
0.019516
0.720829
0.956487
0.757979
0.995269
1.000000
0.019210
0.819016
0.955403
0.856395
0.994598
1.000000
0.019097
0.768397
0.957484
0.807020
0.996017
1.000000
0.018343
0.556667
0.340950
0.606723
0.420344
1.000000
0.017787
0.437872
0.250228
0.493282
0.330314
1.000000
0.017595
0.535580
0.444302
0.585680
0.518890
1.000000
0.017515
0.325155
0.416016
0.415466
0.551279
1.000000
0.017478
0.671584
0.652971
0.709384
0.705687
1.000000
0.017342
0.556788
0.284732
0.604122
0.356900
1.000000
0.017085
0.507481
0.682933
0.921674
1.015051
1.000000
0.016823
0.614731
0.417456
0.664974
0.487564
1.000000
0.016762
0.561947
0.410296
0.610295
0.487721
1.000000
0.016671
0.005006
0.465984
0.107432
0.608827
1.000000
0.016509
0.613343
0.614812
0.708018
0.749506
1.000000
0.016224
0.871114
0.956883
0.906703
0.995052
1.000000
0.016019
0.714388
0.610182
0.810494
0.728291
1.000000
0.016004
0.011030
0.617435
0.055532
0.682282
1.000000
0.016003
0.714941
0.453056
0.756475
0.514734
1.000000
0.015877
0.742224
0.958250
0.780805
0.997203
1.000000
0.015731
0.636935
0.448938
0.686703
0.520053
1.000000
0.015656
0.610858
0.688046
0.699856
0.815674
1.000000
0.015635
0.535207
0.349538
0.744446
0.630946
1.000000
0.015536
0.436454
0.308586
0.496049
0.398435
1.000000
0.015482
0.412980
0.318424
0.463831
0.400276
1.000000
0.015310
0.412401
0.442522
0.460639
0.519344
1.000000
0.015218
0.011633
0.479250
0.057459
0.545759
1.000000
0.015204
0.215002
0.955887
0.255458
0.996099
1.000000
0.015090
0.794183
0.955880
0.833164
0.995582
1.000000
0.014961
0.695130
0.650920
0.731563
0.698927
1.000000
0.014910
0.504319
0.405568
0.562073
0.487931
1.000000
0.014902
0.040641
0.402849
0.189132
0.552986
1.000000
0.014896
0.770664
0.458780
0.809390
0.512379
1.000000
0.014839
0.643774
0.538399
0.742762
0.683321
1.000000
0.014795
0.616375
0.474303
0.668371
0.549421
1.000000
0.014737
0.568451
0.439823
0.672408
0.580906
1.000000
0.014735
0.266304
0.420744
0.368958
0.553959
1.000000
0.014715
0.478320
0.300264
0.554852
0.399564
1.000000
0.014695
0.662758
0.420657
0.710083
0.486301
1.000000
0.014531
0.771458
0.931015
0.809458
0.978835
1.000000
0.014482
0.665735
0.511383
0.712703
0.581166
1.000000
0.014453
0.589869
0.447673
0.640478
0.516982
1.000000
0.014348
0.695946
0.957043
0.735572
0.997362
1.000000
0.014297
0.436737
0.437740
0.488978
0.519949
1.000000
0.014115
0.842154
0.957161
0.879870
0.996400
1.000000
0.014054
0.399206
0.227994
0.514843
0.393184
1.000000
0.014036
0.584156
0.473664
0.787473
0.781737
1.000000
0.013924
0.708787
0.476520
0.817522
0.616354
1.000000
0.013904
0.916058
0.905863
0.995013
1.002611
1.000000
0.013843
0.309477
0.338994
0.500759
0.643044
1.000000
0.013835
0.002264
0.654937
0.063532
0.779549
1.000000
0.013802
0.002179
0.455536
0.039424
0.518924
1.000000
0.013760
0.314114
0.516266
0.420451
0.667899
1.000000
0.013739
0.003056
0.535004
0.087880
0.682830
1.000000
0.013529
0.715813
0.431177
0.956424
0.700548
1.000000
0.013521
0.577208
0.251202
0.681280
0.396090
1.000000
0.013494
0.792878
0.632060
0.830516
0.676471
1.000000
0.013485
0.481202
0.366468
0.546206
0.456172
1.000000
0.013390
0.664248
0.689692
0.758899
0.823139
1.000000
0.013351
0.876067
0.462958
1.000543
0.623409
1.000000
0.013347
0.390361
0.478277
0.436686
0.546672
1.000000
0.013320
0.389616
0.492737
0.494401
0.655669
1.000000
0.013304
0.773875
0.917312
0.857837
1.005330
1.000000
0.013290
0.001528
0.512965
0.037267
0.579025
1.000000
0.013278
0.717150
0.626783
0.760397
0.680543
1.000000
0.013260
0.585060
0.381552
0.637217
0.454408
1.000000
0.013226
0.268558
0.721369
0.308352
0.773053
1.000000
0.013184
0.193224
0.957448
0.233680
0.997115
1.000000
0.012970
0.584840
0.543422
0.688476
0.692510
1.000000
0.012877
0.744079
0.456546
0.785497
0.513409
1.000000
0.012806
0.892261
0.957328
0.929128
0.995601
1.000000
0.012775
0.244217
0.725087
0.280826
0.773591
1.000000
0.012772
0.643748
0.656952
0.684349
0.713106
1.000000
0.012748
0.789422
0.617710
0.884129
0.725760
1.000000
0.012689
0.108466
0.457658
0.157902
0.516014
1.000000
0.012664
0.703429
0.916943
0.782553
1.004277
1.000000
0.012638
0.719629
0.686112
0.817333
0.813772
1.000000
0.012618
0.266964
0.755820
0.306640
0.808901
1.000000
0.012564
0.152155
0.545164
0.260432
0.679133
1.000000
0.012486
0.537584
0.505058
0.634595
0.652062
1.000000
0.012480
0.130453
0.447023
0.264836
0.587347
1.000000
0.012379
0.843066
0.911113
0.930589
1.007436
1.000000
0.012340
0.456599
0.331201
0.526417
0.430569
1.000000
0.012199
0.666422
0.726048
0.702892
0.779704
1.000000
0.012120
0.294648
0.611316
0.397376
0.749516
1.000000
0.012103
0.203776
0.479338
0.315179
0.614065
1.000000
0.012092
0.248776
0.681690
0.340382
0.809036
1.000000
0.012090
0.768056
0.630588
0.807122
0.677623
1.000000
0.012084
0.758375
0.542471
0.866377
0.673450
1.000000
0.012064
0.416103
0.513796
0.458122
0.575761
1.000000
0.011996
0.563381
0.479876
0.609813
0.552669
1.000000
0.011980
0.584385
0.318644
0.632113
0.385612
1.000000
0.011964
0.217769
0.758788
0.254746
0.807736
1.000000
0.011930
0.682983
0.408960
0.790207
0.537433
1.000000
0.011906
0.819730
0.658555
0.854904
0.700161
1.000000
0.011881
0.771074
0.727109
0.806896
0.769210
1.000000
0.011877
0.641087
0.587488
0.684248
0.649170
1.000000
0.011860
0.009987
0.546296
0.056563
0.615168
1.000000
0.011755
0.667931
0.586542
0.710988
0.650031
1.000000
0.011710
0.219583
0.827910
0.254026
0.871980
1.000000
0.011699
0.919444
0.959091
0.955210
0.995992
1.000000
0.011662
0.051922
0.537057
0.171218
0.676095
1.000000
0.011656
0.765142
0.660202
0.859719
0.771275
1.000000
0.011646
0.667884
0.688283
0.704485
0.739520
1.000000
0.011644
0.741772
0.650117
0.780481
0.697391
1.000000
0.011588
0.644943
0.755652
0.685880
0.811287
1.000000
0.011570
0.642494
0.723912
0.680992
0.775995
1.000000
0.011552
0.068942
0.300260
0.330027
0.601457
1.000000
0.011541
0.269474
0.690346
0.310575
0.744209
1.000000
0.011530
0.508559
0.473892
0.559650
0.551919
1.000000
0.011514
0.742163
0.518382
0.780499
0.575808
1.000000
0.011511
0.243779
0.758341
0.281199
0.808506
1.000000
0.011504
0.001897
0.648975
0.036602
0.714510
1.000000
0.011504
0.737472
0.434541
0.839236
0.555890
1.000000
0.011499
0.510578
0.223749
0.560548
0.290551
1.000000
0.011397
0.344729
0.455655
0.388310
0.521716
1.000000
0.011352
0.217634
0.725200
0.255155
0.774361
1.000000
0.011326
0.774478
0.794187
0.807941
0.835499
1.000000
0.011324
0.214344
0.619094
0.311655
0.741802
1.000000
0.011306
0.691085
0.591114
0.732058
0.649364
1.000000
0.011298
0.264166
0.513053
0.365395
0.650169
1.000000
0.011293
0.246073
0.756362
0.339185
0.890442
1.000000
0.011273
0.000877
0.356794
0.104101
0.496632
1.000000
0.011198
0.062115
0.656483
0.160558
0.781359
1.000000
0.011166
0.638466
0.391457
0.685309
0.457682
1.000000
0.011142
0.718866
0.514931
0.759786
0.576750
1.000000
0.011142
0.269057
0.656824
0.309291
0.710817
1.000000
0.011135
0.286665
0.516201
0.328745
0.577274
1.000000
0.011034
0.291057
0.720524
0.331967
0.773070
1.000000
0.011025
0.961862
0.655564
0.996292
0.714202
1.000000
0.011006
0.001709
0.585878
0.036356
0.649767
1.000000
0.010984
0.789486
0.520743
0.828767
0.576630
1.000000
0.010976
0.192369
0.723769
0.231899
0.773591
1.000000
0.010966
0.164723
0.690091
0.251230
0.808346
1.000000
0.010930
0.519146
0.581575
0.619586
0.732955
1.000000
0.010921
0.669520
0.957230
0.707543
0.997077
1.000000
0.010918
0.638093
0.690377
0.679742
0.744010
1.000000
0.010874
0.193317
0.759922
0.232542
0.810084
1.000000
0.010773
0.821786
0.696120
0.856889
0.737335
1.000000
0.010752
0.611540
0.660987
0.654249
0.722192
1.000000
0.010743
0.460269
0.473662
0.517898
0.557816
1.000000
0.010719
0.959622
0.483695
0.998820
0.550896
1.000000
0.010685
0.264097
0.957355
0.305017
0.999330
1.000000
0.010641
0.474744
0.441661
0.580242
0.617135
1.000000
0.010636
0.817928
0.633112
0.855675
0.676943
1.000000
0.010626
0.082902
-0.006253
0.551821
0.691130
1.000000
0.010623
0.964839
0.853747
0.996789
0.911186
1.000000
0.010601
0.718509
0.724406
0.755344
0.771901
1.000000
0.010547
0.968062
0.889073
0.997655
0.943183
1.000000
0.010530
0.457108
0.399474
0.520390
0.487853
1.000000
0.010486
0.294871
0.712174
0.390485
0.857439
1.000000
0.010465
0.638611
0.745767
0.724182
0.882798
1.000000
0.010453
0.783340
0.480441
0.904851
0.621000
1.000000
0.010434
0.194373
0.793788
0.229883
0.839254
1.000000
0.010434
0.963388
0.820346
0.996212
0.879647
1.000000
0.010427
0.445580
0.510253
0.493278
0.579244
1.000000
0.010401
0.740829
0.593132
0.780515
0.646407
1.000000
0.010401
0.558663
0.220641
0.605338
0.287463
1.000000
0.010394
0.690415
0.482045
0.735370
0.548931
1.000000
0.010391
0.512570
0.227364
0.620515
0.382785
1.000000
0.010381
0.000201
0.719846
0.061185
0.848527
1.000000
0.010374
0.267714
0.792207
0.305788
0.842353
1.000000
0.010353
0.109461
0.619745
0.213016
0.741506
1.000000
0.010347
0.171710
0.959881
0.208166
0.996275
1.000000
0.010297
0.768451
0.429637
0.807599
0.483754
1.000000
0.010259
0.668877
0.787034
0.702691
0.837050
1.000000
0.010240
0.318162
0.720646
0.359511
0.774218
1.000000
0.010220
0.241746
0.656335
0.281208
0.708067
1.000000
0.010160
-0.004581
0.816444
0.127202
1.004867
1.000000
0.010155
0.243828
0.794048
0.279587
0.840593
1.000000
0.010051
0.694285
0.925759
0.733735
0.979005
1.000000
0.010044
0.193829
0.828331
0.229550
0.873065
1.000000
0.010041
0.787292
0.486933
0.829027
0.546234
1.000000
0.010040
0.042091
0.460486
0.087789
0.516885
1.000000
0.010005
0.792474
0.728916
0.827441
0.767977
