1.000000
0.981526
0.442409
0.257913
0.660051
0.574487
1.000000
0.054877
0.034404
0.606041
0.392176
1.064302
1.000000
0.049700
0.001767
0.767133
0.251029
1.003182
1.000000
0.037826
0.444495
0.441523
0.648862
0.760858
1.000000
0.029033
0.760287
0.736373
1.003811
1.016650
1.000000
0.027714
0.012752
0.927237
0.066883
0.990491
1.000000
0.025637
0.236166
0.715335
0.652043
1.015265
1.000000
0.025397
0.018235
0.702422
0.110886
0.835426
1.000000
0.025204
0.152109
0.590043
0.261883
0.728595
1.000000
0.023656
0.938585
0.945244
0.987602
0.998297
1.000000
0.023223
0.001458
0.946063
0.039479
0.995296
1.000000
0.022255
-0.000417
0.072349
0.069300
0.208487
1.000000
0.022202
0.657409
-0.018449
0.887185
0.293275
1.000000
0.021650
0.659707
0.084555
0.779162
0.255550
1.000000
0.021448
0.820319
0.876527
0.861292
0.943678
1.000000
0.021390
0.002875
0.184151
0.036296
0.251929
1.000000
0.021182
0.959272
0.920201
0.997977
0.987027
1.000000
0.021015
0.073081
0.592649
0.170184
0.729536
1.000000
0.021007
0.058909
0.952795
0.106971
0.997823
1.000000
0.020734
0.116187
0.957948
0.159993
0.998340
1.000000
0.020719
0.840472
0.950580
0.883390
0.998089
1.000000
0.020234
0.864082
0.952262
0.907217
0.998437
1.000000
0.020114
0.061136
0.715848
0.106671
0.782766
1.000000
0.019961
0.117164
0.632847
0.226721
0.787749
1.000000
0.019389
0.835442
0.918075
0.879379
0.978160
1.000000
0.019158
0.002983
0.247940
0.035786
0.313081
1.000000
0.019123
0.162365
0.956502
0.208562
0.999886
1.000000
0.019016
0.867061
0.147395
1.004002
0.445638
1.000000
0.018314
0.000196
0.203060
0.057979
0.328982
1.000000
0.018288
0.211393
0.588721
0.258036
0.654937
1.000000
0.018219
0.568499
0.952314
0.609308
0.995477
1.000000
0.017920
0.579240
0.208860
0.685717
0.369624
1.000000
0.017888
0.926668
0.209239
0.999494
0.349676
1.000000
0.017795
0.112808
0.618525
0.161474
0.689157
1.000000
0.017583
0.038906
0.899419
0.154260
1.002355
1.000000
0.017448
0.924259
0.339440
1.000362
0.534901
1.000000
0.017443
0.244890
0.716448
0.350549
0.863681
1.000000
0.017306
0.904123
0.883019
0.994488
0.994845
1.000000
0.017115
0.012453
0.744682
0.062865
0.816971
1.000000
0.016991
0.002112
0.894983
0.036674
0.951635
1.000000
0.016984
0.026843
0.629857
0.119686
0.771129
1.000000
0.016913
0.166383
0.586315
0.215691
0.652101
1.000000
0.016884
0.090016
0.619076
0.134448
0.684461
1.000000
0.016838
0.520070
0.956770
0.558366
0.997885
1.000000
0.016789
0.544389
0.790187
0.584855
0.843041
1.000000
0.016648
0.816179
0.869327
0.907787
0.984961
1.000000
0.016609
0.434039
0.503626
0.830567
1.066756
1.000000
0.016476
0.463532
0.951273
0.505278
0.995318
1.000000
0.016369
0.525684
0.091846
0.724045
0.443636
1.000000
0.016348
0.059809
0.088002
0.158901
0.252773
1.000000
0.016342
0.009195
0.680411
0.056003
0.750667
1.000000
0.016014
0.067771
0.648606
0.110658
0.716468
1.000000
0.015946
0.913848
0.949979
0.960697
0.999417
1.000000
0.015931
0.265493
0.652226
0.308580
0.714914
1.000000
0.015924
0.140378
0.096503
0.246069
0.258509
1.000000
0.015859
0.136152
0.891082
0.234584
0.996240
1.000000
0.015784
0.621157
0.128066
0.724635
0.280572
1.000000
0.015702
0.173862
0.668840
0.275104
0.819555
1.000000
0.015677
0.056499
0.738935
0.158543
0.870794
1.000000
0.015588
0.441716
0.905805
0.525781
1.001154
1.000000
0.015511
0.236410
0.622636
0.333954
0.755442
1.000000
0.015472
0.767578
0.206808
0.864126
0.340545
1.000000
0.015436
0.665477
0.001127
0.709148
0.051774
1.000000
0.015430
0.088390
0.958500
0.133926
0.999830
1.000000
0.015416
0.590689
0.952687
0.631527
0.995995
1.000000
0.015385
0.766966
0.956584
0.808500
1.001723
1.000000
0.015325
0.966296
0.817809
0.999086
0.881631
1.000000
0.015283
0.782605
0.820614
0.873145
0.958562
1.000000
0.015225
0.002111
0.787655
0.036491
0.845155
1.000000
0.015224
0.520304
0.787425
0.562815
0.843823
1.000000
0.015070
0.962816
0.885192
0.997818
0.949755
1.000000
0.014859
0.500534
0.753940
0.592271
0.884671
1.000000
0.014843
0.614581
0.952423
0.656573
0.995898
1.000000
0.014783
0.041709
0.448170
0.226337
0.730978
1.000000
0.014608
0.786869
0.096589
0.886607
0.252446
1.000000
0.014587
0.011945
0.060801
0.056408
0.125744
1.000000
0.014565
0.065949
0.202565
0.163423
0.342027
1.000000
0.014535
0.742679
0.870324
0.842419
0.997509
1.000000
0.014482
0.113664
0.530113
0.217454
0.677482
1.000000
0.014381
0.139712
0.590382
0.187904
0.654478
1.000000
0.014378
0.002780
0.118529
0.037968
0.183188
1.000000
0.014352
0.664437
0.952551
0.707476
0.998163
1.000000
0.014335
0.236670
0.617553
0.283503
0.684389
1.000000
0.014253
0.268943
0.720748
0.310829
0.781413
1.000000
0.014177
0.135348
0.645514
0.186173
0.715726
1.000000
0.014157
0.713431
0.951229
0.755750
0.997876
1.000000
0.014138
0.640946
0.002196
0.683811
0.051585
1.000000
0.014031
0.668010
0.902847
0.758060
1.001131
1.000000
0.013883
0.115336
0.738561
0.215047
0.877212
1.000000
0.013852
0.001160
0.652963
0.037554
0.720497
1.000000
0.013846
0.010186
0.817108
0.055428
0.875634
1.000000
0.013839
0.057489
0.816727
0.162129
0.948922
1.000000
0.013804
0.500519
0.867515
0.597017
0.988793
1.000000
0.013763
0.001283
0.775096
0.083966
0.901022
1.000000
0.013748
0.639453
0.952011
0.683926
0.998292
1.000000
0.013658
0.009720
0.146796
0.052780
0.215668
1.000000
0.013654
0.544042
0.953761
0.587184
0.997986
1.000000
0.013646
0.639740
0.245365
0.686423
0.312320
1.000000
0.013586
0.188405
0.611187
0.242368
0.685761
1.000000
0.013584
0.001481
0.716716
0.037802
0.782389
1.000000
0.013491
0.115295
0.820856
0.214902
0.951300
1.000000
0.013412
0.217966
0.955248
0.260895
0.998467
1.000000
0.013309
0.739908
0.003232
0.783898
0.054034
1.000000
0.013306
0.243890
0.720679
0.283919
0.777338
1.000000
0.013284
0.943687
0.617706
0.985663
0.682896
1.000000
0.013271
0.212226
0.643944
0.258945
0.714685
1.000000
0.013214
0.712723
0.113873
0.759430
0.181061
1.000000
0.013152
0.267970
0.684978
0.310576
0.748092
1.000000
0.013074
0.011334
0.278856
0.051220
0.344859
1.000000
0.013073
0.614397
0.320240
0.658783
0.386662
1.000000
0.013018
0.047480
0.153599
0.479914
0.832662
1.000000
0.012970
0.241506
0.685273
0.284796
0.748559
1.000000
0.012886
0.888763
0.921440
0.941101
0.987895
1.000000
0.012862
0.113607
0.554634
0.156555
0.614581
1.000000
0.012852
0.817375
0.251151
0.857566
0.308449
1.000000
0.012830
0.263437
0.567125
0.498284
0.877615
1.000000
0.012800
0.764453
0.003573
0.810197
0.055897
1.000000
0.012769
0.268161
0.754353
0.310341
0.813948
1.000000
0.012765
0.590119
0.019498
0.639585
0.088686
1.000000
0.012754
0.793857
0.953390
0.836684
1.001560
1.000000
0.012748
0.537225
0.254391
0.583105
0.320710
1.000000
0.012737
0.692079
0.004251
0.735431
0.053517
1.000000
0.012733
0.064355
0.782711
0.107501
0.838442
1.000000
0.012607
0.516882
0.284444
0.561549
0.353248
1.000000
0.012590
0.558515
0.285543
0.611343
0.357684
1.000000
0.012578
0.815223
0.827585
0.859515
0.892743
1.000000
0.012489
0.592602
0.070736
0.693630
0.227960
1.000000
0.012483
0.915559
0.243755
0.966162
0.319909
1.000000
0.012433
0.090561
0.554077
0.132548
0.612477
1.000000
0.012402
0.960235
0.214757
0.998532
0.287006
1.000000
0.012363
0.002338
0.318569
0.033176
0.378576
1.000000
0.012323
0.673056
0.733124
0.783350
0.908587
1.000000
0.012269
0.087785
0.683084
0.132338
0.750410
1.000000
0.012263
0.964300
0.310843
0.999179
0.383599
1.000000
0.012247
0.488247
0.640288
0.596280
0.795219
1.000000
0.012166
0.513928
0.320306
0.562445
0.390114
1.000000
0.012161
0.662369
0.146009
0.712840
0.219100
1.000000
0.012149
0.611025
0.004698
0.657994
0.058382
1.000000
0.012111
0.067817
0.110021
0.107356
0.177063
1.000000
0.012079
0.773415
-0.000757
0.983122
0.383485
1.000000
0.012054
0.622708
0.804397
0.809733
1.024758
1.000000
0.012043
0.483628
0.232354
0.593935
0.402756
1.000000
0.012029
0.963882
0.414694
0.998951
0.491132
1.000000
0.012017
0.065831
0.247582
0.105448
0.308078
1.000000
0.011961
0.840669
0.198632
0.941098
0.347674
1.000000
0.011946
0.522005
0.919631
0.562984
0.976610
1.000000
0.011926
0.582889
0.313320
0.639072
0.387719
1.000000
0.011925
0.711680
0.050924
0.758964
0.120090
1.000000
0.011909
0.065716
0.495652
0.156600
0.635252
1.000000
0.011895
0.003730
0.008923
0.068758
0.103088
1.000000
0.011893
0.192552
0.753112
0.286481
0.887492
1.000000
0.011890
0.616414
0.887123
0.712908
0.995415
1.000000
0.011866
0.001645
0.857185
0.034220
0.910612
1.000000
0.011855
0.114645
0.676895
0.163156
0.749045
1.000000
0.011809
0.092860
0.251485
0.133346
0.308822
1.000000
0.011767
0.664454
0.401962
0.973723
0.983226
1.000000
0.011727
0.255791
-0.035546
0.502842
0.311563
1.000000
0.011718
0.791967
0.251487
0.834065
0.310667
1.000000
0.011702
0.841627
0.251032
0.881190
0.308270
1.000000
0.011689
0.516542
0.812115
0.699813
1.020605
1.000000
0.011676
0.137903
0.927970
0.187490
0.986554
1.000000
0.011643
0.166668
0.855512
0.208723
0.907668
1.000000
0.011596
0.587310
0.252085
0.636176
0.319478
1.000000
0.011546
0.893533
0.250297
0.937866
0.316177
1.000000
0.011540
0.399618
0.780045
0.506783
0.936841
1.000000
0.011519
0.961207
0.112944
0.997935
0.182445
1.000000
0.011482
0.216548
0.719145
0.255956
0.777638
1.000000
0.011457
0.092135
0.115877
0.130781
0.177969
1.000000
0.011438
0.117057
0.790192
0.157261
0.841553
1.000000
0.011377
0.557756
0.625559
0.770580
0.929232
1.000000
0.011371
0.308969
0.625065
0.427131
0.779972
1.000000
0.011367
0.114725
0.717428
0.159751
0.782331
1.000000
0.011329
0.492087
0.956883
0.532870
0.998830
1.000000
0.011298
0.190892
0.757739
0.232499
0.817996
1.000000
0.011291
0.290090
0.657503
0.334081
0.717883
1.000000
0.011270
0.789744
0.024800
0.836630
0.091482
1.000000
0.011259
0.118817
0.253717
0.158614
0.311196
1.000000
0.011231
0.741233
0.955228
0.785486
1.002122
1.000000
0.011217
0.738277
0.115912
0.781409
0.178468
1.000000
0.011205
0.561488
0.720111
0.606806
0.781934
1.000000
0.011163
0.698233
0.001803
0.790597
0.110769
1.000000
0.011147
0.116429
0.213537
0.214091
0.347755
1.000000
0.011092
0.314297
0.684835
0.361195
0.751588
1.000000
0.011082
0.818112
0.219382
0.859410
0.275596
1.000000
0.011056
0.967532
0.753690
0.999099
0.818625
1.000000
0.011030
0.867088
0.253833
0.907319
0.313369
1.000000
0.011029
0.267891
0.954681
0.310605
0.998091
1.000000
0.011028
0.117887
0.185617
0.157721
0.247363
1.000000
0.011011
0.244441
0.758306
0.285414
0.815982
1.000000
0.010986
0.632271
0.237945
0.732468
0.390901
1.000000
0.010981
0.734824
0.749271
0.832012
0.904337
1.000000
0.010948
0.169127
0.120304
0.206989
0.179711
1.000000
0.010941
0.092428
0.183986
0.132069
0.245443
1.000000
0.010933
0.817527
0.118793
0.858255
0.178617
1.000000
0.010921
0.495952
0.785492
0.538336
0.843635
1.000000
0.010917
0.159549
0.516196
0.361234
0.809596
1.000000
0.010896
0.640866
0.121089
0.685089
0.185643
1.000000
0.010876
0.555577
0.884888
0.648917
0.993894
1.000000
0.010848
0.615076
0.250318
0.660321
0.314880
1.000000
0.010841
0.072788
0.589296
0.112887
0.653506
1.000000
0.010790
0.428085
0.277879
0.542839
0.457532
1.000000
0.010765
0.189264
0.956606
0.234180
1.000332
1.000000
0.010690
0.689814
0.178458
0.735583
0.244191
1.000000
0.010660
0.815538
0.284956
0.856478
0.343228
1.000000
0.010656
0.542960
0.911911
0.588655
0.974296
1.000000
0.010600
0.807129
0.759453
0.907243
0.911176
1.000000
0.010580
0.766644
0.116563
0.806890
0.176243
1.000000
0.010553
0.333060
0.106922
0.446163
0.258763
1.000000
0.010551
0.612940
-0.001720
0.699931
0.093833
1.000000
0.010535
0.792973
0.189235
0.835365
0.247453
1.000000
0.010535
0.513560
0.674859
0.571999
0.752606
1.000000
0.010522
0.565401
0.146351
0.668559
0.291405
1.000000
0.010515
0.118178
0.116568
0.155225
0.176448
1.000000
0.010513
0.792252
0.286446
0.834023
0.344889
1.000000
0.010504
0.143311
0.185200
0.182246
0.244101
1.000000
0.010501
0.169375
0.826600
0.210022
0.877382
1.000000
0.010464
0.070373
0.182244
0.108602
0.245631
1.000000
0.010453
0.292976
0.718551
0.336194
0.779586
1.000000
0.010401
0.574251
0.604494
0.688548
0.777612
1.000000
0.010396
0.161550
0.678785
0.211331
0.749474
1.000000
0.010394
0.537637
0.062772
0.636454
0.209922
1.000000
0.010391
0.207296
0.095751
0.319723
0.255185
1.000000
0.010360
0.617489
0.119425
0.658943
0.180399
1.000000
0.010325
0.188862
0.679902
0.236569
0.750346
1.000000
0.010278
0.610555
0.046295
0.651842
0.106294
1.000000
0.010266
0.892728
0.219846
0.935243
0.279545
1.000000
0.010173
0.490327
0.719822
0.540436
0.783123
1.000000
0.010155
0.534949
0.714105
0.585148
0.777141
1.000000
0.010148
0.936767
0.758549
1.005075
0.891157
1.000000
0.010141
0.036505
0.777149
0.084572
0.835479
1.000000
0.010110
0.535996
0.794033
0.629418
0.929434
1.000000
0.010106
0.519123
0.223203
0.560944
0.283756
1.000000
0.010097
0.868479
0.285608
0.908600
0.345652
1.000000
0.010097
0.785520
0.270960
0.878655
0.411093
1.000000
0.010087
0.934777
0.550733
0.999426
0.694608
1.000000
0.010086
0.084587
0.020904
0.292623
0.373415
1.000000
0.010082
0.964070
0.646554
0.996730
0.710438
1.000000
0.010055
0.561451
0.703828
0.671942
0.862090
1.000000
0.010048
0.019288
0.230108
0.100985
0.378789
1.000000
0.010010
0.965363
0.475430
0.999051
0.547835
