1.000000
0.907604
0.438958
0.233915
0.593191
0.483242
1.000000
0.056625
-0.004961
0.770559
0.250798
1.019517
1.000000
0.036860
0.578949
0.576933
0.955827
1.081007
1.000000
0.036354
0.028481
0.527071
0.378924
1.109540
1.000000
0.032254
0.010295
0.943718
0.062822
0.994989
1.000000
0.028198
0.101013
0.749014
0.215405
0.878788
1.000000
0.027145
0.439615
0.250616
0.490510
0.322807
1.000000
0.027078
0.438719
0.314319
0.490798
0.392657
1.000000
0.026876
0.281738
0.351386
0.713086
0.996966
1.000000
0.026179
0.561494
0.304106
0.612942
0.390630
1.000000
0.023450
0.264798
0.950366
0.309471
0.996004
1.000000
0.023000
0.958466
0.748528
0.995504
0.819595
1.000000
0.022835
0.198857
0.533122
0.293279
0.669108
1.000000
0.022560
0.145988
0.688196
0.596112
1.025695
1.000000
0.022548
0.542728
0.225478
0.642458
0.384355
1.000000
0.022224
0.417314
0.199095
0.535407
0.369952
1.000000
0.022026
0.963404
0.948785
0.999143
0.997477
1.000000
0.021671
0.048654
0.887809
0.168707
0.999705
1.000000
0.021671
0.002011
0.568763
0.072566
0.715895
1.000000
0.021457
0.921615
0.096537
1.000233
0.219323
1.000000
0.021111
0.180093
0.724764
0.273341
0.859738
1.000000
0.020330
0.061149
0.706605
0.169581
0.833468
1.000000
0.020256
0.120230
0.087707
0.215632
0.241337
1.000000
0.019850
0.484700
0.250125
0.540597
0.325261
1.000000
0.019837
0.857551
0.093106
1.001483
0.357152
1.000000
0.019384
0.146865
0.544948
0.239838
0.679980
1.000000
0.019045
0.962461
0.814138
0.998233
0.884739
1.000000
0.019036
0.735186
0.726073
0.853708
0.888054
1.000000
0.018695
0.927108
0.736916
1.000997
0.880146
1.000000
0.018650
0.683183
0.782600
0.868132
1.016853
1.000000
0.018606
0.085896
0.759506
0.137936
0.819875
1.000000
0.018593
0.739032
0.157035
1.009523
0.806240
1.000000
0.018492
0.350499
0.512373
0.468738
0.675710
1.000000
0.018460
0.717187
0.955674
0.759569
0.997238
1.000000
0.018334
0.117022
0.251051
0.155810
0.309856
1.000000
0.018260
0.014412
0.749516
0.056401
0.806045
1.000000
0.018203
0.316197
0.956474
0.357357
0.998460
1.000000
0.018199
0.872393
0.821778
0.995632
1.002478
1.000000
0.018178
0.002434
0.581495
0.038237
0.656296
1.000000
0.017996
0.562143
0.253861
0.610888
0.333250
1.000000
0.017993
0.080619
0.806211
0.198618
0.949471
1.000000
0.017960
0.460113
0.383504
0.570713
0.565675
1.000000
0.017948
0.093212
0.608892
0.186174
0.741978
1.000000
0.017905
0.080514
0.556318
0.273058
0.829423
1.000000
0.017835
0.135696
0.763178
0.185242
0.823156
1.000000
0.017820
0.003200
0.184816
0.036813
0.250127
1.000000
0.017791
0.935246
0.013102
0.990666
0.084408
1.000000
0.017762
0.251547
0.915295
0.332940
1.001301
1.000000
0.017710
0.910378
0.327578
0.994065
0.490162
1.000000
0.017563
0.167530
0.601187
0.260968
0.741925
1.000000
0.017432
0.493414
0.004699
0.536447
0.054473
1.000000
0.017377
0.473639
0.164498
0.588726
0.326754
1.000000
0.017349
0.368417
0.954684
0.407015
0.996384
1.000000
0.017325
0.215619
0.720780
0.260159
0.782526
1.000000
0.017325
0.211794
0.782528
0.256503
0.844905
1.000000
0.017216
0.009295
0.547248
0.052849
0.622318
1.000000
0.017216
0.059246
0.954347
0.110091
0.999514
1.000000
0.017213
0.441554
0.005708
0.483000
0.053234
1.000000
0.017177
0.433761
0.499100
0.536105
0.653696
1.000000
0.017100
0.214156
0.546458
0.263329
0.622683
1.000000
0.016926
0.538313
0.003865
0.583915
0.057046
1.000000
0.016914
0.657708
0.880100
0.754947
0.995434
1.000000
0.016841
0.275545
0.714754
0.368235
0.860424
1.000000
0.016807
0.587969
0.096315
0.690542
0.248024
1.000000
0.016803
0.157615
0.780886
0.211339
0.845757
1.000000
0.016603
0.010306
0.676755
0.054935
0.745299
1.000000
0.016503
0.322394
0.000546
0.530869
0.232204
1.000000
0.016438
0.510234
0.220524
0.562024
0.290498
1.000000
0.016394
0.815307
0.957121
0.857942
1.000408
1.000000
0.016359
0.111304
0.906302
0.209985
1.005788
1.000000
0.016349
0.487495
0.187123
0.536680
0.254145
1.000000
0.016297
0.001972
0.894364
0.037528
0.948037
1.000000
0.016286
0.497948
0.012397
0.598380
0.141082
1.000000
0.016283
0.166689
0.617537
0.207379
0.676161
1.000000
0.016259
0.011404
0.054934
0.060511
0.124195
1.000000
0.016252
0.464203
0.004642
0.507371
0.054227
1.000000
0.016077
0.118464
0.284306
0.155715
0.340736
1.000000
0.016040
0.739538
0.871871
0.842075
0.995571
1.000000
0.016025
0.112876
0.778634
0.165280
0.836972
1.000000
0.015986
0.100341
0.487441
0.188241
0.626311
1.000000
0.015954
0.002789
0.643913
0.038712
0.714549
1.000000
0.015932
0.764614
0.956682
0.809864
1.000081
1.000000
0.015914
0.190474
0.721253
0.233756
0.782088
1.000000
0.015881
0.564700
0.219734
0.608171
0.284976
1.000000
0.015816
0.304841
0.544471
0.408215
0.691420
1.000000
0.015745
0.966609
0.691721
0.998657
0.752594
1.000000
0.015599
0.279093
0.611695
0.371672
0.756848
1.000000
0.015581
0.559327
0.150068
0.659181
0.298221
1.000000
0.015572
0.081530
0.041285
0.546733
0.683416
1.000000
0.015524
0.851196
0.906467
0.941012
1.007777
1.000000
0.015489
0.064762
0.647593
0.105113
0.710523
1.000000
0.015486
0.033519
0.604957
0.128332
0.746996
1.000000
0.015469
0.268561
0.754139
0.308735
0.813029
1.000000
0.015427
0.482358
0.310952
0.541835
0.395697
1.000000
0.015356
0.260316
0.579734
0.302106
0.642742
1.000000
0.015336
0.418121
0.954136
0.456952
0.996364
1.000000
0.015301
0.533179
0.246356
0.587744
0.323016
1.000000
0.015280
0.120852
0.556183
0.159730
0.619716
1.000000
0.015259
0.286316
0.881296
0.386758
0.995912
1.000000
0.015249
0.343835
0.955070
0.384356
0.997760
1.000000
0.015228
0.778146
0.797294
0.881001
0.947458
1.000000
0.015179
0.417032
0.005497
0.459462
0.053233
1.000000
0.015149
0.093963
0.646457
0.135045
0.708546
1.000000
0.015111
0.117758
0.207677
0.211167
0.348556
1.000000
0.015108
0.001991
0.247633
0.034392
0.313338
1.000000
0.015107
0.069641
0.187259
0.104116
0.243927
1.000000
0.015101
0.868257
0.953845
0.910927
0.999027
1.000000
0.015087
0.362954
0.156752
0.464595
0.288089
1.000000
0.015045
0.118386
0.323038
0.156168
0.381321
1.000000
0.014944
0.191089
0.888724
0.290083
1.001180
1.000000
0.014917
0.118473
0.615925
0.160621
0.678594
1.000000
0.014900
0.843614
0.744232
0.940082
0.890808
1.000000
0.014890
0.217538
0.957568
0.259904
0.999437
1.000000
0.014879
0.263860
0.516991
0.303333
0.578493
1.000000
0.014877
0.234320
0.573181
0.281648
0.643808
1.000000
0.014816
0.319839
0.752417
0.359978
0.812610
1.000000
0.014804
0.120594
0.520724
0.157581
0.581358
1.000000
0.014795
0.117278
0.354093
0.156633
0.415990
1.000000
0.014765
0.391624
0.005585
0.434185
0.052520
1.000000
0.014756
0.319238
0.157393
0.513630
0.444156
1.000000
0.014755
0.166760
0.690284
0.207153
0.746676
1.000000
0.014695
0.004420
0.133724
0.073896
0.273726
1.000000
0.014688
0.147221
0.464817
0.236647
0.602069
1.000000
0.014665
0.241100
0.693716
0.281761
0.751542
1.000000
0.014655
0.112580
0.954112
0.160329
1.000153
1.000000
0.014648
0.567700
0.953218
0.606365
0.995084
1.000000
0.014614
0.959975
0.178003
0.999941
0.252084
1.000000
0.014611
0.169402
0.522701
0.208555
0.583502
1.000000
0.014595
0.380752
0.584041
0.486394
0.752343
1.000000
0.014581
0.573656
0.299479
0.664412
0.453797
1.000000
0.014548
0.521285
0.340315
0.628262
0.521102
1.000000
0.014542
0.456558
0.335133
0.517510
0.420639
1.000000
0.014535
0.188430
0.759998
0.234443
0.824352
1.000000
0.014526
0.533955
0.015834
0.741668
0.308962
1.000000
0.014503
0.095969
0.249649
0.133684
0.307557
1.000000
0.014503
0.914892
0.951727
0.960268
0.999415
1.000000
0.014489
0.010580
0.154342
0.050996
0.215369
1.000000
0.014486
0.512517
0.019064
0.564512
0.090263
1.000000
0.014477
0.138586
0.587203
0.180048
0.647748
1.000000
0.014463
0.791511
0.908037
0.882143
1.009096
1.000000
0.014444
0.191453
0.649191
0.231401
0.707333
1.000000
0.014430
0.071324
0.209090
0.156945
0.343976
1.000000
0.014420
0.324096
0.213905
0.417164
0.339749
1.000000
0.014396
0.508807
0.117169
0.610665
0.253403
1.000000
0.014348
0.165073
0.722652
0.208823
0.782443
1.000000
0.014291
0.366130
0.324156
0.550518
0.632153
1.000000
0.014267
0.504966
0.337830
0.567232
0.424344
1.000000
0.014257
-0.000791
0.212896
0.058675
0.334830
1.000000
0.014235
0.114956
0.683605
0.160529
0.745567
1.000000
0.014183
0.294592
0.781046
0.387887
0.927332
1.000000
0.014173
0.287504
0.954564
0.331206
0.998337
1.000000
0.014093
0.213855
0.608397
0.258644
0.674196
1.000000
0.014058
0.068175
0.415688
0.159777
0.557592
1.000000
0.014031
0.523514
0.903421
0.605669
1.001559
1.000000
0.014016
0.205295
0.770725
0.306204
0.911957
1.000000
0.013971
0.613829
0.249392
0.656064
0.314194
1.000000
0.013918
0.492576
0.049720
0.540100
0.115666
1.000000
0.013911
0.967664
0.656155
0.999309
0.716091
1.000000
0.013909
0.160669
0.491230
0.352462
0.762798
1.000000
0.013896
0.003048
0.120778
0.035453
0.179377
1.000000
0.013886
0.266301
0.721991
0.306705
0.780983
1.000000
0.013804
0.966020
0.587467
0.997341
0.643409
1.000000
0.013796
0.095587
0.384227
0.136168
0.447867
1.000000
0.013789
0.194304
0.527395
0.236555
0.587877
1.000000
0.013760
0.003790
0.670940
0.086203
0.800573
1.000000
0.013714
0.264055
0.617854
0.304566
0.677571
1.000000
0.013652
0.422614
0.286382
0.465286
0.348544
1.000000
0.013649
0.239225
0.521643
0.284441
0.589019
1.000000
0.013645
0.270466
0.654831
0.308943
0.712036
1.000000
0.013643
0.582487
0.790840
0.768990
1.018958
1.000000
0.013642
0.296970
0.755205
0.335697
0.812531
1.000000
0.013593
0.938938
0.921108
0.989293
0.988571
1.000000
0.013586
0.832719
0.150670
0.942978
0.290412
1.000000
0.013578
0.001987
0.720573
0.037503
0.780987
1.000000
0.013555
0.614877
0.184787
0.657073
0.248115
1.000000
0.013547
0.537163
0.185535
0.585601
0.252582
1.000000
0.013543
0.094837
0.350597
0.181492
0.490643
1.000000
0.013534
0.666602
0.954193
0.709013
0.997386
1.000000
0.013491
0.012673
0.822067
0.055306
0.876144
1.000000
0.013461
0.165016
0.955852
0.209512
0.999283
1.000000
0.013442
0.612977
0.208642
0.706381
0.352576
1.000000
0.013392
0.118411
0.117725
0.157696
0.178412
1.000000
0.013391
0.296579
0.655372
0.335871
0.714827
1.000000
0.013349
0.246995
0.544466
0.440137
0.859630
1.000000
0.013347
0.588750
0.219422
0.631451
0.283264
1.000000
0.013323
0.579147
0.491637
0.681203
0.633756
1.000000
0.013315
0.098129
0.322066
0.134900
0.378886
1.000000
0.013297
0.095292
0.590038
0.134935
0.649489
1.000000
0.013245
0.011145
0.482679
0.095303
0.636229
1.000000
0.013236
0.069699
0.219209
0.105445
0.276960
1.000000
0.013193
0.211338
0.655285
0.304328
0.795505
1.000000
0.013184
0.189943
0.814263
0.232729
0.872756
1.000000
0.013164
0.921508
0.749630
0.962764
0.813231
1.000000
0.013155
0.297876
0.786809
0.333842
0.839705
1.000000
0.013152
0.519825
0.954838
0.557180
0.996347
1.000000
0.013139
0.621582
0.904899
0.706882
1.001839
1.000000
0.013125
0.438628
0.576770
0.488979
0.651799
1.000000
0.013122
0.462504
0.408613
0.520503
0.492029
1.000000
0.013095
0.788917
0.957012
0.834307
1.000654
1.000000
0.013080
0.002013
0.859936
0.035086
0.910147
1.000000
0.013073
0.215031
0.648328
0.256663
0.707705
1.000000
0.013056
0.414708
0.416792
0.458669
0.481287
1.000000
0.013021
0.269180
0.689973
0.307400
0.745466
1.000000
0.012968
0.368867
0.222950
0.409126
0.276729
1.000000
0.012961
0.136115
0.657119
0.230539
0.796836
1.000000
0.012906
0.236603
0.783739
0.278670
0.842051
1.000000
0.012891
0.320356
0.820279
0.359060
0.878012
1.000000
0.012886
0.639898
-0.014960
0.883149
0.232128
1.000000
0.012873
0.466395
0.067625
0.570666
0.203661
1.000000
0.012859
0.138498
0.645652
0.183107
0.706816
1.000000
0.012859
0.019641
0.747398
0.133065
0.870045
1.000000
0.012789
0.738289
0.957372
0.784222
1.000165
1.000000
0.012783
0.092230
0.190882
0.127592
0.244809
1.000000
0.012771
0.609293
0.317296
0.651207
0.384422
1.000000
0.012736
0.192162
0.957545
0.235210
1.000115
1.000000
0.012734
0.296580
0.722244
0.335308
0.780225
1.000000
0.012734
0.120205
0.487527
0.158158
0.546857
1.000000
0.012728
0.143757
0.554406
0.184117
0.618828
1.000000
0.012716
0.146328
0.792892
0.254316
0.945408
1.000000
0.012713
0.691460
0.956524
0.736312
0.999195
1.000000
0.012711
0.166534
0.489588
0.205696
0.548133
1.000000
0.012707
0.090478
0.687379
0.134212
0.747909
1.000000
0.012702
0.565768
0.877710
0.661880
0.994671
1.000000
0.012699
0.617658
0.955170
0.657529
0.997708
1.000000
0.012676
0.519234
0.540174
0.626875
0.694755
1.000000
0.012675
0.924245
0.164335
1.002439
0.300654
1.000000
0.012656
0.511096
0.489555
0.711820
0.793096
1.000000
0.012650
0.148857
0.521178
0.186641
0.579274
1.000000
0.012646
0.015322
0.787608
0.056959
0.839817
1.000000
0.012641
0.318810
0.554484
0.363433
0.622667
1.000000
0.012630
0.968479
0.623162
0.998382
0.676302
1.000000
0.012606
0.369961
0.193999
0.409773
0.247848
1.000000
0.012578
0.469673
0.956537
0.506547
0.997650
1.000000
0.012573
0.635585
0.524213
0.683849
0.592849
1.000000
0.012572
0.111247
0.725669
0.161313
0.788132
1.000000
0.012564
0.085331
0.922033
0.139194
0.986695
1.000000
0.012547
0.241417
0.650659
0.281142
0.707733
1.000000
0.012543
0.613731
0.115073
0.659520
0.181908
1.000000
0.012504
0.066392
0.686615
0.107785
0.746604
1.000000
0.012498
0.421424
0.344922
0.468928
0.414524
1.000000
0.012496
0.188454
0.818741
0.371952
1.029440
1.000000
0.012484
0.039648
0.754982
0.085445
0.810017
1.000000
0.012475
0.962143
0.381222
0.998585
0.452978
1.000000
0.012438
0.414932
0.515304
0.463488
0.588886
1.000000
0.012402
0.457994
0.220921
0.509926
0.290990
1.000000
0.012399
0.008210
0.823860
0.124684
0.954183
1.000000
0.012382
0.791422
0.205704
0.895014
0.334145
1.000000
0.012348
0.140399
0.688729
0.185519
0.748154
1.000000
0.012340
0.265633
0.214096
0.363646
0.345874
1.000000
0.012339
0.866511
0.781435
0.909853
0.847470
1.000000
0.012336
0.320477
0.785925
0.359390
0.844505
1.000000
0.012332
0.482529
0.367702
0.545881
0.458655
1.000000
0.012329
0.195316
0.580245
0.239881
0.649816
1.000000
0.012295
0.965600
0.880318
0.998657
0.944001
1.000000
0.012275
0.115174
0.855739
0.164077
0.915138
1.000000
0.012269
0.167213
0.250636
0.207434
0.307431
1.000000
0.012231
0.441181
0.191007
0.488506
0.255003
1.000000
0.012227
0.559123
0.366672
0.608367
0.446065
1.000000
0.012225
0.098016
0.285542
0.134332
0.340618
1.000000
0.012172
0.391051
0.221408
0.433704
0.278388
1.000000
0.012161
0.671292
0.697118
0.790064
0.848784
1.000000
0.012139
0.358416
0.550776
0.410781
0.627095
1.000000
0.012138
0.312351
0.106472
0.418853
0.243894
1.000000
0.012136
0.266429
0.134742
0.364741
0.269679
1.000000
0.012125
0.392818
0.954150
0.432750
0.997644
1.000000
0.012109
0.841572
0.957316
0.883530
1.000794
1.000000
0.012078
0.777191
0.742491
0.834453
0.819797
1.000000
0.012068
0.316291
0.685071
0.356090
0.745932
1.000000
0.012045
0.119445
0.185916
0.156826
0.243431
1.000000
0.012011
0.365091
0.505924
0.567101
0.837404
1.000000
0.011996
0.070617
0.282086
0.160547
0.427463
1.000000
0.011993
0.068607
0.783293
0.116274
0.837807
1.000000
0.011991
0.002248
0.519677
0.037263
0.591961
1.000000
0.011974
0.010792
0.281619
0.050943
0.348322
1.000000
0.011947
0.510026
0.078817
0.559819
0.143749
1.000000
0.011928
0.633962
0.054573
0.744420
0.215946
1.000000
0.011920
0.537525
0.072711
0.919615
0.598878
1.000000
0.011915
0.001839
0.315554
0.033226
0.378793
1.000000
0.011909
0.139225
0.725044
0.185666
0.786152
1.000000
0.011812
0.093743
0.452313
0.135390
0.516847
1.000000
0.011812
0.895524
0.755815
0.934942
0.815923
1.000000
0.011733
0.166417
0.121154
0.203482
0.178898
1.000000
0.011676
0.042468
0.280697
0.232262
0.601541
1.000000
0.011673
0.001128
0.385368
0.032989
0.448434
1.000000
0.011633
0.315187
0.670269
0.409950
0.832914
1.000000
0.011588
0.965300
0.555906
0.997066
0.612523
1.000000
0.011556
0.065369
0.725507
0.112741
0.786724
1.000000
0.011551
0.761163
0.153471
0.864551
0.280846
1.000000
0.011548
0.042240
0.133454
0.128558
0.279378
1.000000
0.011548
0.911625
0.179695
0.964293
0.254153
1.000000
0.011546
0.919676
0.692544
0.956904
0.749038
1.000000
0.011541
0.458875
0.277706
0.516344
0.358456
1.000000
0.011533
0.438657
0.370816
0.491793
0.448088
1.000000
0.011520
0.443095
0.438222
0.496957
0.520121
1.000000
0.011490
0.663682
0.137451
0.764933
0.275733
1.000000
0.011475
0.966675
0.489755
0.997508
0.546660
1.000000
0.011464
0.719945
0.191254
0.755852
0.242925
1.000000
0.011446
0.317382
0.614582
0.360834
0.680984
1.000000
0.011443
0.319262
0.854205
0.357827
0.910120
1.000000
0.011436
0.117878
0.284253
0.213912
0.431902
1.000000
0.011425
0.213985
0.133189
0.311604
0.272902
1.000000
0.011415
0.467260
0.081615
0.513834
0.141943
1.000000
0.011406
0.169145
0.184730
0.206187
0.240437
1.000000
0.011399
0.562999
0.118651
0.608042
0.183501
1.000000
0.011389
0.297157
0.582981
0.337540
0.643620
1.000000
0.011355
0.442457
0.956243
0.481406
0.998360
1.000000
0.011322
0.011306
0.482917
0.054358
0.555804
1.000000
0.011319
0.369014
0.885307
0.464265
0.997245
1.000000
0.011299
0.591295
0.002502
0.633425
0.050708
1.000000
0.011298
0.961889
0.319790
0.999139
0.391254
1.000000
0.011278
0.616889
0.739852
0.727117
0.894606
1.000000
0.011255
0.088015
0.815881
0.136458
0.875536
1.000000
0.011242
0.582425
0.336860
0.630605
0.412034
1.000000
0.011234
0.415998
0.122878
0.460161
0.181564
1.000000
0.011222
0.503143
0.404698
0.563580
0.494163
1.000000
0.011185
0.317899
0.463447
0.424349
0.618330
1.000000
0.011153
0.121477
0.149905
0.159564
0.206259
1.000000
0.011137
0.157867
0.128597
0.258099
0.278321
1.000000
0.011125
0.292311
0.518461
0.332050
0.578386
1.000000
0.011114
0.368563
0.654947
0.407714
0.713954
1.000000
0.011081
0.814892
0.190428
0.857718
0.244181
1.000000
0.011077
0.179368
0.027631
0.380616
0.389937
1.000000
0.011076
0.966414
0.523547
0.997414
0.579271
1.000000
0.011066
0.625731
0.538997
0.722571
0.676266
1.000000
0.011052
0.078782
0.138193
0.286560
0.474998
1.000000
0.011031
0.340957
0.523643
0.388082
0.593716
1.000000
0.011031
0.190131
0.209209
0.286856
0.346555
1.000000
0.011020
0.670664
0.186952
0.707811
0.243329
1.000000
0.011006
0.001840
0.452916
0.033814
0.516675
1.000000
0.011000
0.961612
0.049413
0.998523
0.112663
1.000000
0.010996
0.036936
0.642561
0.082654
0.710685
1.000000
0.010968
0.543871
0.953071
0.584326
0.996481
1.000000
0.010950
0.416245
0.191765
0.459688
0.249842
1.000000
0.010948
0.136190
0.812739
0.187710
0.876545
1.000000
0.010931
0.236063
0.465614
0.329202
0.597502
1.000000
0.010929
-0.000492
0.009301
0.121788
0.179624
1.000000
0.010928
0.380364
0.306711
0.484405
0.463556
1.000000
0.010919
0.341395
0.785711
0.378722
0.840233
1.000000
0.010906
0.140780
0.252008
0.181510
0.307740
1.000000
0.010879
0.961864
0.085572
0.999170
0.151587
1.000000
0.010878
0.269676
0.859623
0.307491
0.912722
1.000000
0.010867
0.559702
0.016617
0.604619
0.081524
1.000000
0.010824
0.914547
0.625794
0.996473
0.778168
1.000000
0.010800
0.641969
0.952687
0.687223
0.998865
1.000000
0.010792
0.297199
0.620237
0.337896
0.683089
1.000000
0.010788
0.693380
0.189340
0.730518
0.241952
1.000000
0.010788
0.094231
0.517555
0.133503
0.580508
1.000000
0.010770
0.070487
0.055222
0.163307
0.200347
1.000000
0.010768
0.813652
0.823929
0.860137
0.887775
1.000000
0.010744
0.341109
0.576025
0.388802
0.647409
1.000000
0.010738
0.117355
0.415717
0.159987
0.481320
1.000000
0.010729
0.720547
0.224993
0.756110
0.276811
1.000000
0.010696
0.369503
0.858990
0.401584
0.907460
1.000000
0.010682
0.909489
0.546661
0.989398
0.677073
1.000000
0.010679
-0.000338
0.881086
0.073246
0.979460
1.000000
0.010612
0.170731
0.223209
0.207591
0.276859
1.000000
0.010597
0.446350
0.645756
0.485232
0.702640
1.000000
0.010597
0.321621
0.225754
0.358165
0.277489
1.000000
0.010592
0.461743
0.463889
0.523505
0.551613
1.000000
0.010587
0.567140
0.779560
0.662874
0.923676
1.000000
0.010575
0.616696
0.003085
0.660992
0.052960
1.000000
0.010564
0.537960
0.117592
0.584559
0.181942
1.000000
0.010559
0.319397
0.152862
0.357096
0.205555
1.000000
0.010530
0.342612
0.725794
0.379573
0.781256
1.000000
0.010529
0.321021
0.188920
0.356735
0.241009
1.000000
0.010518
0.367552
0.410565
0.466347
0.559723
1.000000
0.010491
0.471643
0.599985
0.565412
0.740506
1.000000
0.010481
0.071113
0.589229
0.107415
0.648757
1.000000
0.010479
0.470508
0.871665
0.565759
0.992707
1.000000
0.010470
0.445190
0.047038
0.490397
0.108411
1.000000
0.010458
0.419335
0.225245
0.463485
0.285521
1.000000
0.010453
0.344404
0.191292
0.384552
0.244606
1.000000
0.010448
0.603298
0.609625
0.714150
0.763556
1.000000
0.010444
0.268730
0.821330
0.306904
0.875042
1.000000
0.010410
0.768746
0.661038
0.878866
0.804459
1.000000
0.010405
0.714333
0.716754
0.769218
0.796601
1.000000
0.010400
0.364933
0.053514
0.409258
0.114164
1.000000
0.010395
0.560696
0.514639
0.611340
0.587368
1.000000
0.010394
0.390033
0.580862
0.435782
0.646628
1.000000
0.010379
0.516083
0.584607
0.562114
0.652230
1.000000
0.010358
0.418700
0.786352
0.510254
0.929906
1.000000
0.010354
0.811207
0.750758
0.855576
0.814252
1.000000
0.010343
0.417119
0.381733
0.463951
0.449751
1.000000
0.010335
0.945968
0.841403
0.991864
0.912000
1.000000
0.010319
0.229010
0.380731
0.440846
0.680048
1.000000
0.010302
0.341561
0.653301
0.382145
0.711958
1.000000
0.010292
0.505188
0.278314
0.563237
0.361648
1.000000
0.010271
0.494866
0.955194
0.533263
0.997670
1.000000
0.010269
0.919324
0.818326
0.960591
0.880692
1.000000
0.010238
0.764268
0.847450
0.811907
0.910720
1.000000
0.010231
0.369177
0.825343
0.402079
0.874593
1.000000
0.010228
0.715770
0.775192
0.763644
0.846350
1.000000
0.010227
0.564578
0.679069
0.669941
0.832381
1.000000
0.010206
0.392169
0.656322
0.430465
0.713819
1.000000
0.010187
0.841554
0.923409
0.885659
0.981045
1.000000
0.010184
-0.004822
0.388721
0.058438
0.513581
1.000000
0.010182
0.891276
0.819024
0.932601
0.880975
1.000000
0.010182
0.618791
0.789427
0.656026
0.843847
1.000000
0.010171
0.013249
0.265109
0.102934
0.417190
1.000000
0.010139
0.297995
0.858360
0.335506
0.912437
1.000000
0.010134
0.640499
0.249234
0.680318
0.310129
1.000000
0.010120
0.514963
0.152352
0.561353
0.211166
1.000000
0.010118
0.486974
0.507126
0.541098
0.582090
1.000000
0.010106
0.520484
0.753416
0.614469
0.902306
1.000000
0.010090
0.345382
0.226010
0.387350
0.281562
1.000000
0.010062
0.418373
0.872087
0.511706
0.991207
1.000000
0.010039
0.239925
0.820238
0.279748
0.873837
1.000000
0.010028
0.166981
0.285990
0.207646
0.342719
1.000000
0.010025
0.591373
0.955333
0.631773
0.997822
1.000000
0.010019
0.887814
0.146709
0.939282
0.211296
1.000000
0.010011
0.220409
0.250245
0.257573
0.304114
1.000000
0.010010
0.193955
0.251440
0.231432
0.304633
