1.000000
0.072144
0.381486
0.455089
0.964697
0.948125
1.000000
0.069309
0.054979
0.390585
0.310427
1.099341
1.000000
0.067835
0.184125
0.075322
0.801656
0.631295
1.000000
0.048356
0.278702
0.628866
0.727252
0.989398
1.000000
0.039005
0.322205
0.100314
0.672654
0.846427
1.000000
0.037473
0.032397
0.283512
0.531772
1.104831
1.000000
0.033502
0.496547
0.465211
0.902770
0.742662
1.000000
0.030685
0.726147
0.395340
0.957389
0.841657
1.000000
0.022039
0.631577
0.708715
0.718270
0.830277
1.000000
0.021461
0.517314
0.599631
0.815381
0.974048
1.000000
0.020734
0.352785
0.290698
0.613633
1.086708
1.000000
0.018822
0.073914
0.643033
0.539342
1.029086
1.000000
0.016591
0.008231
0.696976
0.204742
1.005286
1.000000
0.011709
0.537270
0.549626
0.831513
0.690637
1.000000
0.010849
0.827663
-0.001052
0.988132
0.346611
1.000000
0.010071
0.768922
0.214466
0.976834
0.499404
2.000000
0.076026
0.381486
0.455089
0.964697
0.948125
2.000000
0.065013
0.768922
0.214466
0.976834
0.499404
2.000000
0.040440
0.728183
-0.012356
0.950249
0.285173
2.000000
0.034404
0.551802
0.444552
0.854686
0.736784
2.000000
0.027445
0.824975
-0.012811
0.992928
0.390778
2.000000
0.024226
0.411597
0.054132
0.968988
0.718744
2.000000
0.023973
0.723357
0.012833
0.831893
0.160544
2.000000
0.020923
0.678267
0.108801
0.976767
0.570093
2.000000
0.015172
0.179044
0.178256
0.556199
0.618337
2.000000
0.015070
0.588597
0.243503
0.756619
0.458715
2.000000
0.014534
0.674468
0.022268
0.815046
0.370467
2.000000
0.013094
0.220353
0.536950
0.426037
0.715400
2.000000
0.012028
0.691478
0.633098
0.828351
0.802782
2.000000
0.010652
0.250781
0.585879
0.861006
0.887056
2.000000
0.010533
0.351086
0.519009
0.560296
0.709910
2.000000
0.010347
0.883946
0.077375
0.993013
0.293808
2.000000
0.010089
0.801264
0.404647
0.980117
0.871747
3.000000
0.306272
0.566501
0.046036
0.814959
0.650363
3.000000
0.280501
0.168723
0.164495
0.563677
0.643155
3.000000
0.188180
0.674468
0.022268
0.815046
0.370467
3.000000
0.151284
0.732126
0.007353
0.823884
0.166346
3.000000
0.098660
0.551802
0.444552
0.854686
0.736784
3.000000
0.094857
0.201516
0.446834
0.497045
0.757840
3.000000
0.086274
0.456696
0.049060
0.969090
0.757039
3.000000
0.077148
0.728183
-0.012356
0.950249
0.285173
3.000000
0.072628
0.638442
0.014736
0.770028
0.472200
3.000000
0.071601
0.824975
-0.012811
0.992928
0.390778
3.000000
0.063256
0.622523
0.173745
0.734061
0.490657
3.000000
0.059074
0.381486
0.455089
0.964697
0.948125
3.000000
0.058645
0.352785
0.290698
0.613633
1.086708
3.000000
0.052538
0.360366
0.439805
0.536764
0.774543
3.000000
0.042916
0.317944
0.070890
0.673895
0.803974
3.000000
0.039812
0.691478
0.633098
0.828351
0.802782
3.000000
0.029758
0.220353
0.536950
0.426037
0.715400
3.000000
0.027514
0.727397
0.862853
0.768736
0.986306
3.000000
0.026848
0.378229
0.108200
0.578339
0.652679
3.000000
0.026520
0.532399
0.011160
0.920558
0.229458
3.000000
0.023747
0.250781
0.585879
0.861006
0.887056
3.000000
0.023452
0.537270
0.549626
0.831513
0.690637
3.000000
0.020055
0.573783
0.879966
0.710484
0.989364
3.000000
0.019163
0.582959
0.269948
0.791701
0.448343
3.000000
0.019041
0.771740
0.101310
0.994707
0.582276
3.000000
0.018435
0.488148
0.842099
0.542135
0.931015
3.000000
0.018144
0.601011
0.525124
0.788409
1.001163
3.000000
0.016734
0.681918
0.849207
0.782995
0.990782
3.000000
0.016538
0.611746
0.887854
0.675638
0.971005
3.000000
0.016352
0.271333
0.495386
0.663048
0.786626
3.000000
0.015998
0.054979
0.390585
0.310427
1.099341
3.000000
0.015232
0.793183
0.633418
0.864237
0.858055
3.000000
0.014903
0.398330
0.029170
0.593734
0.392802
3.000000
0.014207
0.432874
0.466907
0.476389
0.614987
3.000000
0.013252
0.724200
0.004682
0.786221
0.129186
3.000000
0.013249
0.783483
-0.003120
0.901769
0.159531
3.000000
0.012681
0.828704
0.406382
0.874877
0.470058
3.000000
0.012309
0.612886
0.296783
0.652729
0.437549
3.000000
0.012229
0.737012
0.632425
0.772001
0.715462
3.000000
0.011487
0.823152
0.478552
0.977728
0.998072
3.000000
0.010870
0.609264
0.727649
0.759811
0.957700
3.000000
0.010659
0.759426
0.557405
0.918860
0.982526
3.000000
0.010607
0.733264
0.755747
0.775227
0.884268
3.000000
0.010606
0.830100
0.882922
0.870695
0.988461
3.000000
0.010485
0.273244
0.009946
0.692308
0.246549
3.000000
0.010422
0.531167
0.500188
0.567740
0.620899
3.000000
0.010301
0.446524
0.858957
0.537906
0.935297
4.000000
0.082853
0.417312
0.807448
0.692870
0.970011
4.000000
0.060857
0.571381
0.788073
0.790723
0.922749
4.000000
0.046217
0.168723
0.164495
0.563677
0.643155
4.000000
0.032785
0.078731
0.669504
0.539357
1.012153
4.000000
0.030392
0.316092
0.672823
0.691736
0.982006
4.000000
0.028292
0.547092
0.634011
0.796175
0.963691
4.000000
0.016114
0.504457
0.058915
0.960509
0.520468
4.000000
0.016081
0.250781
0.585879
0.861006
0.887056
4.000000
0.015670
0.446297
0.865736
0.656105
0.989155
4.000000
0.012554
0.508062
0.564251
0.604482
0.824392
4.000000
0.012113
0.553112
0.717786
0.732548
0.895777
4.000000
0.011911
0.322205
0.100314
0.672654
0.846427
4.000000
0.010453
0.459697
0.931386
0.607280
0.994585
5.000000
0.213901
0.168723
0.164495
0.563677
0.643155
5.000000
0.143025
0.313319
0.225751
0.779893
1.037532
5.000000
0.088052
0.078731
0.669504
0.539357
1.012153
5.000000
0.052713
0.032397
0.283512
0.531772
1.104831
5.000000
0.029975
0.278702
0.628866
0.727252
0.989398
5.000000
0.024348
0.054979
0.390585
0.310427
1.099341
5.000000
0.019116
0.251866
0.062677
0.740277
0.739372
5.000000
0.010908
0.540181
0.238396
0.961689
0.998777
